0	1	2	3	4	5	6	7	8	9	10	11	12	13
1.5465529905233175	5.0669074917912225	5.108522686633283	1.5049377956816123	4.006610332953335	3.585086886557717	1.4367772749754923	7.74187805635197	0.22760398485397898	2.3648130682227038	4.446622036582961	4.189831838441291	1.3521355198355214	4.31136234509089
0.8294592593201235	5.284216879801663	4.673958835793063	1.4397173033280286	4.011831824809645	3.5623026562011693	6.679417289073564	3.3268644157508187	2.0115305728706305	0.5764887745650945	4.605105478668056	1.6726508336388346	1.1523071584192779	1.0892094606342826
0.47838354075274625	5.526024965551025	4.746982028095361	1.257426478208704	3.9719033130653494	3.418126430157862	6.992163581164668	3.0523189798661834	2.1669122916326895	0.3141988173572707	4.688265609250131	2.055032262851735	1.0003508983684455	0.8376858383540966
0.6302337344727492	5.38013381692616	4.600504881884041	1.4098626695150591	3.8538693862187072	3.4547027908477514	7.13549001125661	3.0135372569643146	2.084397817641227	0.08653997723914933	4.841462506093846	2.4623390042115076	1.5716195820987324	1.7490349328406714
0.669877907918461	5.3056145290702466	4.480439649785116	1.4950527872031332	3.7729618687851354	3.539318416151466	7.224829462419739	3.0149051076214386	1.9535969996226512	0.02828165819705768	4.900537648878264	3.090684714121581	1.6858855454784374	1.4412400326003976
0.8322284106631027	4.962534643046674	4.256274996352142	1.5384880573573663	3.6563431359210243	3.585494390593383	7.177651380035921	3.013409379258595	2.0957192008698478	0.10802629939120932	4.7737369117470845	2.8140278847179943	2.6320916924071347	1.790352417427454
0.6818166066948725	4.962534643046674	4.142544106579867	1.501807143160986	3.69632416994735	3.6299568360767664	7.043505203291262	2.893319468640985	2.189884343588038	0.106797301101232	4.558737291050782	2.809134578287143	2.9360837913987106	2.203818587141516
0.8263559306491265	4.6887179241425985	3.8886564112288986	1.6264174435625605	3.656169567023959	3.714916567987472	6.997318424359563	2.8157974725155333	2.3048544710805063	0.1594717291031878	4.421557394670455	2.9708161559300836	3.4361755708793664	2.088614840926257
0.710824478386252	4.664475888303464	3.7100167290392645	1.6652836376509519	3.6639094097348712	3.7187228004353474	6.856773997652874	2.663270841908362	2.3024820279953624	0.46885749679664923	4.2135788522583715	2.540908497800419	3.5790813744005914	2.1421400652912936
0.9779963311857072	4.304892289621146	3.4659356293459145	1.816952991460965	3.6638302148656843	3.7919674872823337	6.96594776466394	2.7805411906956974	2.162541507356112	0.27549711300788027	4.329853163169472	2.833800126642386	3.7740111275334116	2.672615690465457
1.0223499760867782	4.296307771151992	3.3868457251090556	1.9318120221293351	3.793805932678214	3.836715325592812	6.765570638424305	2.8189483303466933	2.5359788045853136	0.3515871480100054	4.3492245010057875	2.855953452969939	3.933592587044173	2.7583057625010827
1.0972617162914378	4.172592092027825	3.2226652266165816	2.047188581702445	3.9168242434753315	3.988568200413138	6.657799887799248	2.8600969551366413	2.5861810328365555	0.2711850505403567	3.870236855092855	0.5095125249783741	4.434268278198105	0.03756734804779256
1.495855410577878	4.0059647557690035	3.256077600451944	2.245742565895049	3.959274647089873	4.150757082755935	6.630592273416481	2.895771946044208	2.4435780157081552	0.2688380467310521	3.841924112130922	0.5896153882501176	4.631935551224025	0.34965524807019
2.694024497404798	3.7817133836022525	4.001784837974632	2.473953043032479	4.01428251775822	4.427210754166121	6.383640351420343	2.734072020545057	2.4556655725089502	0.34262848428755244	3.791915472150994	0.6368492611432235	4.729864704553826	3.4331960258634457
2.9213518447784383	3.7631199107352407	4.130315050490444	2.5541567050232685	4.100843698978526	4.504925217608465	6.264181177460421	2.7348448772045435	2.468823657357371	0.3024630470401975	3.733939396571597	0.8516072094113982	4.914691624882894	2.5447930946468733
3.5722892973008515	3.5845094238017845	4.441439380712757	2.7153593403898726	4.0221458107141945	4.504925217608465	6.229045990343378	2.6956281332106804	2.3248339874198267	0.34167979103338514	3.1367956033499627	2.3189507372226745	5.217561372654109	2.4157588509886727
4.274289113744436	3.469515029737401	4.820904048121144	2.9229000953606996	4.459046278044532	4.472440061699521	5.815526382704165	2.6525762872021854	2.009427334714829	0.34262848428755244	2.522407641745669	2.545699013126768	5.56745941837501	1.9073562106690374
4.558553676728955	3.375978731118312	5.018118802326759	2.916413605520628	4.465532767884782	4.394830353005447	5.815526382704165	2.7301859958962824	1.9731923427939344	0.30435718774549264	2.241711144150911	2.643575338440528	5.825635450415046	1.6451527204188257
4.7494570803859	3.316261510024412	5.10837747960853	2.9573411108017673	4.51075963762353	4.278847970959894	5.681773518223896	2.8069515603063016	2.0207908322543338	0.3053532291427323	2.267065014128509	2.665301605890042	5.842749238040084	1.589420205435553
4.986707918433858	3.473101411328247	5.323225416779821	3.136583912982174	4.4823691429447745	4.131147565214343	5.469365212827166	2.88471429633196	1.9731923427939344	0.26613641150558265	1.542676438275387	2.537871424134922	5.818362700115434	1.7550230631760797
4.986707918433858	3.5501977853197983	5.396292239898989	3.1406134638544736	4.492458772437838	4.0580807420950045	5.37303324966023	2.923931113967627	1.9341630242783734	0.26514037011112346	1.4505184004089184	2.4260185634132716	5.737642581701237	1.8432617752112899
5.443985759499942	3.461800328502122	5.666172724764597	3.239613363237421	4.502513820835908	3.9480324385419654	5.192318753396217	2.923931113967627	1.895774269208377	0.2655450927858418	0.7677047531045564	1.5681226683818488	5.787969256990791	1.441596068809623
5.473470726235994	3.5712324368824158	5.710956339104177	3.333746824014327	4.506505613098543	4.000635528975308	5.142545282621919	2.881354701291172	1.8574491646998925	0.2655450927858418	0.58021630896784	1.3798700074513572	5.771800099309644	1.3578280515034349
5.782754291730234	3.6730141143640163	5.984283802331245	3.4714846037631313	4.516407083612551	4.123970524050824	4.968706172126314	2.723533248294947	1.7735785314580768	0.2645970794219971	0.1963035847952436	0.9135629328908147	5.726345445264035	1.3125180772829401
6.018122865202588	3.6624271535667994	6.240139184609665	3.44041083415971	4.570021576869478	4.051668094400391	4.882696960662276	2.6847465015299425	1.7741506382990464	0.3029702895397514	0.2009154844480887	0.7376573796582712	5.703797407068823	1.2930300284388447
6.044620638177559	3.912851206640526	6.36338456802959	3.5940872767883243	4.497135965226922	3.9775394444490235	4.616251279373729	2.5255359624252653	1.7264662995451536	0.3029702895397514	1.2566454271399163	0.44047736810269483	5.405524078049818	0.8884916726651755
6.113555584014192	3.809243860577195	6.366183228811175	3.556616215780271	4.497135965226922	4.018171683393233	4.663999329786125	2.4474326624727194	1.6787182491328052	0.41839490865613216	1.1090663997546963	0.3930428414332151	5.291048786148423	0.4608030557120812
6.060984309204635	4.126387163262057	6.5609706273860935	3.6264008450804375	4.415561284471579	3.9036988439038	4.526518286523811	2.2874151114893895	1.5927156973715941	0.4961884094576455	2.7308349415435917	0.07271815282349832	5.287609847222395	0.36081093651337676
5.905677400890503	4.260011491462989	6.565223289847087	3.6004656025064077	4.509779184744173	3.8716180502427635	4.392344604099012	2.284284773227686	1.5567689595697458	0.45627521392021736	2.923699439354947	0.046934265646380376	5.193950993231463	0.4445717504575418
6.119050929865453	4.38414233416707	6.7235987983938506	3.7795944656386764	4.288558988990053	3.761646030039337	4.300822300940768	2.2054568332470206	1.4711054074100594	0.49458074284394854	3.5075117927147828	0.01628684911738558	5.066367429023834	0.15055303018959326
6.157550370235983	4.2911249208244415	6.707562703043346	3.741112588017089	4.4265938635843645	3.7655347475073833	4.162787426346463	2.163086238157265	1.555803643407488	0.4557468232323119	3.7611837409004125	0.13154620141732626	4.99080934591798	0.3027470194932749
6.381428965758443	4.276988850035211	6.796251329809821	3.8621664859838183	4.29717949973323	3.6089720163758243	3.8917145763612555	2.2049348168765324	1.6418751762644197	0.37709919263391506	4.439156610889954	0.33851145496635043	4.584312819282308	0.30416147136391336
6.386564729705866	4.227472548103884	6.784444576091966	3.8295927017176337	4.391432139880036	3.570853381782088	3.7522442813754107	2.1652620123651642	1.7388118706364435	0.29958545178095264	4.5484379503748595	0.2666312881346976	4.481130606737485	0.2718163168474766
6.425830418102912	4.213844333975124	6.772100813099965	3.8675739389782033	4.25862179075297	3.373007799567692	3.6502523901365915	2.1281889098609335	1.700714189023631	0.29958545178095264	5.09341413366859	0.04982264443080543	4.45330375796958	0.06171054074054143
6.354574834740513	4.2093887407371176	6.692910991487861	3.8710525839897274	4.309911948856533	3.3782759108512006	3.6034178252707694	2.130855036827087	1.7369207352240523	0.3374964218022766	5.146214727320637	0.03918970939659362	4.321584612677457	0.24395571108107605
6.621308740422657	4.224279272647299	6.903435115957434	3.942152897112461	4.0369812373386855	3.1057890801331864	3.463360802774425	1.9743189399647607	1.6889468839799784	0.37665807724867345	5.722371616845053	0.10348561043017636	4.3841602321799105	0.6892948868587411
6.66336941550563	4.113686581261667	6.780131072369126	3.9969249243981237	3.9420632144731047	3.1057783619001103	3.549402432035093	1.9341836626174205	1.602905254719157	0.2993513405488272	5.626594650953485	0.2669356495962081	4.356108092514231	0.8049465850241893
6.851085239324043	4.1936844177990915	6.872716854610841	4.172052802512442	3.706955349972732	2.9844953605281983	3.4076495079448073	1.8537337535132954	1.602905254719157	0.2614383877026553	5.717051278305063	0.12386379298078017	3.938263299907345	1.1502953771637205
6.841072418742953	4.093918805538522	6.851071432791907	4.083919791489326	3.7543458076441545	2.896362349505153	3.3602590502734615	1.8537337535132954	1.602905254719157	0.22286074471296147	5.6730324193765025	0.23364222582432206	3.7516071498258676	1.1195666828802182
6.841072418742953	4.093918805538522	6.851071432791907	4.083919791489326	3.706955349972732	2.896362349505153	3.4076495079448073	1.8537337535132954	1.63905054170485	0.18433415755415072	5.67523095717484	0.2510822661944358	3.801470826165853	1.1863364835354446
6.86276289867643	4.277438186245032	6.926153926408387	4.214047158513098	3.5154015865674153	2.775469258418098	3.2652683728702474	1.810359339799627	1.6875743518867747	0.14479413089566637	5.975447228600457	0.12467854023498418	3.524509860024191	1.5352683285637563
7.139361298585674	4.258265886622878	7.085289259552462	4.312337925656036	3.3197429733078287	2.5680947119112676	3.036441453958903	1.8087856378752203	1.7255783673897798	0.027076031987783213	5.9122270274382265	0.03707685862651747	3.121804330547483	1.5727166456473898
7.098328791277038	4.255766515028171	7.0345255330491305	4.319569773256143	3.318947965420124	2.6077067586578404	2.9405222722733173	1.7674314839771663	1.737489013645141	0.05105126415610366	5.9184982724341335	0.09980220558068766	3.078810370208135	1.6219601768731788
6.969492141717163	4.355988148576888	6.976854745057846	4.348625545236054	3.2193963465791446	2.563274019524826	2.8445475046200137	1.6061801413249845	1.7250921709656064	0.01183779687510978	6.05406033512679	0.031239775924297695	2.8009122636026587	1.7153706888245914
6.945783997381333	4.402661619621184	6.943354150923331	4.405091466079193	3.217396733924562	2.5622831851307235	2.748289971521087	1.5653797508089549	1.7250921709656064	0.01183779687510978	6.006832826359618	0.02583983778828892	2.6506598136571613	1.8024729066063965
6.8145272689365886	4.604639282524005	6.962393127698373	4.456773423762216	3.112412547179716	2.4367914132228887	2.5549237883774114	1.5237730371548908	1.7611763253778	0.05298304848497537	5.9685645354421295	0.23676681268263003	2.3990684461232212	1.5816659295896827
6.828327707986013	4.552642930705083	6.918632814094279	4.462337824596844	3.112412547179716	2.4423558140575925	2.5549237883774114	1.524374187823363	1.712731886813124	0.05358419914162757	5.974781570225627	0.3098773913251795	2.353296866108509	1.4957692048765658
6.85602838851826	4.499848292266816	6.96405504677861	4.391821634006264	2.9281183016768395	2.4837410384085303	2.6876976766419816	1.5209707843773772	1.712731886813124	0.09802273988729007	5.870466574549208	0.4213439649363961	2.196608707457471	1.8578544603272131
6.835208021670932	4.509088135184364	6.959788488446233	4.384507668408912	2.978043125315808	2.5677598621643893	2.6876976766419816	1.5197047630808205	1.712731886813124	0.02212475527783949	5.87141785450323	0.3829996652273572	2.033460733810882	1.736653933277481
6.863164797006332	4.554395536847109	7.011072715723823	4.406487618129743	2.876483965982258	2.5643077639173897	2.6392295932368484	1.6371206787140642	1.6643484084894509	0.03180534356127024	5.766698013427121	0.49455272347746043	1.9814235863732221	1.8835565409619173
6.817880991958607	4.561185927053118	6.972579300882233	4.406487618129743	2.925023539446434	2.5631878380729463	2.590690019772482	1.6787697189514312	1.6643484084894509	0.044936383306563576	5.831701790235693	0.4818746523056148	1.9343223998455628	1.8323850549489467
6.740669483691453	4.711973537328704	7.024061235705312	4.428581785315	2.7742359291710885	2.6864841038815768	2.590690019772482	1.7922532546886558	1.6282279019630843	0.1532245291189832	5.890024333685019	0.6285291746144479	1.9926449432950362	2.0001255185190936
6.681247607804802	4.821827558556155	7.067103260017382	4.435971906343368	2.8145832679046703	2.643442079569369	2.499910535698603	1.8743688175534523	1.6282279019630843	0.22853946246747017	5.949446209571869	0.6977249372837655	1.833954680452651	2.0693212811887305
6.642529147200266	4.922947081580199	7.201277504244432	4.364198724535975	2.7687328053853415	2.8085557931360636	2.4926790889514057	1.823214704549966	1.628591879559732	0.4655013790082932	6.00787809597502	0.7709489093401058	1.9453793363807739	2.2018784351971
6.642529147200266	4.973634732182436	7.201277504244432	4.414886375138117	2.718045154782865	2.8085557931360636	2.530683104454254	1.9062272387624914	1.590587864056816	0.46086497653099945	6.00787809597502	0.8053930265711831	1.8392975539944882	2.272256213626838
6.603735303427198	5.075266493315772	7.341033820069267	4.3379679766736565	2.6164133936494784	2.928898000272839	2.530683104454254	1.8968041501249786	1.6266902575524393	0.7386835038866504	6.00787809597502	0.8441868703441501	1.8392975539944882	2.3212092264071584
6.65634020622024	5.073605973521078	7.341033820069267	4.3889123596721795	2.663193775008381	3.0147972153558977	2.43295834009725	1.8948208052739823	1.6266902575524393	0.7789882935901424	5.960119918138198	0.8441868703441501	1.7922125169561736	2.370100789621046
6.65634020622024	5.124636206316545	7.428370277260293	4.352606135276538	2.6611339083034995	3.142687375857839	2.3839879740067396	2.0140764491935026	1.6266902575524393	0.9322118732506915	6.018780785615619	0.8785697322324286	1.7976902571901268	2.514761413327488
6.65634020622024	5.175752424934676	7.428370277260293	4.403722353894579	2.7011644541963453	3.185989477492543	2.2928412094953914	2.009686517467819	1.6266902575524393	0.9305584189506977	6.077551797032381	0.8276323149442765	1.804628208292685	2.5610180861713663
6.65634020622024	5.175752424934676	7.47642717789692	4.355665453257994	2.7922889525836045	3.311786694673359	2.2017167111084026	2.126190708467097	1.6266902575524393	1.0942300101701645	6.077551797032381	0.8276323149442765	1.6996173132727066	2.6219265362117943
6.65634020622024	5.175752424934676	7.520212346850542	4.311880284304437	2.841453212107668	3.3542129108652015	2.1525524515844032	2.1214005756913106	1.6266902575524393	1.134799984019084	6.077551797032381	0.7423239436419266	1.6462470578540183	2.6332880146018907
6.709054461181842	5.174240510350639	7.564070981392106	4.319223990140283	2.839487217185998	3.266730409302457	2.103316106128516	2.1650244427125624	1.6266902575524393	1.0922927853346767	6.02483754207084	0.7423239436419266	1.6462470578540183	2.6815318024577555
6.653342309584417	5.276904099669172	7.644306889019541	4.28593952023408	2.8206034113373257	3.3920645625256713	2.019536322658633	2.1953320796625873	1.6266902575524393	1.2160568885700453	6.083718883912769	0.6964179501032197	1.7051283996958384	2.7242810282911396
6.653342309584417	5.428068957967278	7.644306889019541	4.4371043785322275	2.760493539851831	3.436011435527125	1.9284813358461457	2.151385206661311	1.6266902575524393	1.252851775631621	6.142710742434153	0.6964179501032197	1.6590223506307853	2.736176894495016
6.653342309584417	5.428068957967278	7.732553085735664	4.34885818181606	2.8098383729680867	3.522436194015675	1.8791365027300069	2.1445009033989066	1.6266902575524393	1.5032750651865414	6.142710742434153	0.5950443422483302	1.605462733024052	2.8623092106190375
6.622614893669428	5.532412137499758	7.846728337722065	4.308298693447047	2.807626198334078	3.51872446962541	1.8297197527930842	2.2192687543308485	1.6266902575524393	1.6374407861574378	6.195424997395598	0.42145505228122526	1.5539315171126429	2.8899080018671572
6.6087089789494184	5.585017040292899	7.841187272466652	4.352538746775633	2.807626198334078	3.6517034998764535	1.8297197527930842	2.212131024018189	1.6266902575524393	1.5922834274793627	6.248029900188779	0.3323439094320846	1.5539315171126429	2.970882878705134
6.594837243761674	5.637512842418291	7.924051392732878	4.308298693447047	2.807626198334078	3.6942899285554915	1.8297197527930842	2.1686675842048504	1.6266902575524393	1.6726628423262486	6.241533843792798	0.24336863153745514	1.443504774316802	3.0518024704927527
6.594837243761674	5.637512842418291	7.924051392732878	4.308298693447047	2.8571149487460903	3.6942899285554915	1.7802310023812595	2.125304542010782	1.6266902575524393	1.7086440053775445	6.241533843792798	0.15834773677733097	1.443504774316802	3.014107631554693
6.564078900570078	5.689899795067387	7.945680002190275	4.308298693447047	2.8571149487460903	3.738820557094755	1.7322084335765693	2.080773913471579	1.7107542595727352	1.6650049114372376	6.23503945460005	0.036275285493620864	1.3868326726507916	3.0918729855806
6.602507072795821	5.689899795067387	7.98410817441608	4.308298693447047	2.8649548330012173	3.783417020332568	1.7243685493212826	2.0744085104644427	1.7107542595727352	1.6267738512068821	6.23503945460005	0.002152887043539977	1.389033846108768	3.0918729855806
6.626862797299754	5.742178149118723	8.108622529743991	4.26041841667451	2.9563087846816445	3.7778225150847287	1.6330145976404271	2.070296022533613	1.7107542595727352	1.6248783579768795	6.111335019508136	0.12891745167990948	1.2664037771146255	3.162239486459593
6.651031714018318	5.794348155135291	8.184961452479085	4.26041841667451	2.9563087846816445	3.7778225150847287	1.6330145976404271	2.0270053413238296	1.7107542595727352	1.6245953832584363	6.163505025524624	0.17045721787123902	1.2664037771146255	3.186681240335497
6.623060944786288	5.946426448063231	8.308812974228335	4.260674418621385	2.949882524759224	3.685423228031289	1.5913785332177055	2.071598305978744	1.7107542595727352	1.6245953832584363	6.092526136365614	0.24650241722168417	1.0935029729064072	3.186681240335497
6.6091273818666245	5.94665018046828	8.302474265647815	4.25330329668717	2.9934617300561652	3.7296748357775615	1.5994220576017073	2.1148889871887833	1.7107542595727352	1.5377861635356513	6.086259645707419	0.28441531638790185	1.035390020162773	3.139474416200245
6.615675138780301	5.946853031574594	8.31658324574374	4.245944924611027	3.0449979920329255	3.773852725678462	1.5514631247031108	2.1148889871887833	1.7587131924712682	1.5377861635356513	6.022099726869081	0.342702186384584	1.025713592251189	3.139474416200245
6.639271873333048	5.99848504459369	8.347707689603943	4.2900492283227525	2.995462390901348	3.817957029390306	1.6009987258347265	2.1582373479595764	1.7587131924712682	1.537956341277636	6.015945284648413	0.4179309339572126	1.0208964429617169	3.1027160621020613
6.662687558544035	6.050010206153234	8.42632721920851	4.2863705454887056	3.03698000881888	3.7697511091919647	1.5594811079169086	2.20276458532388	1.7587131924712682	1.5741891835323918	5.894761063247895	0.4928717807268746	0.9538424922835309	3.029380856840816
6.700050455203146	6.050010206153234	8.463690115867587	4.2863705454887056	3.03698000881888	3.7697511091919647	1.5594811079169086	2.2461706912846715	1.7587131924712682	1.5307830775720186	5.891200268358452	0.5302346773862806	1.055560640908089	2.945598230578444
6.760292562934796	6.101428764521301	8.531387262811075	4.3303340646450685	3.03698000881888	3.813714628348173	1.5694209803593973	2.289634607973482	1.7487733200285787	1.4873191608827332	5.885379444913693	0.6418953434867077	1.1032250154989203	2.945598230578444
6.783065844763679	6.152740967626524	8.605472747745049	4.3303340646450685	3.078425970170873	3.7692530267311186	1.5279750190074957	2.334096209590491	1.7487733200285787	1.53088259320614	5.825753452763758	0.7159808284197734	1.044598410269313	2.90909693959455
6.723710909558753	6.212095902831386	8.605472747745049	4.3303340646450685	3.0865028697325707	3.7692530267311186	1.5198981194458507	2.3776180024551525	1.7487733200285787	1.4873608003418328	5.828077162047567	0.7159808284197734	0.987567184348238	2.90909693959455
6.709457307075497	6.211836347906439	8.60232003681809	4.318973618163854	3.2289675719374706	3.8515729097447435	1.428883345399074	2.335387601118737	1.6521034703362836	1.5309793074858231	5.879267535280702	0.752917599169459	1.0919106024178031	2.9562868604227814
6.746323658378127	6.208472664278295	8.595435578675723	4.359360743980563	3.2736797538032394	3.8953237191895966	1.387534847161517	2.297244398121849	1.6521034703362836	1.5691225104823556	5.933079861020142	0.7897839504724686	1.145722928156938	2.9198300181116617
6.717782841235842	6.31053560826412	8.67281300932928	4.355505440170631	3.232331255565719	3.847075627267493	1.4388531215709095	2.379780389230741	1.6904382246823344	1.5309793074858231	6.035142805005912	0.9133530673394522	1.3015410945345998	2.8697830280880097
6.754438957021262	6.31053560826412	8.70946912511474	4.355505440170631	3.2736797538032394	3.8892439514364177	1.4456211717684821	2.381191799456403	1.73911314901785	1.4873995730909306	5.97822471512487	0.9500091831247053	1.2963771892669504	2.9168973368447797
6.675238515780224	6.411567240054898	8.786415366240506	4.300390389594635	3.374591869813806	3.8831831360297313	1.4441616064205145	2.383409557516616	1.7034148880290447	1.4873995730909306	6.0737169710821615	0.9883513672448715	1.3427973614831512	2.9987127501888327
6.661127935885461	6.458864586539957	8.779316818989466	4.340675703436115	3.4275642457059203	3.9687704737148533	1.3944498696740404	2.3413681728182127	1.7034148880290447	1.4873995730909306	6.013740454809784	1.0747625338171407	1.3351263842056227	2.9957435587547465
6.633012601140891	6.508572090179719	8.765128094207109	4.376456597113458	3.5782979927064638	4.011394011750575	1.3532938071821439	2.385620639964851	1.6934988114942822	1.4873995730909306	6.0579392402649015	1.1127269029290743	1.278522554516515	2.9940231321937554
6.605037846019831	6.608958534410188	8.841567464552359	4.3724289158777765	3.7282950460090727	4.007366330514759	1.300138144054675	2.385620639964851	1.5966574213191322	1.5235567425689311	6.045436958879802	1.165709883103561	1.1656338289008346	3.0603713720445023
6.591102990501426	6.60798653369631	8.83440522184221	4.364684302355473	3.779304817310835	4.006443870034778	1.300138144054675	2.429808258224329	1.5966574213191322	1.5235567425689311	6.095474729467687	1.1672483273817638	1.2169279927432202	3.05853688492441
6.567878003957705	6.667246037358123	8.870439738960204	4.364684302355473	3.8294479123208625	4.006443870034778	1.249995049044787	2.4678856890300978	1.5966574213191322	1.485479311763235	6.044493453552443	1.2032828444995538	1.1066872131669439	3.05853688492441
6.608229642977581	6.615398676875767	8.874391825801371	4.349236494052031	3.931211966280006	4.134743297023975	1.2985123662626463	2.425902507696432	1.5967676977641863	1.485479311763235	6.094410147029163	1.3087777434395085	1.1066872131669439	3.0433103184814345
6.679900219817913	6.615398676875767	8.903011059620844	4.392287837072907	4.0728525138691865	4.133674991432443	1.2160437060385318	2.4700221563090623	1.64787357221725	1.485479311763235	6.038226400042494	1.3459813191089927	1.1017061152067258	3.124622046301916
6.6300867334186595	6.614457614401759	8.860030733205775	4.384513614614639	4.173952179250386	4.176655317847406	1.214425722306178	2.4700221563090623	1.6969910154354386	1.5215814496089866	6.088039886441883	1.3115740358883263	1.1017061152067258	3.159029329522764
6.665820288779128	6.614457614401759	8.852854851432939	4.427423051748038	4.224369552655731	4.261486582281319	1.3595654679835527	2.428100329008476	1.697861325753328	1.5215814496089866	6.088039886441883	1.3625640892274253	1.1017061152067258	3.1905581006087935
6.665820288779128	6.614457614401759	8.852854851432939	4.427423051748038	4.224369552655731	4.261486582281319	1.4086171852851694	2.466119851698163	1.7473931609178672	1.4835619269194198	6.088039886441883	1.3625640892274253	1.1017061152067258	3.1905581006087935
6.665820288779128	6.563787873305399	8.852854851432939	4.376753310651646	4.335013143894355	4.217434694773827	1.583390393765422	2.5101717392055445	1.9094538612270586	1.4474597890738492	6.088039886441883	1.3625640892274253	1.1017061152067258	3.226987300371478
6.647300227704922	6.563787873305399	8.834334790358705	4.376753310651646	4.3856630733151425	4.217434694773827	1.6315261932061766	2.5101717392055445	1.9104901237556435	1.4474597890738492	6.088039886441883	1.3440440281532426	1.0505034661803663	3.2634760230398716
6.647300227704922	6.563787873305399	8.834334790358705	4.376753310651646	4.4460767273915245	4.175509671148234	1.7575153935219316	2.552096762831059	2.161296919324939	1.4474597890738492	6.033974278954488	1.3935887966509826	0.9964378586929664	3.2870877341151936
6.682927823740657	6.563787873305399	8.869962386394484	4.376753310651646	4.496960733476831	4.21956475498073	1.7563001480033658	2.508041678998716	2.2126513015328655	1.4474597890738492	6.033974278954488	1.4636086792145704	0.9451436948496109	3.2893634377192127
6.682927823740657	6.563787873305399	8.917209331586678	4.329506365459455	4.496960733476831	4.172317809788638	1.9432940237982284	2.551663496692425	2.1974240923781627	1.4475011358036014	6.090162109550513	1.4980604874932495	0.9502207183655841	3.3752570914640008
6.732741310139977	6.5139743869061135	8.917209331586678	4.329506365459455	4.547917838129806	4.170187749581651	1.9797594939803063	2.553793556899365	2.1606852180668352	1.4475011358036014	6.040348623151146	1.5475900327534922	0.8992014243486262	3.362590435252059
6.732741310139977	6.561845762060618	8.917209331586678	4.377377740613992	4.5000464629753445	4.170187749581651	2.0297176690285847	2.553793556899365	2.1458573305495494	1.4475011358036014	6.040348623151146	1.5821235266373446	0.8992014243486262	3.328056941368342
6.732741310139977	6.561845762060618	8.917209331586678	4.377377740613992	4.5000464629753445	4.170187749581651	2.16721800925392	2.553793556899365	2.2815052889807883	1.4475011358036014	6.040348623151146	1.616716767899482	0.8992014243486262	3.367370457325448
6.732741310139977	6.511265350589267	8.917209331586678	4.326797329142763	4.601657154511446	4.170187749581651	2.203625613145741	2.553793556899365	2.2798161989638652	1.4038379713799243	6.040348623151146	1.616716767899482	0.8992014243486262	3.367370457325448
6.732741310139977	6.511265350589267	8.917209331586678	4.326797329142763	4.601657154511446	4.170187749581651	2.441897932400897	2.553793556899365	2.382855660600986	1.4038379713799243	6.040348623151146	1.6860830124486723	0.8992014243486262	3.4465449337305456
6.836814935805829	6.461348657112563	8.97136626377583	4.326797329142763	4.601657154511446	4.170187749581651	2.5798585874265756	2.553793556899365	2.3475726289448997	1.4038379713799243	6.046725996885737	1.7750132085576151	0.9554954915603807	3.449059038953206
6.791855740919312	6.470709337653134	8.935767749429719	4.326797329142763	4.601657154511446	4.170187749581651	3.0085667883574474	2.553793556899365	2.1077730130148162	1.4038379713799243	6.11248717384244	1.8091421589863586	1.0118959879763256	3.491560828068799
6.791855740919312	6.470709337653134	8.935767749429719	4.326797329142763	4.601657154511446	4.214239637089197	3.110525292232338	2.5097416693918584	2.0401799548677464	1.4038379713799243	6.168994291956767	1.844096622124843	1.0174751602691248	3.5317330106020486
6.906820654178458	6.320078471589365	8.943018059452806	4.283881066314991	4.601657154511446	4.21543972251807	3.337083446108671	2.5093050128100525	2.002731351113209	1.3601582797049532	6.129020373204718	1.8785217148783473	1.0767482276596343	3.5747950316307593
6.972030184105862	6.269715797772754	8.950271561177807	4.291474420700918	4.551076743040222	4.172452665432735	3.4247565749401634	2.5093050128100525	1.9667835507576723	1.3601582797049532	6.082013517623436	1.9131229110365928	1.0792092336216201	3.580205785446939
7.088432217116928	6.117512442335639	8.914470238751761	4.291474420700918	4.602180275118171	4.258484046683778	3.4762606559158247	2.4232736315588093	1.9323896339726385	1.3240011102268718	6.043337704859215	1.9832829848955054	0.986931221412897	3.6264840299495984
7.152159114035016	5.964356630230369	8.868099301710199	4.248416442555207	4.653357135564357	4.259668006947469	3.564239584003712	2.3410282577095787	1.8789560572568744	1.3620045456667798	5.94710598518852	2.0359988342756563	0.7837320113370543	3.6847102393405198
7.131127814233233	5.9130918684360125	8.748536103432246	4.2956835792368615	4.653357135564357	4.3512417048553065	3.615748364307045	2.296721696483264	1.8274472769532657	1.3620045456667798	6.063810644570328	1.9494305566592858	0.8470049339366598	3.8230986207470083
7.140143067979492	5.8122085096427245	8.689431329225734	4.26292024839644	4.65105448566965	4.353732804397715	3.7038628089425196	2.164226566516466	1.7737515907043304	1.4056923304358793	6.0814151241181245	1.9113934287866845	0.9139774616312216	3.831769418055048
7.173467469243766	5.811354406303264	8.714327295037112	4.270494580509897	4.6002149957768355	4.396735062547734	3.755543422253191	2.034329338737635	1.8076864789842384	1.4493221422853517	6.087283895759365	1.9789924133914696	0.9188659183901327	3.7846134800242273
7.115138778778885	5.861487310227492	8.690942197178797	4.285683891827411	4.549604405658424	4.312789521394285	3.7920039734626125	2.0695493785304344	1.7199021825251584	1.3676841124518564	6.150931489588533	1.977062778464821	0.8226836326093202	3.9106320480793397
7.148249421021099	5.911853483811034	8.668246616818605	4.391856288013753	4.447328709575767	4.316686221498	3.7920039734626125	2.0695493785304344	1.771739890050568	1.324120680128296	6.156909001819796	1.9944569739925946	0.7767375838203324	3.960861151526871
7.193525058870289	5.8580919557136415	8.644306651603488	4.407310362980492	4.396107891408311	4.274153180174555	3.77658015192244	2.02491837547332	1.7694903509284017	1.280612268652684	6.291597218944421	1.9421175712712433	0.9078263791185529	4.099438008288648
7.223897058965881	5.80473155120931	8.657333560189512	4.371295049985718	4.344670091415023	4.1867000671865116	3.77658015192244	2.02491837547332	1.7694903509284017	1.280612268652684	6.303991559481091	1.9406082876669535	0.9178940103443763	4.066184716554737
7.318170601807822	5.695643250886362	8.575432064872658	4.438381787821681	4.200279755117411	4.098956854729878	3.7661405379274084	2.02491837547332	1.821362020477389	1.157497356880034	6.27577867891144	1.8808199588518526	1.0460952377909325	4.10834350819592
7.348986459337097	5.641084089647424	8.587940497761105	4.402130051223267	4.107391965719847	4.055618667126506	3.8072457197290825	1.980222218882861	1.821362020477389	1.157497356880034	6.287952692946714	1.878853925256613	1.0026410050417114	4.074830478597012
7.404036508334012	5.4752442747147745	8.498229408331259	4.381051374717463	4.054755703832519	3.9234338460610285	3.7399230188347166	1.935460820503877	1.7854534403199953	1.157497356880034	6.377899340028329	1.7230226729217242	1.305837303075204	4.1248552451430855
7.473782705615119	5.471453699818004	8.548752864839129	4.396483540594014	4.05393756052432	3.8793466280026165	3.688133371064006	1.8906340921422613	1.7337151191028002	1.157497356880034	6.443334464638068	1.7083344493934987	1.3705677904909992	4.1819782017720515
7.589446766524676	5.511559346001191	8.649042223619688	4.451963888906113	3.9538895761456496	3.87967113841181	3.688133371064006	1.84574194566696	1.7337151191028002	1.157497356880034	6.443683484650485	1.8012388590979735	1.3803465341030092	4.185308518484065
7.739840664533841	5.181800266992429	8.598911736278483	4.322729195247606	3.9533820306916585	3.743011121214339	3.6880610508820575	1.8007842930094904	1.681912008542497	1.114143843773348	6.41778108533328	1.681433424767896	1.5726250735610077	4.236090030153927
7.926379398018404	5.061400370043391	8.604891063253303	4.382888704808432	3.9523282402528097	3.7431659590200566	3.5840869227240097	1.7557610461676143	1.681912008542497	1.0778161705502947	6.25330438573425	1.755082062332348	1.5237866100268689	4.16440205522719
8.081727566364354	4.929817365133575	8.595413266146949	4.4161316653510845	3.6936252668863343	3.7438091684710137	3.5840869227240097	1.5296578238931013	1.7338446721574832	1.0778161705502947	6.3456981052970525	1.823183299008595	2.006466307865817	4.190609815783265
8.158406101962244	4.919775902541544	8.60130449227009	4.476877512233699	3.691835228908036	3.743911320763942	3.4798146099825034	1.484239167762509	1.7338446721574832	1.0778161705502947	6.229594291984919	1.8219410392112152	1.8410555976363379	4.104856082918975
8.299975700200939	4.733798913101478	8.4938725171314	4.539902096171018	3.5902002579848014	3.6985376377201575	3.4275664495605036	1.4387543033986925	1.7338446721574832	1.0414335027127268	6.325024011436634	1.8928397024781283	2.0041231555204906	4.174935489339149
8.277171351346281	4.7300698584567575	8.459551779258193	4.547689430544734	3.589193547979798	3.6567942853198883	3.375243521761989	1.4729170655369752	1.7338446721574832	1.090272988913605	6.2679653189881455	1.980394542453034	1.8366942844864134	4.049466277459828
8.347171221217591	4.54990515255762	8.37954312153544	4.517533252239787	3.587139586902053	3.519713695913756	3.3222410085643457	1.4729170655369752	1.6819767353320014	1.090272988913605	6.358466279165316	2.1001454111097626	1.87677338826169	4.013413298947819
8.364556691388652	4.5994051394290425	8.384995000520032	4.578966830297684	3.5324084866420944	3.4738685060696954	3.3054638578292366	1.516530824599609	1.646206218425095	1.0466592298507238	6.364024362219004	2.150105646354838	1.8268160315249975	4.055597105109576
8.588228964550083	4.34057039997034	8.232875167474202	4.695924197046225	3.282603929328711	3.4314563721713545	3.3463923975726884	1.4670243076768823	1.6125367243971929	1.0901426030538812	6.331098570303383	2.155233297201906	1.9837795508693101	4.020125156148601
8.547274283016598	4.401448223465457	8.237994207419973	4.710728299062058	3.180722342678224	3.389277609173358	3.387396160727826	1.4631293491955117	1.6125367243971929	1.0901426030538812	6.395228257657101	2.154149394928377	1.9334466021075833	4.066230025164135
8.695663925983775	4.202835761876515	8.217062646892938	4.681437040967254	3.0776139372361655	3.204217041860196	3.298964740045125	1.4631293491955117	1.6483072413040554	1.0901426030538812	6.286040525941576	2.148578619262348	2.006196413920533	4.038619334957112
8.702554055036472	4.012968103845611	8.064827931375577	4.650694227506446	2.9687537082841753	3.0646139994475186	3.350897539725252	1.501025228575721	1.596374441624053	1.0957853527643846	6.441795895977048	2.0589551914397064	2.1795370519476496	4.054040357068457
8.825799351004033	3.8874231262889003	8.007963537685661	4.7052589396072975	2.9669253618518896	3.0646139994475186	3.2981611740566166	1.501025228575721	1.596374441624053	1.052246723673371	6.313485320010899	2.0834828282291853	2.1732665179791293	4.016392968801101
8.820270247749733	3.9307894309020828	8.021865938589647	4.729193740062021	2.8555032616091984	2.9243147993258107	3.2453492737229617	1.501025228575721	1.596374441624053	1.052246723673371	6.389082854719965	1.9978911493326728	2.1364425308732145	3.971707875580263
8.73558640112686	3.9857144604332473	8.031103387101805	4.690197474458139	2.8534657395443794	2.8303935041909147	3.1924617662564114	1.501025228575721	1.596374441624053	1.052246723673371	6.4548078732072085	1.9438027232399433	2.1435918752996663	3.9372200587736113
8.868059803364659	3.8481775276663326	8.00218927139136	4.714048059639574	2.7001284585958953	2.692833107687304	3.144670481358241	1.4971183276784334	1.6321851248884887	1.052246723673371	6.349840001345108	1.855510674321004	2.115581836954626	3.943106922961849
8.825252058279666	3.903464824260623	8.054084818463242	4.674632064077002	2.7510346632134612	2.6400586130977612	3.0384769801462768	1.417293650730819	1.6321851248884887	1.0537341554015762	6.416040098269146	1.8538579872123437	2.1228167353406495	3.89818176384473
8.966121490240745	3.88610986498199	8.106209623417854	4.746021731804783	2.637837885542007	2.5450406930719596	2.9852661700642935	1.417293650730819	1.6321851248884887	1.0537341554015762	6.232277551236899	1.8421070505614046	2.0045803390555386	3.7710811298961238
8.880078320063339	3.9417613608980897	8.067793725350707	4.754045955610615	2.5821863896259454	2.5433161994752704	2.9852661700642935	1.420854539387867	1.6321851248884887	1.047819080245441	6.350014668440603	1.745944500114396	2.0630459813544437	3.82535434332792
8.941587521825214	3.8802521591363077	8.11550004640205	4.7063396345591855	2.5821863896259454	2.495609878423715	2.9852661700642935	1.3828592963258293	1.6321851248884887	1.0422657312928976	6.354913083414262	1.7873631838323714	2.1294535980898543	3.82816362699524
8.916837516240376	3.8743578654647464	8.029350838928645	4.761844542776306	2.5264435441013955	2.49537194111628	3.037288714255935	1.3828592963258293	1.5801625806968194	1.0858143233075381	6.359802647681263	1.7424692963601884	2.1366064580253936	3.8309726053186233
8.916837516240376	3.8743578654647464	8.077216178993487	4.713979202711398	2.5264435441013955	2.4475066010515243	3.037288714255935	1.3828592963258293	1.5801625806968194	1.0422657312928976	6.493213877032187	1.7424692963601884	2.2206522593466533	3.8753492433152075
8.830104725193658	3.921282233910301	7.9904833879468535	4.760903571157117	2.479519175655768	2.4934765479236893	3.037288714255935	1.3368893494542557	1.5282026224951992	1.0422657312928976	6.493213877032187	1.6873274912260163	2.2206522593466533	3.8437582574027007
8.949159773966846	3.8595169008140573	8.047773103623706	4.760903571157117	2.532806120777974	2.4934765479236893	2.9840017691339455	1.3368893494542557	1.5282026224951992	0.9622988807284919	6.380156212596804	1.7446172069028953	2.10990278205819	3.7956433160402985
8.967581325764705	3.853441454635825	8.004300872083096	4.816721908317419	2.476987783617597	2.4934765479236893	2.9840017691339455	1.2988360041095528	1.5282026224951992	0.7404952274607277	6.3182624292582545	1.7428467450073584	2.10990278205819	3.7539415463948367
8.967581325764705	3.853441454635825	8.052245786966266	4.768776993434246	2.5178900845609236	2.445531633040396	2.9430994681904465	1.3045447715250085	1.5282026224951992	0.6486085140036286	6.385179461468095	1.7428467450073584	2.1768198142681627	3.7983867922710775
8.967581325764705	3.9093511749888536	8.004619709822869	4.872312790930607	2.461980364207869	2.4931577101838265	2.9430994681904465	1.266383019721729	1.5282026224951992	0.5579152810418165	6.385179461468095	1.7428467450073584	2.1768198142681627	3.7539415463948367
8.967581325764705	3.9093511749888536	8.004619709822869	4.872312790930607	2.461980364207869	2.4931577101838265	2.9430994681904465	1.266383019721729	1.5282026224951992	0.5579152810418165	6.385179461468095	1.7428467450073584	2.1768198142681627	3.7539415463948367
8.967581325764705	3.9093511749888536	7.9566742631065726	4.920258237646857	2.461980364207869	2.5411031569000007	2.9430994681904465	1.266383019721729	1.5801625806968194	0.5150732414093347	6.385179461468095	1.7428467450073584	2.1172602712195125	3.7539415463948367
8.905687542426268	4.027246179732946	7.9566742631065726	4.976259459052457	2.459321797450501	2.582952378522907	2.8897568135420837	1.1807053859366903	1.5801625806968194	0.5161143299610716	6.447073244806605	1.7428467450073584	2.1172602712195125	3.7539415463948367
8.905687542426268	4.027246179732946	8.004619709822869	4.928314012336083	2.459321797450501	2.5350069318066937	2.8897568135420837	1.1807053859366903	1.5801625806968194	0.4733816652479538	6.380156212596804	1.7944827836256454	2.050343239009692	3.706043811142723
8.949159773966846	4.027246179732946	8.048091941363447	4.928314012336083	2.459321797450501	2.5350069318066937	2.8897568135420837	1.1424771349764773	1.5801625806968194	0.468931853174199	6.380156212596804	1.8379550151660575	2.050343239009692	3.6617415755109843
8.87351443125537	4.033010291423549	8.033893094008508	4.872631628670423	2.5561287174658993	2.535325769546542	2.848951114932425	1.1424771349764773	1.5801625806968194	0.38373930278033963	6.308446870473844	1.8756358373210993	1.9866220858100783	3.658209243302336
8.85520037704427	4.094647430619785	8.077216178993487	4.872631628670423	2.5561287174658993	2.4893621289803773	2.848951114932425	1.1884407755428072	1.5801625806968194	0.34122470050582443	6.370084009669937	1.9189589223059607	2.045957875685959	3.658209243302336
8.818696799153875	4.161628432937824	8.067952087165061	4.912373144926755	2.6120384378186947	2.539116776651418	2.848951114932425	1.1905594222727753	1.5801625806968194	0.30013649601562864	6.278937649162758	2.0150820074341413	2.0093174218638903	3.696427638812136
8.628432271825536	4.363887106604704	8.08735495135917	4.9049644270711115	2.661459055682177	2.634450764401701	2.902273202675178	1.1905594222727753	1.5801625806968194	0.21548737473922708	6.451955126843055	2.1812138375883685	2.004526214420754	3.6522897621257546
8.535853635237897	4.4292600379799625	8.068264688249686	4.8968489849682415	2.717201901206787	2.636248542670306	2.902273202675178	1.192669540973716	1.5801625806968194	0.2592068811927748	6.441560487345696	2.2193649013263075	1.9901309993882474	3.690397048586509
8.362813007519605	4.563174629229183	8.053411916794454	4.872575719954222	2.8306365960499194	2.7786561953485758	2.9555194255243773	1.230913555851838	1.5801625806968194	0.13653030714961015	6.545775604659788	2.26373083793821	2.0847814455829177	3.6854391624337732
8.331019664907776	4.567541520943448	7.986819341823826	4.91174184402745	2.8328443340546126	2.827437736102297	3.008689853496945	1.2330229011347056	1.6321836981236235	0.18018371116636211	6.475188836769281	2.301382707117439	2.1854760789843897	3.631775489178438
8.30348477351473	4.584678339214928	8.103421322519697	4.784741790209949	2.947335760235028	2.9210428614611073	3.1148036064930027	1.189427701577215	1.6321836981236235	0.26045976806222076	6.5183127664244935	2.3973799091864985	2.2202957693591814	3.662145102042332
8.227146221422958	4.593050205533177	8.051450933454749	4.768745493501532	3.004152089845977	2.969110399569475	3.2198347015992788	1.2351236630318536	1.5800960696778297	0.26045976806222076	6.571805716011229	2.3980269643273617	2.2127693200739365	3.6160072003481636
8.209975129469822	4.549997026793961	8.093161739625707	4.66681041663821	3.1060871667092353	2.969110399569475	3.2198347015992788	1.1915866019771877	1.6657928440093217	0.30399682911847675	6.514297610371122	2.4397377704981986	2.2103082267009544	3.6160072003481636
8.20008623098381	4.562176587616507	8.119123339638959	4.643139478961386	3.205050308878151	3.109172950574212	3.284605048112141	1.1915866019771877	1.6321783684555977	0.30399682911847675	6.433187083696857	2.492801172076736	2.0101015823477297	3.5595163023862466
8.124721087663996	4.6173926161826335	8.114972426217944	4.627141277628691	3.3073166032642676	3.154626121924368	3.2437901264085394	1.1915866019771877	1.6321783684555977	0.34617848565576637	6.422040934644509	2.493305572124291	1.9956275639474343	3.5571336699768117
8.001059177221915	4.740954115092877	8.131737367696411	4.610275924618509	3.3629615522506278	3.1585696317905883	3.29646861982894	1.2791011815070414	1.6321783684555977	0.34617848565576637	6.336418416522809	2.439059051185056	1.9597587039264146	3.5521515557634022
8.027069811288108	4.735959595960023	8.121277976499334	4.641751430748709	3.464473613329446	3.2052296164653704	3.2557093003420405	1.3246694445546334	1.6321783684555977	0.34617848565576637	6.318156110884483	2.4400241490494334	1.9417738674641278	3.5475041178472475
7.870905097954574	4.920697664803593	8.275778912918064	4.515823849839992	3.626711500355537	3.248622556844396	3.2562059319512504	1.3701710703480925	1.6842659969014333	0.30399682911847675	6.342004838787875	2.61340685880689	1.8447886749663611	3.494725608624522
7.798095036618493	5.033796962066432	8.27036655826846	4.561525440416372	3.626711500355537	3.248889070083926	3.2041833877593935	1.4538149919118575	1.7362885410932412	0.2657879848923807	6.392884001041584	2.5735709350120226	1.8380243869079156	3.4902267282257258
7.757481290433716	5.201517677598211	8.42100645072011	4.5379925173119275	3.6347527799797854	3.2929732137537795	3.309127792661405	1.4991836096634428	1.7362885410932412	0.34458892384639783	6.241215616527129	2.6542595355609104	1.6814898296588676	3.5283669526048396
7.685753554587557	5.1594308907368385	8.324761703974346	4.520422741350167	3.7359504267527326	3.383659124931383	3.361488080140019	1.544485856775634	1.7362885410932412	0.34458892384639783	6.230163835074091	2.6147216919558116	1.668634200719276	3.565709808226193
7.496113016692775	5.3322146426910075	8.3293074868622	4.499020172521486	3.7494548575429643	3.4339111110996035	3.454900161415106	1.6317053100771695	1.821860512879721	0.3811543024349888	6.2049011661828235	2.59901207311319	1.48015000236564	3.598034379690953
7.371131469972787	5.343665172996765	8.278634547307803	4.436162095661728	3.8501403694717227	3.478719176441357	3.5070554116056116	1.671566883247674	1.821860512879721	0.38646734918252834	6.308640249820688	2.610222229049787	1.5822267213072272	3.542875314460943
7.294978672714251	5.462613480916195	8.292386754288698	4.465205399341785	3.9096923684285487	3.6603785472053327	3.6001194797323888	1.671566883247674	1.821860512879721	0.38646734918252834	6.279107560225054	2.6106283922049855	1.3890793528464824	3.6548951968773613
7.279857875662643	5.364200737797052	8.239278420246483	4.404780193213217	3.9170146456497617	3.7102884979892368	3.6932944239465493	1.675462993883125	1.8737529977862777	0.42462578797574213	6.213419002116375	2.5719599459336067	1.4306369581590865	3.6910291531935115
