0	1	2	3	4	5	6	7	8	9	10	11	12	13
7.118659606162078	4.720973596993372	7.869393364340002	3.970239838815344	5.060612713324901	2.0528662448692767	4.15200569082922	2.433068996315963	1.4992237602430734	0.19846729156841858	3.8257526205548475	4.484461771148813	0.06191110985295878	3.8692671757342465
7.122322874308213	4.663754030458678	7.774473149204883	4.011603755561965	4.878895576963115	2.0942301616160193	4.333722827190997	2.433068996315963	1.3982119705396718	0.04652896452522196	3.621512867626349	4.529904146119547	0.25713632431858174	4.29220701861889
7.122322874308213	4.7118599603651905	7.774473149204883	4.059709685468647	4.599649727415981	2.009509110430762	4.564862746831587	2.4798754439506494	1.2630843393688034	0.008174704378510983	3.5738377921217226	4.628636870407255	0.30575561386249034	4.411236920568718
7.068832526631283	4.7118599603651905	7.720982801527902	4.059709685468647	4.5087621970309	2.009509110430762	4.604999462881179	2.4798754439506494	1.3138351537045545	0.02988552533331124	3.5247666162487503	4.624413305772608	0.309757883102698	4.404027521113942
7.090593832422567	4.606952979529247	7.638344087335961	4.059202724615923	4.598185780420698	2.0567871037162178	4.563360833629659	2.4798754439506494	1.3138351537045545	0.10511789358105453	3.418660141081941	4.589052584866141	0.35874233157222973	4.404027521113942
7.037141406572735	4.654737933667594	7.584891661486113	4.106987678754152	4.550400826282272	2.0169966524484555	4.563360833629659	2.5196658952185254	1.2794174278863784	0.14238880505788334	3.3715749494608014	4.535600159016347	0.45183764430009893	4.446152423785262
7.143121530824504	4.548757809415863	7.584891661486113	4.106987678754152	4.550400826282272	1.934823847702264	4.512674414987706	2.5620325433812874	1.2452602807911128	0.10258264847609726	3.2674012373249504	4.584800637411052	0.405033100046555	4.400747858222927
7.143121530824504	4.548757809415863	7.543605149700076	4.148274190540361	4.550400826282272	1.9364415223711091	4.512674414987706	2.6017013804986204	1.2452602807911128	0.10258264847609726	3.2187554187930782	4.584800637411052	0.49961527989498056	4.4466012443778435
7.200063620020374	4.44370979031341	7.543605149700076	4.100168260633745	4.598506756188938	1.9364415223711091	4.476247215123027	2.6008378029516446	1.2816874806560015	0.10171907093344958	3.1618133295972	4.584800637411052	0.4546877003728009	4.492387290986985
7.146677244618749	4.49141517367829	7.537487520595301	4.100604897701773	4.550801372824047	1.8891727760741686	4.425603577328092	2.6008378029516446	1.382696387875996	0.10171907093344958	3.1618133295972	4.619195123607977	0.4546877003728009	4.404606429388658
7.093356889842044	4.539520433786818	7.484167165818602	4.148710157810219	4.502696112715544	1.8891727760741686	4.425603577328092	2.6008378029516446	1.382696387875996	0.10171907093344958	3.113253168512571	4.614958779365515	0.45839220589329704	4.401241215801332
7.1992835927686905	4.433593730860219	7.484167165818602	4.148710157810219	4.544263273912816	1.8891727760741686	4.384036416130781	2.599976591086117	1.382696387875996	0.10085785906297667	2.9608983025902327	4.614958779365515	0.5058960631564452	4.401241215801332
7.1992835927686905	4.43311388144597	7.531367879690788	4.101029594523683	4.544743123327078	1.8844093178757384	4.384036416130781	2.5575393354125486	1.382696387875996	0.13817822586885525	2.9629377579652916	4.614958779365515	0.4157115203042425	4.401241215801332
7.1992835927686905	4.43311388144597	7.531367879690788	4.101029594523683	4.544743123327078	1.8844093178757384	4.384036416130781	2.517897204878894	1.382696387875996	0.06052232566995408	2.9629377579652916	4.614958779365515	0.37120956642725905	4.401241215801332
7.1992835927686905	4.43311388144597	7.531367879690788	4.101029594523683	4.593979850238398	1.9267878887649537	4.334799689219574	2.475518633989618	1.382696387875996	0.06052232566995408	2.9629377579652916	4.614958779365515	0.3267786166600342	4.401241215801332
7.1992835927686905	4.43311388144597	7.531367879690788	4.101029594523683	4.593979850238398	1.9267878887649537	4.334799689219574	2.4359301713875308	1.382696387875996	0.020933863084046808	2.9629377579652916	4.614958779365515	0.3267786166600342	4.401241215801332
7.1992835927686905	4.43311388144597	7.531367879690788	4.101029594523683	4.593979850238398	1.9267878887649537	4.334799689219574	2.4359301713875308	1.382696387875996	0.020933863084046808	2.9629377579652916	4.614958779365515	0.3267786166600342	4.401241215801332
7.248462984559258	4.383934489655287	7.531367879690788	4.101029594523683	4.635463426902617	1.9267878887649537	4.293316112555284	2.4359301713875308	1.382696387875996	0.017129492139082447	2.91375836617466	4.614958779365515	0.3267786166600342	4.401241215801332
7.248462984559258	4.383934489655287	7.531367879690788	4.101029594523683	4.726158994802559	1.9267878887649537	4.202620544655534	2.4359301713875308	1.382696387875996	0.017129492139082447	2.8655318185944703	4.614958779365515	0.33064510209289677	4.359160836480553
7.35452961555136	4.277867858663059	7.531367879690788	4.101029594523683	4.816829382820514	1.9267878887649537	4.075436935316017	2.4359301713875308	1.41920960919766	0.017129492139082447	2.7594651876023137	4.614958779365515	0.33064510209289677	4.359160836480553
7.403918259049454	4.228479215165014	7.531367879690788	4.101029594523683	4.858074148666369	1.9267878887649537	4.034192169470149	2.475518633989618	1.41920960919766	0.022458970459997844	2.7603355416049835	4.614958779365515	0.2803861045916319	4.359160836480553
7.368408019088546	4.276583673540777	7.53716251996798	4.107829172661371	4.809969690290648	1.9278029700042507	4.034192169470149	2.433198672512298	1.41920960919766	0.022458970459997844	2.7121899684536577	4.57944853940452	0.3285316777408027	4.359160836480553
7.417894603403239	4.227097089226073	7.53716251996798	4.107829172661371	4.859369689125671	1.9278029700042507	3.984792170634971	2.433198672512298	1.41920960919766	0.022458970459997844	2.6627033841389576	4.57944853940452	0.3285316777408027	4.359160836480553
7.368408019088546	4.228959064579232	7.489952684632484	4.107414399035339	4.857594299252086	1.9750128053394755	4.034192169470149	2.433198672512298	1.41920960919766	0.022458970459997844	2.6619346005890394	4.530364528870341	0.3330108619804818	4.3167512692331576
7.311604685849302	4.285762397818598	7.531316601379078	4.066050482288724	4.857594299252086	1.9336488885929635	4.034192169470149	2.433198672512298	1.41920960919766	0.022458970459997844	2.668398116549627	4.530364528870341	0.4277085100920722	4.270903689799318
7.311604685849302	4.333947762530262	7.531316601379078	4.114235847000245	4.858808933375743	2.015594469960524	3.984792170634971	2.351253091144857	1.41920960919766	0.022458970459997844	2.668398116549627	4.4812142014270275	0.4277085100920722	4.320054017242414
7.311604685849302	4.286243854728099	7.5727488017532965	4.025099738823972	4.9065128411777525	1.9741622695863874	3.984792170634971	2.351253091144857	1.41920960919766	0.01565403365810273	2.7165362757883016	4.4812142014270275	0.3337209418422897	4.27413912497655
7.311604685849302	4.286243854728099	7.5727488017532965	4.025099738823972	4.9065128411777525	2.0561150664872576	3.984792170634971	2.2693002942439793	1.3846706073944672	0.01565403365810273	2.7165362757883016	4.519911114535183	0.3337209418422897	4.235442211868456
7.378876919067827	4.236770868999393	7.59054804924315	4.025099738823972	4.955983929341263	2.0561150664872576	3.9353210824714604	2.2693002942439793	1.3846706073944672	0.01565403365810273	2.664854043900421	4.48847748948478	0.37892945066569905	4.326732467996042
7.321961685901762	4.293686102165303	7.59054804924315	4.025099738823972	5.005526186473471	2.095919859330344	3.8857788253392775	2.229495501400914	1.3846706073944672	0.05381675015321997	2.7700734043546653	4.52722481342446	0.41983086783917795	4.2879851440564165
7.286346587147458	4.293686102165303	7.554932950488838	4.025099738823972	5.104824525220328	2.095919859330344	3.7864804865924313	2.229495501400914	1.3846706073944672	0.05381675015321997	2.818462719879369	4.491609714670148	0.3701487548184215	4.330110046727807
7.286346587147458	4.341390009967364	7.554932950488838	4.0728036466261806	5.106876857322292	2.095919859330344	3.7367242466884867	2.229495501400914	1.3846706073944672	0.05381675015321997	2.818462719879369	4.491609714670148	0.4149288468976777	4.372302585556036
7.335904199836752	4.291832397278224	7.602160778318319	4.025575818796469	5.106876857322292	2.0908469166690953	3.7367242466884867	2.187340616232354	1.3846706073944672	0.01645065756094955	2.7689051071901374	4.530423752125346	0.5047052260656801	4.375748840241493
7.300222606784917	4.34009799851346	7.566479185266414	4.073841420031778	5.058611256086893	2.1307136457884805	3.7367242466884867	2.1474738871128713	1.3846706073944672	0.01645065756094955	2.81737976729249	4.533623046772927	0.5012270906935119	4.336867952542222
7.300222606784917	4.34009799851346	7.566479185266414	4.073841420031778	5.0088550161831025	2.1307136457884805	3.7864804865924313	2.107885424510915	1.3846706073944672	0.056039120159463086	2.8659399283770512	4.572570921669785	0.6333780365288796	4.3402482403363605
7.3141306374290895	4.290441721880642	7.530730939277778	4.073841420031778	5.0088550161831025	2.1307136457884805	3.735879912457678	2.107885424510915	1.435271181529066	0.056039120159463086	2.8649294702761217	4.53682267568112	0.6755244411783712	4.3402482403363605
7.3141306374290895	4.338064318845345	7.530730939277778	4.121464016996572	4.911547586016114	2.2106232049628365	3.7855647456598414	2.027975865336577	1.435271181529066	0.056039120159463086	2.8649294702761217	4.703413865508162	0.7210301365636941	4.347009674764035
7.328070740175046	4.288309158148993	7.542075384041636	4.07430451428238	4.911547586016114	2.2436086678575125	3.7855647456598414	1.947830899727548	1.435271181529066	0.056039120159463086	2.9143580161603553	4.756123976934971	0.6674253398889964	4.3437648916585205
7.235133782134256	4.3453640868667724	7.506193354718567	4.07430451428238	4.911547586016114	2.2436086678575125	3.7855647456598414	1.947830899727548	1.435271181529066	0.056039120159463086	3.0691398001292907	4.838392875334358	0.7068756916223906	4.311168276576204
7.249025425848784	4.295523282658873	7.470244194225138	4.07430451428238	4.911547586016114	2.283769655161328	3.7855647456598414	1.9076699124239915	1.4857207504629508	0.056039120159463086	3.1173704159324127	4.841963086447166	0.7006239976278191	4.271648904969793
7.226865346033355	4.245583006849591	7.439662063100256	4.032786289782607	4.911547586016114	2.2422514306615113	3.7350287180902897	1.9076699124239915	1.4858072090984855	0.09425273036397554	3.1658473726995573	4.977967944967562	0.740194925967007	4.327267646427682
7.240753798754449	4.19554303746492	7.403510546436774	4.032786289782607	4.911547586016114	2.2422514306615113	3.7350287180902897	1.9076699124239915	1.4858072090984855	0.1325162477783106	3.1661875594668514	4.981692425398937	0.6898147698147774	4.3737901958069765
7.20102427648936	4.241288933316772	7.355227729142227	4.087085480663972	4.774469579918199	2.240884951965868	3.6386800148256686	1.8674498009362774	1.5729594092014787	0.1708297360373437	3.2148154464623513	5.1416000792143	0.7754235938383642	4.34345622399607
7.214949810360635	4.191048909746037	7.4076851859487345	3.9983135341578766	4.774469579918199	2.152113005459862	3.5380176445172555	1.8674498009362774	1.6736217795100927	0.1708297360373437	3.2140896264161603	5.145590177707888	0.865079411535357	4.39248437460182
7.178567257859731	4.2394725493669885	7.371302633447815	4.046737173778791	4.684782244519509	2.152113005459862	3.579281340294905	1.907038263538371	1.6736217795100927	0.16960479616632151	3.3133794452143546	5.109207625206911	0.8123282323384408	4.39248437460182
7.189234422737465	4.234652627635501	7.3229205047416475	4.100966545631372	4.688315980088514	2.150660271950212	3.5300851055263633	1.8279219943589773	1.623322846742641	0.20844173874444635	3.362188680512563	5.3117759941558464	0.8496384911061433	4.274850970205419
7.152688265107225	4.283235218376483	7.328175062039422	4.107748421444235	4.689588594054551	2.108859557022187	3.4802299008193325	1.8279219943589773	1.623322846742641	0.20844173874444635	3.311798173995623	5.316037259649484	1.0409915187114696	4.367683996767663
7.163609494423407	4.183260181562838	7.279781201772305	4.067088474213848	5.0805048590009605	2.1494509038861724	3.3125643070084783	1.7454611528015864	1.7528624865556581	0.20844173874444635	3.4112969647262124	5.389708850772309	1.219531381328175	4.380492265531709
7.120359151122807	4.238546264340425	7.2430710992414955	4.115834316221563	5.18322821737075	2.1494509038861724	3.262189076897328	1.7454611528015864	1.702583788709296	0.24685535955701288	3.4176592989567904	5.394159502305187	1.2674541682478877	4.4281266466126254
7.094841267390749	4.185604387512434	7.157723019549879	4.122722635353218	5.185036106442795	2.1075125043587506	3.3636789077742835	1.7842980953765109	1.4996440776811575	0.2080184169756959	3.467689850526028	5.473745966952833	1.594532130084527	4.5342760257780315
7.057897795273786	4.23451211317546	7.162786976980804	4.1296229314681305	5.126499261353191	2.0655050748105417	3.511386646720943	1.7454611528015864	1.3452308851783534	0.24685535955701288	3.5181702281586693	5.561786711733744	1.6867829770408471	4.499370402694715
6.983802930265283	4.185604387512434	7.088692111972347	4.0807152058051575	5.124860116383883	2.1075679665370872	3.5110537829000408	1.7033982610751097	1.3454415104157824	0.24685535955701288	3.670683182386672	5.605726863752412	1.92572098079133	4.607356354767107
6.760979905241471	4.241639599762052	6.970368325306221	4.032251179697229	5.126235485635232	2.0604793096804226	3.5110537829000408	1.7033982610751097	1.3454415104157824	0.2853191420437937	3.8830439751487926	5.566785478193664	2.1303291170226384	4.71032932735528
6.73715990047856	4.190614372019711	6.93760747827201	3.990166794226206	5.075760877233735	2.0587978299618923	3.5615283913014	1.7026385902486916	1.3454415104157824	0.2456759071165064	3.8844018837754666	5.484500047061856	2.082284853445339	4.764236300492641
6.662033209278049	4.285275006091148	6.951669216554423	3.995638998814775	4.981100243162399	1.969609400479133	3.510713138263311	1.7026385902486916	1.3962567634537997	0.2456759071165064	4.092862792561616	5.486836817341038	2.384509133891092	4.966931790186017
6.675491599156161	4.234147307947642	7.0032032965748	3.9064356105290443	4.981100243162399	1.880406012193216	3.510713138263311	1.7026385902486916	1.3962567634537997	0.2456759071165064	4.198363002908514	5.491742364693995	2.3355650762454494	5.019107888369669
6.651170618502112	4.278943178353816	7.012335354925175	3.9177784419306927	4.885073976894831	1.837728534240993	3.510713138263311	1.6994684715170008	1.3962567634537997	0.206840068934659	4.201203914167321	5.580184561850544	2.746474988858923	5.47402719909577
6.664621536395142	4.325484700724094	6.974452951665285	4.015653285453852	4.787199133371579	1.837728534240993	3.510713138263311	1.6994684715170008	1.3962567634537997	0.206840068934659	4.25700809533205	5.53522965713367	2.7958230437866645	5.625779999342976
6.439024039972855	4.430166176385322	6.895787435117964	3.9734027812403347	4.83150186401006	1.7483576776158387	3.4192900552131196	1.6994684715170008	1.3962567634537997	0.206840068934659	4.316452387122431	5.713913185143159	3.024709120384409	5.8679462234327735
6.362563477340266	4.479221322768558	6.819326872485287	4.022457927623663	4.782446717626828	1.7483576776158387	3.4192900552131196	1.6994684715170008	1.3962567634537997	0.206840068934659	4.2653730953397675	5.674624479764057	3.135871151456672	5.932972210929803
6.250960169356361	4.536885760624019	6.7653880023568975	4.022457927623663	4.741498242977888	1.788822132850666	3.445828806650382	1.6986998859215765	1.3600582073177931	0.24422250360368628	4.437095842232754	5.967461479940736	3.589771964511222	6.302415549289138
6.193192255623648	4.594653674356693	6.7653880023568975	4.022457927623663	4.741498242977888	1.788822132850666	3.445828806650382	1.6986998859215765	1.3600582073177931	0.3215022173890656	4.496888444018563	6.056569113125397	3.5497826254889002	6.371603201893276
6.01390196892931	4.746280349112528	6.731111004750388	4.029071313291471	4.692362418607447	1.7882485359990044	3.445828806650382	1.6567510440702335	1.3600582073177931	0.3215022173890656	4.6034510550133065	6.612403928249738	4.057866162425917	6.373375941554029
5.8579071888187135	4.897575128586371	6.677194375014827	4.078287942390225	4.592671181107161	1.830138121538954	3.496303415051728	1.6148614585307686	1.3600582073177931	0.3215022173890656	4.813342066137978	6.696098781430103	3.9592705931652	6.29449979442385
5.7684891221989645	4.9484600175710485	6.6386611973797685	4.078287942390225	4.592671181107161	1.830138121538954	3.496303415051728	1.6148614585307686	1.309510727187214	0.3215022173890656	4.812420345847486	6.560932683292334	4.01107720244036	6.391132714926584
5.478043610022098	5.157000694436586	6.554320954702477	4.080723349756128	4.543373620599009	1.8238037736774633	3.496303415051728	1.5743336532499255	1.309510727187214	0.3215022173890656	4.973819937322593	6.896916421622323	4.383848150811415	6.470001562807449
5.334833503541272	5.207565200770508	6.461675354555542	4.080723349756128	4.593848229000584	1.8238037736774633	3.445828806650382	1.5743336532499255	1.309510727187214	0.28409991954170305	5.024384443656602	6.850959879279486	4.393886479655856	6.531106689922186
5.19513681025151	5.30838860051981	6.512199956064149	3.9913254547072414	4.593848229000584	1.734405878628555	3.445828806650382	1.5743336532499255	1.309510727187214	0.28409991954170305	5.0230876825128465	6.710491944715451	4.614395022926006	6.739675377019203
5.105931014032664	5.358647953551506	6.473253512877006	3.9913254547072414	4.593848229000584	1.7762381610724125	3.445828806650382	1.532501370805622	1.3600582073177931	0.28409991954170305	5.073347035544561	6.859077072660924	4.740095543664435	6.559815243965347
4.923766981394135	5.507644469588374	6.387977092055109	4.0434343589273585	4.545556677978412	1.7295086436384697	3.395281936018194	1.5712822183094297	1.325590394922102	0.24531907203710665	4.966336145383834	7.141223611834324	3.7711923738875672	7.10221249892149
4.8307330738741365	5.557185583774851	6.341603190184081	4.0463154674649084	4.536948713383853	1.7652123005135627	3.354348786426265	1.4889185557850688	1.325590394922102	0.20665233067272848	4.912155708370304	7.533820500496538	4.485731531835141	6.5025066147502555
4.662589212062391	5.703873897069483	6.270106980260953	4.09635612887101	4.531766609682944	1.7186217134150705	3.262899641622718	1.4889185557850688	1.325590394922102	0.20665233067272848	4.856930742477182	7.302495998934859	0.6694397654581344	5.851126487348027
4.444022334351306	5.803685852574459	6.151352058055023	4.09635612887101	4.6231844289990915	1.7186217134150705	3.171481822306681	1.4492239377158433	1.325590394922102	0.20773069347914305	4.849863335705832	7.583144770481591	1.30459612871496	5.926000954576304
4.756797819601283	5.685493734187903	6.299008143320801	4.143283410468559	4.576257147401568	1.7603373236701918	3.171481822306681	1.4075083274608078	1.325590394922102	0.16916486051068985	4.89849745304602	7.574806574006416	0.948063088487927	6.330481748966404
4.868389491859215	5.67770726472702	6.353118455262116	4.192978301324173	4.526562256545745	1.8019938245605787	3.171481822306681	1.3658518265710085	1.2750190491437319	0.16916486051068985	5.266058256067446	7.380296635015064	0.009461872748570207	6.360615144666195
4.7493982549381375	5.724548479624949	6.280648480213368	4.193298254349741	4.479721041647698	1.7970700358123175	3.171481822306681	1.3242543534469826	1.2750190491437319	0.1306493860220722	5.816176070773459	7.562014442427982	0.27486027926354695	6.85594921443197
4.301073423994622	5.926205399998771	6.123521280235331	4.103757543758012	4.495723366237426	1.7543705401186085	3.2023207126150974	1.3242543534469826	1.325590394922102	0.09218420619683794	6.071576113559629	8.1692208554806	4.278344284460189	7.291351138641047
4.058649427916204	6.1238906236593635	6.029006225385016	4.153533826190636	4.445947083804734	1.795909067094313	3.2023207126150974	1.2430748715055435	1.325590394922102	0.13182516115897727	6.222955559031224	8.177911027751032	4.812855969465557	7.26634239104863
4.186269223049688	6.05059276403223	6.083328160891226	4.153533826190636	4.445947083804734	1.7553125756653971	3.2023207126150974	1.322401045344016	1.325590394922102	0.054680529741538156	6.044732502263475	7.756718423174051	4.604487156981574	6.899401431233258
4.137313721592243	6.146384531258487	6.083328160891226	4.200370091959487	4.399110818035991	1.7967909747950008	3.2023207126150974	1.241336454233523	1.325590394922102	0.05590193963138919	6.037888969360912	7.703240044222358	4.827607558239349	6.7858611981927135
4.06442868595248	6.129228774387404	6.043058701683898	4.150598758656083	4.448882151339423	1.7967909747950008	3.1659796214911036	1.241336454233523	1.3274027380996054	0.05590193963138919	5.315521727571158	7.348255174194606	2.911653384722614	6.08919209335859
4.007598125951654	6.226328793595535	6.083328160891226	4.150598758656083	4.448882151339423	1.7967909747950008	3.1659796214911036	1.2018037082090895	1.3274027380996054	0.09543468566949881	4.8095820258319115	7.2292981359900494	3.4921918188916172	5.951898839897343
4.217980963139923	5.966255865543098	6.040628665197358	4.143608163485684	4.498572242203512	1.8394904704887665	3.2023207126150974	1.2018037082090895	1.2910616469754108	0.09543468566949881	5.274627461196307	7.015661365487935	1.712551157263953	3.4942345587675048
4.323216087107445	5.811411768957678	6.040628665197358	4.093999190867642	4.497432875133327	1.8394904704887665	3.253069052303365	1.162324337540161	1.2910616469754108	0.13491405633061634	5.288816410057875	6.9614276614281385	1.9581815698355065	3.496867694153846
3.9048360832728406	5.874265109039558	5.78789292253622	3.991208269776368	4.596407962808444	1.8762723918332114	3.202404389962621	1.1217265827796463	1.3417263093161202	0.13491405633061634	5.1156747154674225	6.906525706437552	1.7233276288083785	2.8040383592309124
3.8641593689819196	5.8248987451998815	5.747216208245357	3.9418419059365477	4.645774326648145	1.8762723918332114	3.202404389962621	1.1217265827796463	1.3417263093161202	0.13491405633061634	4.948767409695078	6.865848992146709	1.9578301873851718	2.9856595059574813
3.9048360832728406	5.775613002045992	5.78789292253622	3.892556162782688	4.644384070349129	1.8762723918332114	3.253080389415712	1.1217265827796463	1.3417263093161202	0.13491405633061634	4.949969385433659	6.958606000702269	2.258301865851185	3.0552670218169267
3.8968409878072308	5.78360809751161	5.745325743563666	3.9351233417551104	4.644384070349129	1.9180152642902768	3.253080389415712	1.1225508892951037	1.3923825615452956	0.13491405633061634	4.398242587296029	6.356463117296421	2.2342720278423913	2.414426084318227
4.228099906386617	5.58786264622414	5.880839210855534	3.9351233417551104	4.644384070349129	1.9180152642902768	3.253080389415712	1.1225508892951037	1.3923825615452956	0.13491405633061634	4.259615962052414	6.217245520951373	1.8739273609613918	1.9810802432744241
3.761504062165638	5.815702967067919	5.64484886301683	3.9323581662166647	4.693589317390856	2.005169643351077	3.253080389415712	1.0818365817382563	1.3923825615452956	0.17327883840587935	3.5560290403875294	6.412097592828084	1.7843189647134288	1.179508332576935
3.7589535198650306	5.8729379277548555	5.699533281403331	3.9323581662166647	4.693589317390856	2.045942989628051	3.253080389415712	1.0410632354606966	1.4430999171710759	0.17327883840587935	3.5526538753234673	6.398974090252729	1.660740836826931	1.3049600938332835
3.882626800060907	5.8729379277548555	5.734211576183092	4.021353151632894	4.693589317390856	2.1757704471640276	3.253080389415712	1.0397101340103858	1.4430999171710759	0.13379946774092275	3.256606102216389	0.8221399571257819	0.2851899236645692	1.0367900322963024
3.937647682181716	5.8729379277548555	5.789232458303697	4.021353151632894	4.693589317390856	2.2166621322607414	3.253080389415712	0.9988184489132059	1.477580586297483	0.13379946774092275	3.137359581002617	2.367851509068033	0.5821036395410838	0.36306831996614597
4.259209588176615	5.938724982166539	6.176581418710217	4.021353151632894	4.652671642435152	2.2166621322607414	3.293998064371272	1.0374970220847277	1.477580586297483	0.09416868121331522	2.3640241439750387	0.6030820477487406	1.2192799689642837	0.9362664384798521
4.149839318711754	5.900269598883691	6.124756138136742	3.925352779458575	4.707681924729997	2.2160682151303095	3.334988154250877	0.9986126594373975	1.477580586297483	0.09533347274150095	2.0277845255628058	1.0072459047629736	0.9372420660489246	1.0243981756955223
4.2380455999114375	5.908869835907704	6.174990873994703	3.971924561824644	4.758389097682996	2.2626399974961884	3.284280981297809	0.9994123660441115	1.477580586297483	0.09453376612918406	1.2184378669595692	0.32500626533030735	1.359849441244218	0.559775611190446
4.285378568674957	5.917502195188296	6.184315367302212	4.0185653965607395	4.758389097682996	2.309280832232449	3.284280981297809	0.9994123660441115	1.477580586297483	0.09453376612918406	1.0410114136971604	0.2757043348536528	2.15384870017631	0.24374205350039665
4.3476313680057155	6.082477828659561	6.362415149323594	4.067694047341622	4.709260446902068	2.2683307021391017	3.284280981297809	1.040362496137351	1.477580586297483	0.09453376612918406	0.5633640162124478	0.46274729996189534	1.933690855733991	0.59177660254427
4.332215702723269	6.033349177878706	6.304595547290475	4.060969333311604	4.758389097682996	2.3107346388899375	3.284280981297809	1.040362496137351	1.477580586297483	0.09453376612918406	0.40099974810232397	0.07670718595044684	1.887859240405099	0.45411939245116706
4.386312099056544	6.100435129115142	6.425777894860214	4.060969333311604	4.860021445020151	2.3113870010170245	3.146285786535499	1.0397101340103858	1.5139434337226751	0.09453376612918406	0.028134814767473957	0.3833599313679184	2.249853985886524	0.5094193456195982
4.50678809424269	6.098265996907486	6.461652959542228	4.143401131607936	4.862190577227796	2.2736678055670585	3.1826486339606546	1.162030259964189	1.4430999171710759	0.09453376612918406	0.1886720128515597	0.7450507435018142	2.3190376562976374	0.7273848375098896
4.482063043068068	6.107313094771445	6.445975006231757	4.143401131607936	4.862190577227796	2.233012449621009	3.1826486339606546	1.2026856159101527	1.4430999171710759	0.09453376612918406	0.16943526919064772	0.7129324371900082	2.2645177475822567	0.6875663546652768
4.283037788993546	6.266171759345402	6.50165554020039	4.04755400813861	4.9481440095282005	2.111399220587906	3.1419418740175256	1.3242988449428947	1.4591585647077947	0.09453376612918406	0.02180548221814689	0.6042874549110083	2.036041396978181	0.34332555652338964
4.17579398106144	6.373415567277638	6.50165554020039	4.04755400813861	4.897379894477337	2.0294461611557373	3.1927059890684437	1.406251904375381	1.4591585647077947	0.057120006666035186	0.129049290163105	0.75086281474025	2.1719935198700524	0.2903338449648834
3.863799599439219	6.55630774428751	6.428051795138978	3.992055548587784	4.985301642993539	1.7903474204221457	3.2388002328023533	1.6867481767028338	1.43906208247645	0.09623439227317841	1.2340649960463543	1.0758744184651314	0.9623203589598467	0.8007924432528252
3.537138381636955	6.650147082937942	6.3881520632205175	3.799133401354443	5.07708850998166	1.710500318446954	3.3399355130475343	1.8052217127738457	1.4044217490685134	0.058511263913664555	1.897695449719976	2.651718379011155	0.6354137068838194	1.654984011310385
3.1540309804915156	6.646987353742432	6.1471211725317625	3.653897161702058	5.121477921849965	1.710500318446954	3.4265454035024554	1.8437949916694796	1.4186586863973152	0.017573727164943185	2.009686584695934	2.825858032711033	0.37042453148146987	1.4718764604534664
3.9111862718232517	6.494308585544961	6.416481145372354	3.989013711996092	5.121477921849965	1.7679684879957498	3.3902675755985725	2.121443372414582	1.4895768477094131	0.09481077073720091	2.459556495448907	3.8103035466954607	2.083700518240684	0.4699384199498742
3.933937327831745	6.495166783853147	6.267209150945934	4.161894960738962	5.063751520147319	1.8137051082478606	3.3996613368534003	2.200255360457418	1.5241557398894667	0.09380978226815974	2.8928914184548415	4.1682578012163525	2.0281069252971182	0.2751566216803434
4.766403719668407	5.887615368145874	6.4655521108804646	4.188466976933757	5.005036139893494	1.617088779099757	3.509238504957476	2.434882686745102	1.5586733290407049	0.1705451575479358	4.460023504637913	3.8719136279364466	0.6566957909193453	1.936390261824027
5.129992985629221	5.589993818430887	6.497301371174029	4.222685432886105	4.953199753758313	1.582796640667725	3.609166306552745	2.551484696589759	1.5931297530509565	0.20780782862215894	4.546161686875334	3.929261560432033	0.8048467486620849	2.008351867784596
5.58837437943354	5.332315203835742	6.720152115574551	4.200537467694647	4.79727217310873	1.5175218756605757	3.9062238151840494	2.7089902493119395	1.5928262889683646	0.28500978452168657	5.560112151242033	4.438603026867769	4.6371233416074915	3.3496127891693916
5.671573080027841	5.180605749881098	6.712878064080597	4.1393007658282075	4.743117209297998	1.4807233411141956	4.1032436219145	2.8274169249118035	1.6272459608925214	0.20844047969621796	5.4958897202323485	4.901265046680618	4.721109087729219	3.544649775382331
6.012155454795541	4.802189619336883	6.6034196824110625	4.210925391721364	4.731286699559796	1.6844777437929481	4.408959620762704	2.986855147177306	1.6129400417917257	0.2089110934366827	4.343424103677025	5.356165245073581	1.6732702828779666	2.484392685561814
6.151040852196382	4.659378761652729	6.6067047771093135	4.203714836739792	4.680277377044882	1.6919472812274121	4.554516477132783	3.0667225886163973	1.5623317624440742	0.17075066717136844	4.140366394198027	5.308644793524026	2.4466221770556933	0.8729569164985035
6.876456582585277	4.0165272345525596	6.731044499304526	4.161939317833256	4.767012287152035	1.9942512847217684	4.891718580718922	3.1072072481046265	1.5117842823138408	0.17201264999174665	4.078450402398112	4.296665107832248	1.7872318543400803	5.204481439861008
7.156538403212679	3.721898954957125	6.730428607137135	4.148008751032749	4.764372230520904	2.1592732743534477	5.035197383546778	3.06909343786877	1.5117842823138408	0.13395131540216407	4.028606259070241	4.497224771130963	1.5283407268532536	5.5244223947302515
7.4366956736788925	2.6629849742555867	6.420199959558384	3.679480688376168	5.294507303269328	2.779862855459076	5.519583259173827	3.030924013371788	1.649367312681564	0.13395131540216407	3.5204322271722797	3.37703915447955	0.47267667914972294	4.43885463990751
7.455548312498521	2.531722885475385	6.292446011793524	3.694825186180193	5.067230685586431	2.881019961232471	5.777327598307193	3.0763734941828105	1.7501616800112174	0.09668137879562178	3.6211102798667967	3.2685727902585784	0.18440714191887322	4.356551082211989
7.363757637092003	2.3844569743740425	6.501012284726042	3.247202326739671	5.011535744010837	3.1866480392800973	6.105184931317038	2.8172409130096185	2.010852430182256	0.21159049869251254	2.543019375741215	2.9867726046675918	0.3534897579182747	2.78664275525159
7.240190398775389	2.480025549285444	6.418339765768357	3.3018761822925775	5.059002901234484	3.359824262841271	6.055014868422179	2.745620819196667	2.0104142137292955	0.2503369846710115	2.2631018568711956	2.969292677033782	0.29417281751629143	2.398144899917623
6.269499830542972	2.8383582816910327	5.877825377072053	3.2300327351619975	4.606100919715563	3.7798264722698893	6.46234714457977	2.47145184917639	2.2343409373110585	0.21101731635179669	0.6470964713237702	1.051811475604248	2.1942258477977608	1.3496063020646616
6.148845399820972	2.897946597857752	5.822014394225695	3.2247776034531674	4.474952481273132	3.9338500045989204	6.46297770173555	2.395007216442637	2.4083200180971396	0.17164448454913853	0.726748735493182	0.7937585341059442	2.2502641676256676	1.3127570517840177
4.101923766631062	3.0374427651743643	4.584009016295592	2.555357515509471	4.1205847689405655	4.539807109680033	7.775544364019687	2.1678647039855843	2.5087905399977752	0.16968230738859277	1.6168488888282306	0.18129960831539635	2.866341610477952	0.10586960392767489
0.9067639646127642	4.3554649390119415	3.1235203321400777	0.3251806422596294	5.192757923562687	4.209576198132321	8.2058079392354	1.7711049390026592	2.5087905399977752	0.32342902064090706	1.8817453703939033	0.9969461244213861	1.3034592999558996	0.7640582304495005
2.5438636323868016	4.787656446316009	3.307477376187022	1.0636845622579514	5.010092284518121	3.7762429738001067	8.909920967727675	1.6748882292841618	0.02629553565284626	1.5747929130372422	2.0738281564165995	2.37137876684146	1.8528269075458839	2.264436241380035
4.250656261879048	5.496265111170251	3.0156261418909427	1.7700172925997004	4.766545573938926	3.2777438597767015	6.273927234357185	4.6238917723479735	0.7018399367143562	0.14712115190548292	3.670238708134169	2.2212059607908663	1.7094016424313943	3.7081508189508448
4.5514408054789435	5.666057940542403	3.0023053354100613	1.887688200346596	4.633238660991113	3.2301478668588786	5.9866223379319505	5.185025650989198	0.9365643663945558	0.1375805001499708	3.749854061639062	1.9978175434270449	1.4767700762502216	3.773933500301598
4.79907165208345	5.697961108143675	3.0650725460669275	2.166183090006717	4.583125402295607	3.4394511739432825	5.531035148537593	8.27842433513144	1.0203178144631686	2.1562212646622054	3.8053869515272876	1.236923886835045	0.9765149471475318	3.8817669444017175
3.6345288084835974	5.756906677987506	2.9639118061674865	0.841533936663058	4.783236639584373	3.6886420184758153	8.420193365687096	2.808479592426887	2.035169252677191	0.30412455050820814	4.136944642745184	0.5313316468312463	2.013377584870945	3.579045655587036
3.308342682658746	5.7506291366691284	2.7879264395225487	0.345639985512328	4.80137352976432	3.462088500001839	8.957507145631554	2.40930303123483	1.96442556985525	0.03213901295359012	4.198774724649368	0.5132498450070397	1.8706130356139536	3.7374897948661525
3.9910910796287884	6.207680030860565	2.749168383138226	0.5325794319070098	5.508460463805078	3.4946852635268915	8.70430267895233	2.452695831953558	2.086097780034805	0.020055802708437633	3.1707583627827924	0.11602161275046485	1.593320204882649	4.402232873457648
4.14825823132213	6.799796262184975	2.5867881117874947	0.06474991907510985	5.484453508664257	3.9058942323643193	8.536596442017913	2.407621681708968	2.2212640625517945	0.01848847290408718	2.6050380805496025	0.0277234314196793	0.9473847285303425	3.915308461947457
3.7733169732640457	6.531987978666244	2.838649400958405	0.07997839555560637	5.438202320545051	3.8440483829253513	8.558961416370867	2.3305815902918563	2.3416895792735137	0.13864277053742954	2.972808595273513	0.8123468031233786	0.18851843707614813	3.2245377587060227
3.578620672831268	6.347311289423219	3.0784366807589794	0.3097460641679068	5.596521041521508	3.7348789381557586	8.550945022045141	2.3705214985212595	2.4258192654889927	0.10218501660155459	3.006156955207225	0.5522512369253834	0.33057027481350193	3.328556993132426
3.483885703612531	6.376495528034277	3.1544247598617785	0.26181493543888096	5.587363184692565	3.655199600509113	8.501451292689064	2.488974108066042	2.4597471756801434	0.10267902495207681	3.4303767887382604	2.061923669208651	1.7179871369358584	3.1593611881840915
3.4189085892517235	6.312943627855903	3.2606278572203635	0.3665928186147581	5.659553465591717	3.6640925327452165	8.493502550458375	2.450025415523623	2.459159900492024	0.14212302580132094	3.2104196568942216	1.7594358755967114	1.3731197506725186	2.355790624872003
4.310159285183214	6.6974800971887385	3.484703197106911	1.0973823851011613	6.108677809062423	3.5801422561900615	8.493502550458375	2.213308314104761	2.4246030507983316	0.25532324795375533	1.389592960925557	1.6363062406621227	1.2883808042766471	2.783069133756006
4.434446242861698	6.735678466381852	3.691943571623182	1.3907113481030116	6.23640941187603	3.738856157972331	8.444137673942327	2.2782102249253833	2.4239888986614204	0.1278488274337172	0.7843334491209834	2.6463893422057314	0.9650608845164392	2.005608075649599
4.392845027638935	6.715989363241694	4.069777362863326	1.746633027260503	6.65429582765272	3.7597138040687024	8.392768900924263	1.998075430243028	2.2994643776677597	0.21253755919533213	0.0853754651335732	2.628594449302715	1.5118127255203568	1.5040345340019246
4.2568221628237515	6.563691783996706	4.148301417448127	1.8414317962751827	6.65429582765272	3.747352642991936	8.343504555331176	1.837687314739864	2.2988703481137023	0.2539620302405586	0.3578906176751515	2.5274359166655813	1.7807800713648996	1.4579548582180681
5.079663723584196	6.927107347669271	4.011730894159107	2.164287270074252	6.83048841607677	3.723428294523595	8.228433663520851	2.0596771759596195	2.272249986709522	0.3950355553180574	0.3434609477843916	1.3724731128141046	2.240169347168643	1.6822959464407494
5.428095470599296	7.054642872360135	3.898493718965212	2.271946317204117	6.93814746320682	3.804040865771114	8.130550772675633	2.0183767338800602	2.2212804125380607	0.4712235102020076	0.4582261479230162	1.195253960576425	2.512377107518963	1.9463507567384808
5.523140711331652	7.149688113092585	3.937908615604303	2.311361213843174	6.855240915824622	3.9265655668679074	8.153049888885944	2.7281008717449753	2.1827534384117575	0.3363397832719448	0.7082350451720026	0.21214152373401873	2.509655184751405	1.781046223460161
5.639818805419261	7.348593572368162	3.977388348975667	2.268613582026743	6.73165161515258	3.9277201111744153	8.145709718872926	2.098024305776438	2.231455543908751	0.8495232249513471	0.7407239489521422	0.7157314709546119	2.3991645692532284	1.9532027884431786
4.5440649685620444	7.292104230779825	4.5502183623409715	1.8021791001232355	6.541378989029589	4.32646930555689	8.250545658943159	2.104416654948371	2.32623868623164	0.547241088957274	0.7195068471709621	1.9886708202065542	3.1199450172841448	1.528568958874314
4.458342886245435	7.242385023873919	4.5502183623409715	1.7661762247124773	6.464317122107073	4.284155683947874	8.146306136648327	2.75571569535689	2.4715372000383744	0.21299804841148373	0.6102209760515027	2.2340089936100913	3.7143151991315237	1.8187877023696386
4.433740350621972	7.451194469356964	4.589633286372438	1.5721791676374333	6.393577520821182	4.201595330917208	7.965645402652859	2.595959933830723	2.5187329765866484	0.5135244795016651	1.1578624300882938	2.700263145260106	4.256485568281303	0.9628889124682992
3.6487496306725613	7.483340486889245	5.068972860293813	1.2343820040773221	6.33665997208688	4.276702108852748	7.84071235886155	2.5973166883258028	2.5187329765866484	0.7401200083706725	1.581606538587329	3.1847172696584005	4.0145508800703515	1.0159697539739863
2.303785941263646	7.348265053551404	5.264028323603967	0.2195492113167109	5.302317568043949	4.054379610611929	7.629024165194673	2.5106411517148977	2.481502913943498	0.7371157149472333	2.6804662540920705	3.5121981603882606	1.8621803592877613	0.46216566024284705
2.4768163114266595	7.4991240876438905	5.136258815009189	0.11395103878932243	5.19928056067073	3.7729618687851354	7.5877168513891355	2.5512860400841744	2.4669680552437674	0.6489909956434013	2.1423782580032125	3.84563298614723	2.080019150709222	0.5563578283219265
3.478657488111215	7.80341862265637	5.300557255908377	0.9757961213631406	5.428943091551918	3.2637955617152827	7.659770537920363	2.429624340068805	2.4287347386975213	0.6807641948572433	2.120617141684965	5.192872635394951	2.8150342352455806	1.7473860355600546
4.034529515741904	7.950363226318481	5.200989378591266	1.285155668014959	5.5018604098849035	3.109349314899465	7.783989943469477	2.3517833696261987	2.344776310872436	0.6366872599697126	2.256822751985697	5.302280290584806	2.993320486190751	1.8934033794669807
4.264886675199268	8.029041474406236	5.2818342815924	1.517679482385177	5.490275384953518	2.9892758333042155	7.908025301176215	2.3118703445821858	2.344776310872436	0.5965740036476108	2.4882309244741205	5.337679058495387	3.1564587467110043	1.8058270300575845
4.15589802416279	7.843385404876667	5.282685475919911	1.5951980952060747	5.4866334049466285	2.9891564885957735	7.94902972540939	2.2319745965496987	2.2116983970990085	0.5945336731020294	2.5098202869436097	5.257753190989776	2.956685227618947	1.802419238003128
4.598487957097049	7.979139922219776	5.205208478043715	1.8245565129212051	5.594536700436047	3.031129543378052	7.989974259545685	2.0299351223726974	2.2116983970990085	0.6287350308638112	2.5179051816068867	5.8022190157976015	2.963773514562886	2.0092467802533824
4.8588163581918415	8.067062172857206	5.110219035000715	1.9019732203349302	5.590714008151427	3.0309921756397653	7.982772391271614	1.9500207737916289	2.259784998800457	0.6270577360260318	2.7368783755409005	5.929184013849825	2.8576044087550816	2.1711483340004203
4.834032216708438	8.098165109597279	5.078620629489681	1.8144877366005798	5.549888986062261	3.1184776593742654	8.023597413360685	1.9103775388654791	2.259784998800457	0.5873641104535503	3.173649104922559	6.048053562454963	2.516776805677818	2.323135165610131
4.843630781513502	8.107763674402385	5.038342691144834	1.7742097982556921	5.507990407297178	3.1587555977190154	8.065495992125909	1.9103775388654791	2.259784998800457	0.5493947458895694	3.309771157438372	6.054549437055406	1.4930376373731522	2.318272105215319
5.028539993433764	8.206584345033885	4.9915784621841555	1.8135341105836236	5.390168560291428	3.165674842349798	8.13357518561796	1.9096260188381635	2.355771209273116	0.5486432258620568	2.7211599610340316	6.176678520424037	0.730933181019966	2.491605107909059
5.09922601860734	8.2003586100101	4.90439195510931	1.8032593637064882	5.344563898435952	3.2532150597406164	8.253338630128304	1.8693494260225054	2.3186013043157776	0.5486432258620568	2.6818896406973445	6.186634905695322	0.7616503822725741	2.602929837720656
5.129933008434756	8.184775786888284	4.864135266184499	1.809292487730908	5.390853711385124	3.3338077270970645	8.205454820885306	1.78947858173192	2.3664851135585088	0.47108860479220044	2.5604144262874367	6.186634905695322	0.31363674790376966	2.714394967652404
5.160583981430077	8.178511156346811	4.864135266184499	1.8462080912677696	5.427769314921918	3.3338077270970645	8.205454820885306	1.7499972414183316	2.2824823062224238	0.4316072644788974	2.487986155526048	6.2366118089788225	0.34059146810218427	2.7643718709360474
5.151256190739921	8.209106248156715	4.90405814868459	1.8462080912677696	5.427769314921918	3.3338077270970645	8.205454820885306	1.7105693554398056	2.2824823062224238	0.4301991337110414	2.5406065763700725	6.276534691478924	0.22770619434838302	2.7643718709360474
5.085985765339165	8.239645594061109	4.9998679199896445	1.8462080912677696	5.427769314921918	3.3338077270970645	8.194772661110775	1.6711948525769982	2.2441860461151117	0.42874373815989686	2.6765494908346987	6.378340397842649	0.21749470890508082	2.832005158103469
5.132667011723094	8.270129328974269	4.983670408519035	1.8462080912677696	5.3856994865812595	3.3338077270970645	8.189098464350051	1.631873661601889	2.194152780304505	0.3894225471842205	2.68561321052673	6.356146951313373	0.4847713643228565	2.9750348543303153
5.132667011723094	8.270129328974269	4.983670408519035	1.8462080912677696	5.3856994865812595	3.2915666441720375	8.141416269913142	1.6741147445265598	2.1579100454431126	0.3894225471842205	2.6139004013185807	6.356146951313373	0.5182833546761306	3.024496692448087
5.154425353937502	8.255031689279901	5.016909425911232	1.9163030905688725	5.380426050930739	3.2564170191421344	8.183545687472549	1.676025352164542	2.1579100454431126	0.3894225471842205	2.541093935366441	6.300065178147506	1.5729601480456255	2.9684149192821634
5.307276425899819	8.321793406950324	5.057967373419331	2.0434503923689116	5.384559041895971	3.13322867000615	8.178114357408367	1.7183884782879884	1.9755881086306906	0.4654114001654717	2.68871337855866	6.2602979026427885	1.3195554657771584	3.067020154337093
5.33758639449729	8.315320717790186	5.098480377121326	2.1207460538284795	5.421341699653594	3.0927156663038256	8.178114357408367	1.7183884782879884	1.8563010631308752	0.5416015462929168	2.1129374966464494	6.2602979026427885	0.43185890194985166	3.2884172718220475
5.407686136795324	8.345575475758475	5.058635392791613	2.1207460538284795	5.421341699653594	3.1331626577700424	8.178114357408367	1.677941486821993	1.8077830288496541	0.503683107285983	1.7876582049808378	6.214325386865479	0.15783287205602908	3.3929146792563514
5.437885818023275	8.375775156986329	5.058635392791613	2.1207460538284795	5.421341699653594	3.1331626577700424	8.178114357408367	1.677941486821993	1.8077830288496541	0.5418541665030907	1.8701451881544109	6.164273149993563	0.1622441990780765	3.391616699966195
5.284700106644647	8.361078871931214	5.145905934636038	2.0695271693492483	5.45806490953693	3.2211047521322893	8.178114357408367	1.7172626777969757	1.8077830288496541	0.5048837625546588	2.088517326301552	6.226831669276214	0.30375114655617574	3.4998002276524036
5.33698178971631	8.367006828983984	5.098409796961755	2.0683847576941146	5.504418635555829	3.226175092636396	8.178114357408367	1.7596884749671866	1.8563010631308752	0.5047325911415427	2.1676795044749326	6.226831669276214	0.45908860663740103	3.610141510215764
5.255616956667831	8.381187908772723	5.234447323840005	2.108876371735223	5.504418635555829	3.1856834785952586	8.178114357408367	1.7596884749671866	1.8563010631308752	0.5047325911415427	2.083556065382533	6.265902936694204	1.1283305275363922	3.6019246390417585
5.247582750705354	8.373153702810203	5.186873177529869	2.0613022254250315	5.504418635555829	3.233257624905579	8.178114357408367	1.7596884749671866	1.8563010631308752	0.46681368379122024	1.9609962981695581	6.109616397916654	1.3559820040958035	3.6038183404248327
5.247582750705354	8.373153702810203	5.2274212346376245	2.101850282532691	5.544993070456749	3.192709567797601	8.137539922507464	1.7596884749671866	1.8563010631308752	0.46681368379122024	2.0487100197908283	6.003273529861704	1.2480292096977241	3.4974754723697217
5.177729652054026	8.342781260737963	5.18587310483544	2.020821496151444	5.544993070456749	3.31616415134906	8.137539922507464	1.7172626777969757	1.9402636086571898	0.4288443860586936	2.2444687102953074	5.993156205999771	1.4319163091532463	3.4478774919287716
5.10789772470415	8.312352928624026	5.14451671622692	1.940061512307034	5.587184490703294	3.4392900308154895	8.095348502261052	1.6748967821747285	1.9402636086571898	0.39082463084662733	2.361834088741602	5.975841027752058	1.6468529419138576	3.5011314947281713
5.14730131994007	8.312352928624026	5.024620923632645	1.8595693149488346	5.629316149565853	3.5197822281738644	8.10083726128452	1.6748967821747285	1.9765669576477218	0.39082463084662733	2.33236754237389	5.8869508482014545	1.4535094887142639	3.4516449104135365
