0	1	2	3	4	5	6	7	8	9	10	11	12	13
7.236127349831821	5.291856475787148	7.973588185389293	4.554395640229586	4.020374728949079	1.9459546737064355	4.690650375343225	2.097482724086141	1.337637973644068	0.36480162933192406	3.8394530117047876	4.658424725092788	0.06623182612460703	4.1062833067727995
7.291019869845282	5.080037996783781	7.919230632051864	4.451827234577123	4.236055891135194	1.7790074406428318	4.524717900673946	2.2644299571499302	1.3568041442159309	0.0891430932185162	3.6232770082005508	4.704080757028792	0.12449441166126758	4.365698662678753
7.34841873943311	4.866038507108465	7.922929155155092	4.291528091386444	4.444251966710346	1.7777178552086352	4.473122445186274	2.262021019480909	1.3044822092243429	0.04956903772584769	3.5634905351487145	4.753980046651988	0.079664248099593	4.450697881117444
7.351427787991181	4.76122561068232	7.868643068336107	4.244010330337453	4.450533134118028	1.8200579754168091	4.514359038827727	2.2196808992731696	1.3044822092243429	0.010046312897009253	3.4533564512334345	4.7495216852791495	0.13250319664030044	4.445360844346548
7.29964830643463	4.762186912294292	7.825018997028338	4.236816221700482	4.501351314062625	1.8636820467243023	4.514359038827727	2.217293510353861	1.3044822092243429	0.06425223385139252	3.453575392254727	4.7495216852791495	0.18406373717305427	4.489923190880819
7.29964830643463	4.762186912294292	7.825018997028338	4.236816221700482	4.553037968952208	1.7798012554162006	4.462672383938212	2.301174301661743	1.3044822092243429	0.06425223385139252	3.4021056898314934	4.799277925183088	0.2355334395960143	4.440166950976899
7.245433642559244	4.762186912294292	7.770804333152952	4.236816221700482	4.542587907704071	1.7798012554162006	4.473122445186274	2.301174301661743	1.2522218093963378	0.10151799355214342	3.4021056898314934	4.7039559345623685	0.2355334395960143	4.481274277722361
7.245433642559244	4.762186912294292	7.770804333152952	4.236816221700482	4.542587907704071	1.7798012554162006	4.473122445186274	2.301174301661743	1.2522218093963378	0.10151799355214342	3.4021056898314934	4.7039559345623685	0.2355334395960143	4.481274277722361
7.245433642559244	4.762186912294292	7.770804333152952	4.236816221700482	4.542587907704071	1.7798012554162006	4.473122445186274	2.301174301661743	1.218450951330233	0.10151799355214342	3.4021056898314934	4.7039559345623685	0.2355334395960143	4.5259084013334006
7.354404691961584	4.653215862891934	7.770804333152952	4.236816221700482	4.542587907704071	1.7798012554162006	4.473122445186274	2.2214987732541216	1.218450951330233	0.02184246516204643	3.2931346404291126	4.7039559345623685	0.2355334395960143	4.5259084013334006
7.354404691961584	4.751551803885626	7.723421431441223	4.382535064405999	4.537066994621018	1.827184157127996	4.380307417275766	2.2214987732541216	1.218450951330233	0.02184246516204643	3.292229296459814	4.7039559345623685	0.28236916494915193	4.5259084013334006
7.463395897352982	4.642560598494119	7.723421431441223	4.382535064405999	4.537066994621018	1.827184157127996	4.344515668658458	2.2214987732541216	1.2542426999473832	0.02184246516204643	3.1832380910681803	4.7039559345623685	0.28236916494915193	4.571981172156026
7.463395897352982	4.642560598494119	7.723421431441223	4.382535064405999	4.4854143058913065	1.827184157127996	4.396168357388167	2.2214987732541216	1.20201615427809	0.02184246516204643	3.2336214090538986	4.7039559345623685	0.2778406516234357	4.571981172156026
7.463395897352982	4.642560598494119	7.723421431441223	4.382535064405999	4.4854143058913065	1.7857048783963627	4.396168357388167	2.262978051986049	1.1159635992597763	0.02184246516204643	3.2336214090538986	4.7039559345623685	0.2307026369626456	4.571981172156026
7.409252612449413	4.642560598494119	7.66927814653761	4.382535064405999	4.4854143058913065	1.7857048783963627	4.396168357388167	2.262978051986049	1.0638329559070816	0.02184246516204643	3.2336214090538986	4.6909199764040785	0.2764841924720044	4.530873845410569
7.409252612449413	4.642560598494119	7.66927814653761	4.382535064405999	4.4854143058913065	1.7857048783963627	4.396168357388167	2.2220296651018767	1.0638329559070816	0.019105921748440727	3.182335957285952	4.740604809606255	0.3277696442407031	4.525897197665298
7.409252612449413	4.639187341651668	7.66927814653761	4.379161807563496	4.488787562733929	1.7857048783963627	4.396168357388167	2.2220296651018767	1.011764047274653	0.019105921748440727	3.182335957285952	4.781797034639337	0.3277696442407031	4.4847049726323505
7.409252612449413	4.5884645896506004	7.66927814653761	4.328439055562394	4.539510314734734	1.7857048783963627	4.431960106005386	2.2220296651018767	0.9759722986581352	0.05858336531402851	3.182335957285952	4.781797034639337	0.2819880887310359	4.4847049726323505
7.409252612449413	4.5884645896506004	7.66927814653761	4.328439055562394	4.539510314734734	1.7857048783963627	4.431960106005386	2.2220296651018767	0.9759722986581352	0.05858336531402851	3.182335957285952	4.732098709885027	0.2361312013372981	4.488328361048433
7.409252612449413	4.5884645896506004	7.66927814653761	4.328439055562394	4.539510314734734	1.7857048783963627	4.431960106005386	2.2220296651018767	0.9759722986581352	0.09811222671877677	3.182335957285952	4.732098709885027	0.2361312013372981	4.488328361048433
7.371447981148763	4.5884645896506004	7.631473515236909	4.328439055562394	4.49834797555393	1.7857048783963627	4.473122445186274	2.2220296651018767	0.9759722986581352	0.13769256879149022	3.2336214090538986	4.694294078584294	0.18484574956581365	4.488328361048433
7.423454476339718	4.53645809445959	7.631473515236909	4.328439055562394	4.49834797555393	1.7857048783963627	4.473122445186274	2.1832962006457413	0.9759722986581352	0.2160579187552586	3.232990560257119	4.694294078584294	0.180610200570551	4.488328361048433
7.314349931699166	4.645562639100136	7.631473515236909	4.328439055562394	4.49834797555393	1.7857048783963627	4.473122445186274	2.1832962006457413	0.9759722986581352	0.17875285149736142	3.291713552450834	4.694294078584294	0.1850613716322885	4.488328361048433
7.276473796259647	4.645562639100136	7.593597379797419	4.328439055562394	4.49834797555393	1.7433058828964638	4.42036861635275	2.2256951961455815	1.028726127490969	0.17875285149736142	3.2412414844872086	4.6564179431448	0.2355334395960143	4.488328361048433
7.382666342135749	4.596849341562736	7.69141123587623	4.28810444782243	4.49506449190047	1.6996877915030923	4.42036861635275	2.2256951961455815	1.028726127490969	0.17875285149736142	3.239716771259992	4.71061370783002	0.1850613716322885	4.488328361048433
7.382666342135749	4.596849341562736	7.69141123587623	4.28810444782243	4.49506449190047	1.6996877915030923	4.42036861635275	2.2256951961455815	1.028726127490969	0.17875285149736142	3.2911846987045856	4.660843832804945	0.13359344418755578	4.5367271438411265
7.382666342135749	4.596849341562736	7.643950087136129	4.335565596562433	4.49506449190047	1.7471489402430729	4.42036861635275	2.2256951961455815	1.028726127490969	0.17875285149736142	3.2911846987045856	4.660843832804945	0.13359344418755578	4.5367271438411265
7.325454728673327	4.60653753922165	7.643950087136129	4.288042180758884	4.594257617608604	1.7471489402430729	4.368698906448401	2.2256951961455815	1.028726127490969	0.17875285149736142	3.348396312167108	4.660843832804945	0.13359344418755578	4.5367271438411265
7.325454728673327	4.60653753922165	7.643950087136129	4.288042180758884	4.553037968952208	1.7471489402430729	4.409918555104626	2.2256951961455815	1.028726127490969	0.17875285149736142	3.348396312167108	4.611002328152337	0.13359344418755578	4.586568648493728
7.377545590247685	4.5544466776472925	7.643950087136129	4.288042180758884	4.553037968952208	1.7886268705803783	4.409918555104626	2.184217265808468	1.028726127490969	0.17875285149736142	3.2448375231482407	4.611002328152337	0.1850613716322885	4.586568648493728
7.43181307415928	4.5544466776472925	7.698217571047747	4.288042180758884	4.553037968952208	1.7886268705803783	4.409918555104626	2.184217265808468	1.028726127490969	0.17875285149736142	3.1943654551844243	4.6652698120639835	0.2355334395960143	4.586568648493728
7.426672726887788	4.610405204863605	7.698217571047747	4.3388603607034915	4.54343943766395	1.8310272144746844	4.368698906448401	2.141816921913825	1.028726127490969	0.17875285149736142	3.1995058024560663	4.6652698120639835	0.2827512066219085	4.586568648493728
7.426672726887788	4.610405204863605	7.698217571047747	4.3388603607034915	4.595183478174085	1.8310272144746844	4.31695486593815	2.141816921913825	1.028726127490969	0.17875285149736142	3.2004143737771056	4.6652698120639835	0.28313421699062113	4.586568648493728
7.441067356516287	4.558115280881535	7.660322276694336	4.3388603607034915	4.688112724658153	1.8310272144746844	4.188207649685186	2.141816921913825	1.0645440972603735	0.17875285149736142	3.148124449795003	4.668597545677755	0.3305059799182863	4.5901937246916145
7.441067356516287	4.558115280881535	7.70778342543445	4.291399211963493	4.729149201522347	1.825905017263672	4.0944571322544085	2.099477970384936	1.1172581378270032	0.17875285149736142	3.148124449795003	4.759761252358053	0.37795393159284724	4.499030018011367
7.545962044012242	4.453220593385534	7.70778342543445	4.291399211963493	4.729149201522347	1.8674468570426441	4.0944571322544085	2.05793613060596	1.1172581378270032	0.17875285149736142	3.094792087320652	4.759761252358053	0.4691937810424874	4.499030018011367
7.507994814280776	4.551635156484827	7.669816195703071	4.389813775062716	4.630734638423005	1.9090500943223367	4.0944571322544085	2.016332893326394	1.1172581378270032	0.17875285149736142	3.044141578259472	4.721794022626635	0.5675981835345999	4.499030018011367
7.613310808259205	4.446319162506612	7.713506554225811	4.34612341653992	4.630734638423005	1.9070244628284339	4.0944571322544085	1.9746681662972334	1.1172581378270032	0.17875285149736142	2.99048086580449	4.804626926610103	0.6596657478268851	4.461117582536871
7.6280880294218205	4.440930145481303	7.722861978827364	4.346156196075798	4.5833070975910255	1.8596297015323136	4.0944571322544085	2.0134016307532634	1.1172581378270032	0.1400193870382438	2.9376643079472697	4.808112281524187	0.7077274797911611	4.419592890928281
7.589976413781716	4.491905250466479	7.684750363187225	4.397131301061092	4.625134516083339	1.9436374359686346	4.001654608776878	1.8885007969202172	1.1172581378270032	0.1809124864342421	2.989411077977759	4.903130323512572	0.7523360589139084	4.468762591806287
7.604714916818976	4.438982680462286	7.690334829567735	4.353362767713482	4.717901511176346	1.9420887424333675	3.85623954785513	1.846280957108077	1.11789900599866	0.1809124864342421	3.040257148041935	5.082245131570997	0.8422089682804867	4.523915551299016
7.5120333743744006	4.490042160193253	7.597653287123105	4.40442224744438	4.666842031445355	1.984247085369117	3.803657421723388	1.804122614171844	1.1185356213518813	0.1412774763388923	3.0922793352247084	5.073755536304721	0.8387917846828209	4.53080972915385
7.59465542091961	4.377966757695624	7.6120438832434445	4.360578295371695	4.671481759113202	1.8930724627229485	3.6991708016510607	1.804122614171844	1.1710518431825732	0.1412774763388923	3.0371941633502666	5.208737528555914	0.8807548600740718	4.456222328253784
7.648004330632755	4.32461784798235	7.6120438832434445	4.360578295371695	4.671481759113202	1.9348623428702085	3.6467204483700937	1.7623327340247945	1.2235021964636226	0.1412774763388923	3.036144284518862	5.251312384174185	0.9263704625999444	4.459520667195164
7.624383987582372	4.31840810835349	7.670149713256665	4.272642382679084	4.728398491273016	1.8417774857901692	3.595007740767277	1.720235349688044	1.3270734602501477	0.1412774763388923	3.085708075683982	5.5741600906562265	1.0660250833924583	4.336015963727653
7.5699286174284275	4.3655702563885095	7.706967830977148	4.228531042839912	4.774134450035695	1.7925399721170103	3.554625855800304	1.6781993754867983	1.431134465859102	0.1809124864342421	3.190762903707987	5.562899371423356	1.1551666776260223	4.431398621378906
7.5699286174284275	4.416694196871122	7.706967830977148	4.2796549833224	4.775258839697794	1.7925399721170103	3.50237752565574	1.6781993754867983	1.5696050712291232	0.21821755369368565	3.243429582399462	5.562899371423356	1.1521166354579577	4.523657492061329
7.545308662408945	4.360667750826794	7.619260309688598	4.286716103547037	4.9864066550246795	1.790367659393358	3.4337838264887695	1.6362247222987187	1.657632492083953	0.25790104539271064	3.24180772292813	5.6544238635678905	1.2957791308280866	4.393427782616744
7.490949391041348	4.360667750826794	7.564901038321121	4.286716103547037	5.039101176015366	1.790367659393358	3.381089305497888	1.6362247222987187	1.7633168641743766	0.25790104539271064	3.2947540311054766	5.600064592200341	1.3933556549117223	4.393427782616744
7.46691060626435	4.3068888267917735	7.4870833295090025	4.286716103547037	5.039101176015366	1.790367659393358	3.381089305497888	1.6771178216957077	1.7104436823298024	0.21700794599402595	3.4003758021182744	5.697032368003542	1.638887745059566	4.452821356378875
7.388796945492474	4.3068888267917735	7.40896966873713	4.286716103547037	5.079597138217102	1.790367659393358	3.3405933432963835	1.6771178216957077	1.7104436823298024	0.21700794599402595	3.453697146574793	5.656862007210289	1.7387519295894234	4.509074481430429
7.295218257272864	4.25974045612985	7.315390980517552	4.239567732884977	5.005033629528841	1.790367659393358	3.462305222646394	1.6771178216957077	1.657632492083953	0.21700794599402595	3.507112641816535	5.73986560385012	2.0911215994121655	4.664558410430248
7.255950695534954	4.25974045612985	7.276123418779627	4.239567732884977	4.964313343108828	1.790367659393358	3.5030255090664144	1.6771178216957077	1.552196008481755	0.21700794599402595	3.507112641816535	5.744936469677116	2.142909081054987	4.715779517787231
7.065212079828149	4.31731018756903	7.142954534512041	4.239567732884977	5.086249546677314	1.8322810806940875	3.381089305497888	1.635204400395056	1.552196008481755	0.21700794599402595	3.782624461944556	5.745248112991084	2.2374222462717253	4.9703931387362985
6.986104082965376	4.364458558230886	7.110982800406648	4.239579840789676	5.079597138217102	1.8269970964779405	3.3405933432963835	1.5933521218540971	1.552196008481755	0.21700794599402595	3.8906998027886983	5.75551633585316	2.234160487210088	4.883818166357534
6.9066949598728495	4.364458558230886	7.1228661848636445	4.148287333240227	5.1603658962315375	1.7775568674692928	3.2955766996253155	1.55149984331299	1.5164438941385359	0.2567431066007154	3.9522020647715714	5.810758345441933	2.557807786326654	4.9997808852288355
6.8124214671838175	4.415750915925432	7.072894257414984	4.15527812569434	5.109073538536916	1.775168723529447	3.2955766996253155	1.5095864220126576	1.4638185608948764	0.2965299987965809	3.904984247983718	5.806645231394488	2.61290559713782	4.958853464830541
6.732510088245315	4.467127670957786	6.992982878476432	4.206654880726743	5.097969908927784	1.8171433767175622	3.2553035742020247	1.4676117688245407	1.4638185608948764	0.2965299987965809	4.072972210580541	5.9991144568002515	2.9374749261865656	5.2375569476019885
6.692440325179347	4.467127670957786	6.95291311541051	4.206654880726743	5.097969908927784	1.8171433767175622	3.2553035742020247	1.4676117688245407	1.4638185608948764	0.2965299987965809	4.183050421950351	6.004720055146322	2.7907045264168198	5.196176281963133
6.571772602635138	4.56114215221813	6.8322453928663	4.3006693619869925	5.044154603256349	1.8589340652898496	3.21510439861343	1.425821080252327	1.4638185608948764	0.2965299987965809	4.191351751870949	6.1095729121974145	3.12893674231553	5.843795559390692
6.477625063501058	4.563551921580809	6.791869411201732	4.249307573880078	5.0027023383805584	1.8589340652898496	3.3079184515960103	1.425821080252327	1.4112551394794697	0.2965299987965809	4.30480328308343	6.111430245100513	3.1795942039146423	6.061645551057578
6.227545168283095	4.732648664802194	6.710886259205156	4.249307573880078	4.9220420153803035	1.8589340652898496	3.3359169025241755	1.425821080252327	1.4639170115510407	0.2965299987965809	4.486838999316922	6.400438471119412	3.3271968750945073	6.8407496126969045
6.115074534962854	4.790527447687809	6.656294408770555	4.249307573880078	4.88160061984005	1.8171433767175622	3.3763582980644467	1.4288783043684616	1.4976375235724817	0.3352634632538575	4.605102464828306	6.43691305951802	3.2768892520487625	6.9769530355049145
6.02091265913747	4.89542033960925	6.615663636759965	4.3006693619869925	4.882913544229806	1.8171433767175622	3.3236835855678857	1.4288783043684616	1.4976375235724817	0.3352634632538575	4.7193550560475686	6.726894187647831	4.056949103275968	6.894718142744828
5.718936606918108	4.959847871057377	6.46945453947818	4.209329938497384	4.970300123708751	1.8148049884893473	3.2832620671494963	1.3868423301673114	1.4976375235724817	0.3352634632538575	4.675155552152951	7.018614841612606	4.506365111708825	6.731444185479447
5.612432359129876	5.066352118845663	6.46945453947818	4.209329938497384	4.970300123708751	1.8148049884893473	3.2832620671494963	1.3868423301673114	1.4451642134121963	0.3352634632538575	4.7816597999411945	7.018614841612606	4.518880145157687	6.741593304192199
5.513464109330808	5.124411078366722	6.428545249200006	4.209329938497384	4.970300123708751	1.8569023728259237	3.2832620671494963	1.3447449458306955	1.4451642134121963	0.3352634632538575	4.73136739085658	6.975790020887091	4.580851995049548	6.800081289623687
5.36492298225768	5.280483910328986	6.380089030020793	4.265317862565674	4.867308253529456	1.8516883068622527	3.2832620671494963	1.3029550656832738	1.4451642134121963	0.3352634632538575	4.84495421436134	7.1731842900661675	4.808833989360064	7.088941103712903
5.311949569074985	5.385080109083281	6.380089030020793	4.31694064813739	4.815685467957656	1.8516883068622527	3.2832620671494963	1.3029550656832738	1.4451642134121963	0.3352634632538575	4.789260572755103	6.971489434508285	4.9306602485112085	7.255462526937622
5.188452047395618	5.5404573612948065	6.301042875105153	4.427866533585143	4.660308215746096	1.8493952830344993	3.2832620671494963	1.2607967227478025	1.4114154810939135	0.33781033967621493	4.73688416278433	7.039619486264532	3.8973892135230717	6.602082859606012
5.1339907200292725	5.592419824565225	6.246581547738911	4.47982899685545	4.620673390285111	1.8493952830344993	3.2709344293398623	1.2607967227478025	1.3589758203589843	0.33781033967621493	4.68440461412549	7.0847139396411025	3.6236373519441476	6.513327338773685
5.2250200710846695	5.517568962493423	6.302142820377575	4.440446213200642	4.562128436905599	1.7527939122799803	3.1947547372642195	1.219068880131831	1.3947540360987059	0.33781033967621493	6.04304885821062	7.615965083033921	0.17583595671593202	7.11235826427375
4.994592266563903	5.623253180214639	6.177399233578177	4.440446213200642	4.562128436905599	1.7527939122799803	3.1947547372642195	1.219068880131831	1.3947540360987059	0.2979682245411745	5.746219228507761	7.960245021439443	1.0440382234062535	7.85912618012037
4.900170040159405	5.722749256728697	6.182452647686964	4.440466649201142	4.568118344386011	1.7060007950664469	3.1777294923090618	1.219068880131831	1.3589758203589843	0.2979682245411745	6.422587388248963	8.131629231094413	0.10959401658354166	8.150040073977262
4.999599968311658	5.665059031681396	6.224192350791841	4.440466649201142	4.568118344386011	1.7476672322842934	3.1777294923090618	1.1774024429133632	1.3251371658741142	0.2979682245411745	6.637299089486057	8.015155300719838	0.482988867922806	7.838926047750425
5.07768185362211	5.5919659823646946	6.182452647686964	4.4871951882997685	4.521389805287394	1.7476672322842934	3.1777294923090618	1.2161359073695008	1.3251371658741142	0.25923476008347524	6.407082998563034	8.03168733578186	3.7764791741671875	8.209963585372265
5.066912354949266	5.644475184142422	6.224192350791841	4.4871951882997685	4.5616966599750715	1.7476672322842934	3.1374226376215404	1.2161359073695008	1.3251371658741142	0.25923476008347524	6.341805847932569	8.181997979035174	4.4133313258610825	8.13663607999902
5.042803107195671	5.63963905037784	6.195246969273486	4.4871951882997685	4.5616966599750715	1.7476672322842934	3.1374226376215404	1.2161359073695008	1.3251371658741142	0.25923476008347524	5.9742961965174635	7.672792777329948	5.680857361353718	7.756284884208792
5.005743234472482	5.63482137466647	6.200089791583563	4.440474817555241	4.5616966599750715	1.7003957945734318	3.1374226376215404	1.2166869743352526	1.3251371658741142	0.25923476008347524	5.917240934542988	7.8469135149567215	5.432280083828775	7.673413997909309
4.681100440229088	5.791152126232308	6.031777748906145	4.440474817555241	4.5616966599750715	1.7003957945734318	3.1374226376215404	1.2166869743352526	1.3251371658741142	0.25923476008347524	5.882319651282666	8.846961258220658	4.807566502696156	7.790945995940254
4.599400927755079	5.8430551644064295	6.001981274606343	4.440474817555241	4.61455409391894	1.7419405885519617	3.1372270757496334	1.1751421803570254	1.2724752938020312	0.25923476008347524	5.940530457305247	8.933786753843966	4.8348422382754634	7.693979879116184
4.550828765953606	5.894531068626469	6.056905711785807	4.388454122794269	4.666574788679934	1.7419405885519617	3.1372270757496334	1.1751421803570254	1.2724752938020312	0.21944451563431253	4.609298260745001	8.318019752696305	4.350779307901254	7.280461279938716
4.605834473718917	5.894531068626469	6.111911419551179	4.388454122794269	4.666574788679934	1.7419405885519617	3.1372270757496334	1.1751421803570254	1.2724752938020312	0.21944451563431253	4.216172483729265	8.039889630154097	4.50754573083155	7.08849092308732
4.421388990473215	5.951598971118132	5.984533838797068	4.388454122794269	4.666574788679934	1.7419405885519617	3.084565203677689	1.1751421803570254	1.3251371658741142	0.21944451563431253	4.11525173025938	7.583458236686886	3.3813116645418844	4.114038095729618
4.038823033027096	6.111244471307782	5.769010398948741	4.3810571053860325	4.718510760235846	1.7864795426998383	3.084565203677689	1.1751421803570254	1.3251371658741142	0.21944451563431253	4.219561998737192	7.467194470125647	2.70888087683485	3.8341657447636956
4.081692692635987	6.111244471307782	5.811880058557743	4.3810571053860325	4.718510760235846	1.7864795426998383	3.1372270757496334	1.1751421803570254	1.2724752938020312	0.21944451563431253	4.625228805061147	6.68858687269618	1.6832793431590278	2.7870001765202717
4.1882759527353395	6.008025637549456	5.867095854918389	4.329205735366306	4.77036213025538	1.7864795426998383	3.1372270757496334	1.1751421803570254	1.324943006920266	0.21944451563431253	4.628819540429847	6.528046087576738	1.6853082034709446	2.8284157652055875
4.332087973726525	5.962256455569476	5.918421797558612	4.375922631737352	4.823293879107448	1.8331964390707167	3.1199817395078737	1.1342490809598782	1.2892565943098058	0.2603376150283964	4.549478020383708	5.2243185578746445	0.7326000903808764	1.1101876195365374
4.490881808444504	5.858821998510078	5.973781175217235	4.375922631737352	4.783028072206403	1.8331964390707167	3.1602475464091015	1.1342490809598782	1.3417863238279133	0.22059917833437775	4.579040378186377	5.067965638322408	0.5404126190967455	0.25834546581375256
4.744602417362727	5.823161202792454	6.191806869242296	4.375956750912921	4.829783471748364	1.9221412548925945	3.1245611337984944	1.092093783855972	1.3774727364384065	0.22059917833437775	4.168684648967889	3.702815717569472	0.011627559388199815	1.3374208926545579
4.742723909202906	5.880789905452701	6.200694815760102	4.422818998895649	4.829783471748364	2.0112199309948218	3.0718992617266427	1.049877355736126	1.4301346085103745	0.22059917833437775	4.043021168217988	4.00392377390582	0.10798924701265594	2.2213946304658676
5.510901503287221	5.519258889322648	6.56288607174528	4.467274320864736	4.789443116801683	2.097156951038359	3.1122396166732678	1.008395657661596	1.4301346085103745	0.2603376150283964	3.026806034364978	0.5831224266379751	0.7962047663868778	0.9668806923051291
5.590888265556338	5.524305405225837	6.600988221012615	4.514205449769488	4.749028046696745	2.1440880799430175	3.1526546867781597	1.008395657661596	1.4301346085103745	0.2603376150283964	2.670499547639239	0.3167208358853708	0.9321998822473607	0.08456636832718568
5.41796296013717	5.54186767811755	6.544249238895604	4.415581399358955	4.794658728219556	2.1440880799430175	3.205648055666081	1.0062420131495953	1.4301346085103745	0.2997898505114036	1.4613100908813057	0.6537541207958348	0.5385048528114003	2.14170744954741
5.359708652209178	5.548422672746692	6.497245292784604	4.410886032171296	4.7529088919468	2.191887974245443	3.2990972052374348	1.0054460649584014	1.4301346085103745	0.2600546899051064	1.2266959051952682	0.6139480388145674	0.43856074121373867	2.041749889298065
5.31174635023084	5.553842107281375	6.454702425340748	4.410886032171296	4.7529088919468	2.191887974245443	3.2990972052374348	1.0054460649584014	1.4639170115510407	0.2600546899051064	0.42673809533018686	1.5436998223022658	1.4508281932517375	2.3367748698803092
5.152049724555665	5.67091154922781	6.412075241612219	4.410886032171296	4.7529088919468	2.2342269257744283	3.2990972052374348	0.963107113429113	1.4639170115510407	0.2600546899051064	0.3595575806893986	1.2551225042474863	1.4377315497382235	2.0404269909108397
5.040442920541849	5.782518353241739	6.367700879183	4.455260394600496	4.7529088919468	2.3210016320983504	3.2990972052374348	0.9207067695346568	1.4639170115510407	0.2600546899051064	0.08360117451990767	0.8413408397889756	1.539775656660595	1.939150513532451
4.94100326420601	5.730903607019161	6.26826122284713	4.403645648377998	4.80452363816931	2.2794622223069503	3.2990972052374348	0.9622461793264826	1.4639170115510407	0.2624912595424182	0.30523751521750453	0.7743238297494608	1.4954045352605703	1.6231608750653688
4.8971059807922535	5.789698024114357	6.283158356528557	4.403645648377998	4.857462430127826	2.2794622223069503	3.246158413279058	0.9622461793264826	1.4639170115510407	0.2624912595424182	0.7605358573726735	0.8531258408566578	2.25211712188625	1.7383247440554428
4.82435562636358	5.895466026952846	6.269310971008193	4.450510682308218	4.810597396197534	2.3210016320983504	3.246158413279058	0.9207067695346568	1.4639170115510407	0.2624912595424182	0.9492584116421643	0.8058135828157721	1.8575211729368086	1.563092268662774
4.7680601524586645	5.895466026952846	6.260015256096175	4.403510923315286	4.8636111699997	2.231601529210736	3.1931446394766874	0.963107113429113	1.4639170115510407	0.2624912595424182	0.8767699296868461	0.8579289897836526	1.7154352872482794	1.5236210067946354
4.800190851663382	5.9482435733536185	6.300617643708469	4.447816781308592	4.904101122698334	2.1912907894095635	3.1526546867781597	1.0090394735077566	1.5164804329666812	0.3011754972587938	0.7767048842510764	0.5942947137161501	2.1644291767752186	1.4942590030958258
4.651844299856267	6.2186017876773105	6.4813564688498575	4.389089618683694	4.9540682084736645	2.067024806475078	3.205648055666081	1.1775387484803495	1.5164804329666812	0.3011754972587938	0.14818401608762033	0.21943415281282316	2.603539173079708	0.969592239466635
4.702407332048268	6.271160643656597	6.5916716234179935	4.381896352286873	5.005422326487328	2.0273015865409234	3.205648055666081	1.2614228200310675	1.5164804329666812	0.3011754972587938	0.13112148486136155	0.6469490896297263	2.830930151781058	1.164218077290219
4.823700568167519	6.3749603138980575	6.648312698749636	4.550348183315935	4.991406162489862	2.038374088390224	3.218338225025081	1.4700723588874114	1.5353225802979489	0.34096574171070504	1.2846756994713564	2.3511898168474965	2.964511439333347	0.6791390365368347
4.803203478769849	6.4778100255985755	6.643279201743648	4.6377343026248665	4.9386570062618365	2.04266264501651	3.2185568104213136	1.5531699215702282	1.5878531511296532	0.34096574171070504	1.825381216128053	2.1215611367412333	1.9696737436416558	0.5024443376049859
4.86460187201101	6.246185717704783	6.491630471056307	4.619157118659448	4.876798736468642	1.7498546404799344	3.3358772344833416	1.9215471341265187	1.5352613836569957	0.30228150399491605	3.4572859733563623	3.8963766478042787	4.002591706946708	1.703562715730445
4.7476919312395784	6.282978191197906	6.465859723159674	4.564810399277907	4.823020003049844	1.623844858335345	3.388203075597946	2.0442222765638336	1.5877263556356838	0.30228150399491605	3.7785764353845774	5.007287105116656	3.289134585545986	1.002333078938734
4.7026034648867405	6.181025362059839	6.369747253912748	4.513881573033967	4.821664360300244	1.623844858335345	3.4404875445914906	2.0828514499376807	1.5538819145790048	0.2636523306182524	3.784905545980208	4.806273451765514	3.1200716845559913	1.1668685288601988
5.8995075394226095	5.5201445212136235	6.826740617422858	4.5929114432134	4.5541628426993395	1.3824168716034768	3.747859806013126	2.4073900130076056	1.5519363179735062	0.3009475693334099	5.1614210807068455	5.247493179128066	3.457200544289388	2.6132477875454145
6.033843936012511	5.355859846733071	6.765371554953516	4.624332227792044	4.505467553507116	1.3063099546720127	3.8512883460025384	2.5696509653154718	1.5519363179735062	0.3009475693334099	5.277571244430838	5.326533007046489	3.5198691229397605	3.2276533039616906
6.082776201516824	5.252926161112123	6.74930459621492	4.586397766413932	4.43852535759613	1.3187401217985608	4.117954485354196	2.7713841625804037	1.5855910728859577	0.3009475693334099	5.368254029167035	5.88403366584478	3.65601387513544	4.496090208256189
6.748021914435461	4.2921172783971215	6.721514617571748	4.3186245752608325	4.66934920351645	1.6766368827801132	4.623532261766553	2.8936474856631924	1.6378995781123065	0.3417244216732561	3.5669998635924	5.707085101382795	0.6794203237751447	5.940566448007909
6.93751566097278	4.039245074569529	6.634602496309156	4.342158239233336	4.714419510641356	1.856111324483574	4.774173908069935	2.933418661360386	1.6378995781123065	0.3391843888546114	3.819863118784415	5.10425530038159	0.5822225832156097	5.230075940793961
7.365476420291889	3.49286707777528	6.641241088558906	4.217102409508428	4.707219361492798	2.117607560217034	5.177898636191498	2.979232112665377	1.6213008551675294	0.3391843888546114	3.6078405674888936	4.403953182377173	1.6108538411747384	5.255914712307081
7.439194370685703	3.244253466426051	6.528234031527118	4.1552138055847605	4.61098181684853	2.203452622974496	5.4658972346865875	3.023259499834931	1.655077661469909	0.3391843888546114	3.4981017789419946	4.712653376222347	1.815404556834285	5.349813521613688
7.544151968843192	2.6485501305498484	6.340021601458149	3.852680497934955	4.943650346819028	2.62129781868687	5.763533379278149	3.1096358672245166	1.8501907120921606	0.3789678661460203	3.029939947396166	3.3462305170592614	0.878273813861213	3.551606665788815
7.561632312611038	2.508247489950433	6.195377730511274	3.874502072050281	4.6684791408276665	2.7388972123660245	6.018284048912502	3.113438748057232	1.9771032869465794	0.38244636187664155	3.080959402784079	3.168669319505929	0.38323204677238804	3.6362616786805484
7.287598758823661	2.4919406725738695	6.0879079130018665	3.6916315183956505	4.775886589334641	3.134607339609126	6.29577969147535	3.008291846068346	2.0656339747859285	0.4621755915705256	2.227604835923014	2.3495677889973727	0.18946784500221142	2.1778849082818192
7.052902706342403	2.473122330266141	5.858847221078568	3.6671778155301946	5.0507800847384505	3.546801197729826	6.149635622995442	2.8046349361258116	2.136002580342878	0.4621755915705256	1.8929565799084005	2.239335785255136	2.4645697497884305	2.0754299227588513
6.29357686091097	2.3180102051561904	5.308558369082649	3.303028696984446	4.770861023456037	4.088217833043698	6.664239247399452	2.35366218301607	2.3130413988011966	0.4193059723999644	0.0016387028090553196	0.3782953234000956	3.8843680342671765	1.1302642211627076
6.009339003061152	2.1926082548841532	5.172993569137369	3.0289536888079396	4.72949821564602	4.25545222517498	6.9796770633858465	2.2272626841344025	2.3130413988011966	0.34118277458663093	0.20978128958779246	0.015219619119799277	3.7910344528751834	1.0943014095145518
3.8611933327553776	4.617875626395087	2.6055358260965535	1.8488535324568092	4.1294587984166595	4.796087812649333	2.1882093798072284	7.2873295298141985	0.33178372215395296	2.168355564229729	0.9224715155977937	1.3057023713987692	0.4168261622091077	4.468874848675732
4.097725592290116	4.732795644058386	2.869751309732397	2.2346812579643203	4.077182329910042	4.711464269194623	1.9816341989773687	7.421191656625032	0.07107134468519177	2.1731484252033124	1.135101736347371	1.138883572635493	0.28460820972785955	4.948000725544026
3.083455016363509	5.0075993144190765	3.0845469255415794	1.1604026274861043	3.628685276293644	4.474941634842499	2.1041479160166476	8.283495867838818	0.28965714185563346	1.2044599673215244	3.554942119252466	2.72793166561973	2.4708928413973923	3.851852046568
3.0404422510921467	4.858845771787383	2.8355273624738095	1.0171238417782484	3.747823910539443	4.340447708195621	2.019652138498319	8.595911436920998	0.25042844530436165	1.541535500616802	3.9948005318520705	2.123275984808956	2.0929041835633178	3.720429602884374
2.353948662682093	5.406095634426992	3.226355804716286	0.17420883297198045	3.506971916918964	4.455576114911492	4.168596842572888	6.083814704858797	0.1426930121210298	0.6441359581650785	3.3216787124249785	1.737176477335835	0.8359261879136123	2.6556135587136627
0.11544090804804238	4.7778545291792	4.055054437162539	0.838241000067143	3.6853204903172063	4.912355408239641	4.533828019439458	2.6165222456588277	1.8355677718440955	3.562431141284184	3.548853691316394	3.4356852594406364	0.7148509181227418	0.4982370550273097
2.6482607396347393	4.836386968252232	2.6611560694917533	0.4730298408746482	5.303171529174868	4.314676460865959	8.898288764450664	1.9238110538102373	2.3170529567308487	0.572118758322415	3.5709126659721	0.8805816366659467	2.3878157555043575	3.833261617337552
3.3938192889257803	4.937057183824161	2.463082571469452	0.9198446765709535	5.710593137499633	3.84701172433061	9.19629204700976	1.9778778847787502	2.2192932248925596	0.2600546899051064	3.583061317163681	0.5761001534591511	2.1729674909430927	4.176026111504616
2.76865985937668	4.949210931832057	2.558827291102195	0.3782762186461011	5.4259833302756	3.8070647062671488	9.116268778605246	2.274399147861795	2.3603870109332563	0.019105921748440727	3.4618044609043257	0.892958428455227	2.5268070064137467	4.04523998698149
4.385109631334739	5.9276717161270955	2.7977340712502587	1.2551719864579627	5.635343823353332	3.6567719950639592	9.19350558432744	2.465134971389253	1.231535087204737	0.2893513247346719	2.7623540990773052	0.9327027014550575	1.9993037589433422	4.257107551632309
4.763785503809399	6.104458538648716	2.954848875503662	1.6141758406644093	5.49390306361843	3.4961674223195143	7.027790782049708	4.086235064000135	1.290870684721187	0.0835738128362802	2.511024747425356	0.5370723580450002	1.0274651298536606	4.395186483542968
4.566782756799171	6.089212315490592	3.1366053993559455	1.6141758406644093	5.663666903812346	3.412053482430615	8.771981701677937	2.5585688692562734	0.18143151416626355	0.18873343131768378	3.3535208484867742	1.7102705724623866	0.8090706511726424	3.61810788194387
4.355803033530947	5.974664913662647	3.2299175477062168	1.6110556675745433	5.8305701704679915	3.412126890189706	9.011904293833604	2.2357215893769293	2.1612225221214545	0.21500155245421637	4.393571728831486	2.355925877352159	1.8609653027004867	3.2746474438371154
3.726255402045312	5.979500214080576	3.768733156371866	1.5154883443363871	5.946071892451852	3.6227413302318423	8.824906484921486	2.1916840948360656	2.4172681797702245	0.10175803078485246	2.5323769587543983	3.0149024739204697	1.5387051149341275	2.747893717716473
4.43799714252767	6.224985724353359	3.8415433205480913	2.0545547387222873	6.32586501439946	3.6340404897309737	8.70218130123455	3.3656630494795903	2.325697232875742	0.7858698481124974	1.8661008761247757	2.1584770745951594	1.9682876573308403	2.414711879502007
4.546581089729367	6.208978946558055	3.886057238991416	2.2236593821628166	6.349790339582201	3.7435626557767456	8.694481673082283	4.186784935813211	2.3417170080866954	1.0186174138531967	1.8869799906970985	1.9571973248325834	2.0631649024979963	2.4084137851556493
5.190180647599459	6.276771980185682	3.645990122936925	2.5593987903509428	6.470075173221613	4.33609939558954	2.298624579146252	8.463092767721225	2.2381975380145205	2.4556956297297523	0.41424243441297653	0.9348495244741883	2.083943072614717	2.4317525199510235
5.541227238674551	6.226071132634065	3.486843219902183	2.8019993259427967	6.5429165217249174	4.507894195209767	2.181883516325022	8.566428431875472	2.0195976228580705	2.178856909385082	0.2499479689317513	0.7868056538622246	2.198814681216978	2.717235613623623
5.844329824759693	6.324435223906975	3.3879748604964104	2.907869461349177	6.606008901212054	4.54924008816115	2.2660071651955906	8.294013260367164	2.8324798227047636	2.502418010866887	0.055713714188828305	0.0770547963038866	2.4450882962805878	2.2569949080601757
5.903984584567255	6.2973442435301825	3.291989620721484	2.8986299617584086	6.594505003050339	4.631724908885217	2.309641713592183	8.307150027970888	2.2301930892349446	2.3015832485173977	0.09198623777565038	0.2697209386554022	2.7042115674401885	2.5176333147176684
6.030368225300638	6.575229192053059	3.3590136495491203	2.8141526827969123	6.684692126219106	4.5939680969707535	2.4718341408435416	8.107686274403209	2.8481374767197756	1.909246920472763	0.4920227565115276	0.4670504064955822	5.144079382429581	2.785463576953783
6.061387184640602	6.737200526999762	3.4166000841535786	2.740786741794549	6.65404719065468	4.636565184445814	5.077129210875596	8.11464338857511	4.977818205191576	0.14349403587274565	0.4757566191947677	0.5731026589004867	5.318155345560537	2.5376513294436442
6.013296594871817	6.785561071926797	3.476277575255997	2.704013098201184	6.617273547061272	4.809127444772268	2.5863669218286334	8.004580763410267	1.968266935055145	2.7994595224549252	0.13673587088200842	1.9687497703363548	5.217185850919623	2.5594455969799292
6.0580008735576465	6.867099601859441	3.558741681296178	2.749642952994361	6.538407836656697	4.856759685208252	2.220840970509338	7.874484416934244	1.7869554453289576	2.95223886756072	0.03137059292838917	2.2315523770689536	5.000971081328518	2.580746195155055
3.9099714747115697	6.421440910249849	3.2507202523054888	0.739250816767882	5.817830946443312	5.121305808960195	7.718714665678451	2.1636275295320853	2.7019245378099193	0.001628587497077	1.6094147040186255	2.480986483272959	3.2903751642618606	1.7888653043201286
3.5087035234898125	6.428806159000904	3.3142514970750274	0.3941488615649537	5.749394315279038	5.0148339693074435	8.134682768643906	1.8424866095323025	2.7153415478141083	0.10110140878797709	1.5003007277488938	2.5580803935220082	3.4555175311842357	1.674239762558804
1.4173880595932078	5.767035408432879	4.484111422516251	0.13446407367711719	5.720755062115587	5.0325691786912765	8.05584922020259	1.8861282019009347	2.665621034181955	0.09521751241135491	2.019612511934651	1.5563430228869706	2.2005381960853914	1.6278610871920656
1.239475069746874	6.105235704077465	4.508234521479219	0.35752611285042823	5.406207228939147	5.082151795930396	8.062655530925596	1.9299504856658996	2.564862736269255	0.13131746358879084	1.7309376729279804	1.6579478378706822	2.3978585355510016	2.481286275433841
1.954318075237067	6.118647461102619	4.124748689481356	0.03958069637318149	5.735817522343018	5.050774775890389	7.969829043550911	1.971009658338124	2.716655748960476	0.1837475395125836	0.3635362689560181	3.8817034039265828	2.9852407933908722	1.3075577614875535
3.273547593611091	7.038709901244093	4.222248079473957	0.45708577184109195	5.672311165090853	4.702712348248806	7.9441932899896885	2.2977443439385445	2.487727711872425	0.6834736949649197	1.2239322369819001	5.204913320104078	3.9271814746339966	1.4003762986602724
4.258467084343663	7.324221049660861	4.074405469151835	1.0086515038343686	5.816810219428498	4.381102024992724	7.889092313439029	2.3376562047561964	2.4497577252366534	0.7220397462212659	1.8889668481701947	5.322525579737395	3.8473230941117404	1.9674290899864186
4.225666459443471	7.257253392832513	3.991025219824233	0.9594382864348262	5.765753709188266	4.464835138259484	8.031266692380632	1.5933611401256655	2.5539095381157524	0.8565837458543359	2.442926129350515	5.407903015911075	3.3084584284944922	2.011927151884315
5.247726854325413	7.760797127696839	3.681079418929627	1.1680091455578625	5.843955003938933	4.334465573887082	8.067958703396894	1.5933611401256655	2.3139321893153775	1.1471309533034395	0.2648588284122935	5.56173187652571	0.0648744850526198	2.215437759093423
5.255024052937688	7.573713154766689	3.8885018061450087	1.5698127043159686	5.95244493633522	4.169768770713502	8.067559382443902	1.882066661112853	2.3151098297333643	1.5658834190626088	1.8328395059420024	5.640931944123921	3.3568505025819215	2.1696996853268615
5.611049521868238	7.69527285353502	4.06635609929504	1.9821327676284293	6.016952852745312	3.950067574354735	8.048153359058457	4.415274741116887	1.0188425446635752	0.6784237689424609	2.6560524044754836	5.570664550153218	3.5439255949161654	1.8790883896821033
5.65674126975948	7.749444946200224	4.198361063174645	2.1056573867341113	5.880299891389094	3.8180626104748594	8.275293988390779	4.0734193174738	0.30724005213329053	0.8947452480556909	2.5409289733440383	5.687983670678144	3.4357050416712056	1.926316871714595
5.8017059600833525	7.803281947596081	4.278716959687274	2.2771409721744513	5.829246615998202	3.595019102448185	8.41711390444034	2.1099334690113074	0.932087878561752	0.4112347384775924	2.606350439696354	5.539961431013786	3.032702616176968	1.9315491428078206
5.8363408168376845	7.756426430539105	4.235570495877662	2.3154848821765586	5.867590526000149	3.5523575188682854	8.466820064597654	1.6236282843833163	1.0314536565591745	0.09195483551536746	2.7080513956368333	5.444541479450297	1.6476014328245931	1.9946630923320663
5.813903570219174	7.7771356477300895	4.32633411420107	2.3631020366902966	5.825055251287011	3.4196062876902045	8.509355339310783	1.5471477246009366	1.3814362822358635	0.3900399443934926	2.6547245170033613	5.487687943259824	1.836601373918948	1.9946630923320663
5.839298522366972	7.749675129668607	4.316637134376034	2.4062605270744095	5.693336520816149	3.3295483017519687	8.594300139982506	1.5085951133928508	1.481985028031915	0.2719741587675718	2.636631315350826	5.335887761406997	1.344833526406673	2.0492246915108567
5.859915012412275	7.81700301720124	4.316637134376034	2.359549129586909	5.773354031506496	3.2447912932909015	8.467571231804932	1.5524590224571944	1.6177944597546647	0.2725360697738672	2.713314281029385	5.335887761406997	1.461916413486717	2.164313185714186
5.727315256907742	7.822401503601121	4.416266534384244	2.3211802876908973	5.734985189610329	3.2447912932909015	8.480707999408576	1.511621140228767	1.8068962507063282	0.07272219379748265	2.6803439255333417	5.435517161415259	1.5490398125457108	2.2173743863760174
5.69428313523217	7.789369381925575	4.37388094138076	2.278794694687145	5.777394162021126	3.2026698981440904	8.438299026997706	1.557388743842336	1.9779474374042452	0.04376011616517511	2.6473118038577517	5.435517161415259	1.5927395304831309	2.2173743863760174
5.69428313523217	7.789369381925575	4.37388094138076	2.278794694687145	5.777394162021126	3.2026698981440904	8.438299026997706	1.557388743842336	2.0287369293010116	0.003887219504659323	2.6091401778409122	5.487687943259824	1.735153785413187	2.269545168220754
5.69428313523217	7.874474252061695	4.46375110995693	2.2835599931274246	5.776857034619738	3.070639762294928	8.353731284262949	1.5587631395879005	2.06340141475404	0.03302014184070143	2.571043095345048	5.487687943259824	1.5116960903622603	2.3844654473559426
5.69428313523217	7.921085051167208	4.46375110995693	2.2369491940219466	5.730246235514351	3.1127997295679415	8.353731284262949	1.516603172314847	2.012635936725931	0.006802762176969482	2.571043095345048	5.43129437622501	1.625308521058353	2.3280718803211644
5.661189095666603	7.887991011601672	4.506214962883262	2.2794130469482874	5.730246235514351	3.070335876641548	8.353731284262949	1.557388743842336	2.012635936725931	0.0738057133686405	2.65521040554741	5.379131595141942	1.8721395523512108	2.3814228733062976
5.661189095666603	7.887991011601672	4.46375110995693	2.2369491940219466	5.688149875493729	3.1127997295679415	8.395827644283639	1.557388743842336	1.9619318368520358	0.03398280926746457	2.7322632030597926	5.327071474515935	1.839755908913752	2.381948621270023
5.670770456812079	7.907506373737271	4.562759762978932	2.3260238460538813	5.734760674599138	3.070335876641548	8.395827644283639	1.557388743842336	1.9619318368520358	0.11357596962739794	2.5702377985085714	5.327136436419601	1.9011356241010091	2.387500637715987
5.703740812308287	7.940476729233471	4.5202959100525675	2.2835599931274246	5.692601813182295	3.070452800609734	8.437986505700495	1.599735672800722	1.9619318368520358	0.15507865424544443	2.5649300920169393	5.327136436419601	1.8782197122434034	2.4496462974956734
5.703740812308287	7.940476729233471	4.5202959100525675	2.2835599931274246	5.692601813182295	3.070452800609734	8.401289768816524	1.599735672800722	1.9986285737361724	0.19468902349463674	2.5085040700551966	5.327136436419601	1.8733565666687406	2.5020800437259885
5.680019657169423	7.973385469857751	4.529441230243147	2.2360754175546194	5.607908142369178	3.075528035288702	8.485983439629655	1.6421450136942284	1.9986285737361724	0.19468902349463674	2.6722027053821087	5.383766332182891	1.6094965551951943	2.6166202357545147
5.680019657169423	7.973385469857751	4.529441230243147	2.2360754175546194	5.607908142369178	3.075528035288702	8.485983439629655	1.6421450136942284	1.9986285737361724	0.19468902349463674	2.6722027053821087	5.383766332182891	1.5653292269296015	2.678953941261214
5.680019657169423	7.934941816338139	4.529441230243147	2.2745190710742866	5.60394217801824	3.075528035288702	8.52839305750014	1.6421450136942284	1.9986285737361724	0.23424708479539638	2.4429269289050723	5.327183881210554	1.1860482096498992	2.6848189295682543
5.680019657169423	7.934941816338139	4.529441230243147	2.2745190710742866	5.60394217801824	3.075528035288702	8.52839305750014	1.6421450136942284	1.9986285737361724	0.23424708479539638	2.3486812183438244	5.322532947758054	1.1278583422087383	2.742729331958512
5.680019657169423	7.934941816338139	4.524334224659882	2.2694120654909167	5.60394217801824	3.080635040871908	8.52839305750014	1.6421450136942284	2.049332673609764	0.4326557490086067	2.1998388555015795	5.322532947758054	1.1077906666588533	2.742729331958512
5.680019657169423	7.934941816338139	4.524334224659882	2.2694120654909167	5.60394217801824	3.080635040871908	8.52839305750014	1.6421450136942284	2.049332673609764	0.4718476902383572	2.2369413193632677	5.322532947758054	1.1731518732653654	2.794854298940307
