0	1	2	3	4	5	6	7	8	9	10	11	12	13
7.657550571374169	5.353704010701468	8.429394817185473	4.581859764890122	3.962808374376622	1.5901085411882128	4.109871490125033	1.9502540286065724	0.9465107798718658	0.555193951869169	3.5161601417293094	4.267411134381987	0.08554839231547536	4.85902910903875
7.657550571374169	5.301142347264175	8.20254054157895	4.756152377059279	3.933887590475705	1.7741108328870874	4.155947962619722	1.9931060125141862	1.0866325180785599	0.35191113386114564	3.5161601417293094	4.359299363095193	0.08554839231547536	4.674602146728399
7.657550571374169	5.154685888571704	8.110567741227904	4.70166871871795	3.9164791127579393	1.8229788369591555	4.319812899029958	1.959014390892792	1.2107160145079974	0.4291075517605518	3.465563619924261	4.359299363095193	0.034951870515138046	4.719883080214173
7.603894835416499	5.1559330276263164	8.110567741227904	4.649260121814826	3.875109934239438	1.8226635274184007	4.413590674451678	1.881908211484119	1.1772045071046449	0.4694990750618903	3.4660812498797533	4.459680620280046	0.01818623548117115	4.664856067521946
7.645490299721186	5.09827041205484	8.09450058996122	4.649260121814826	3.916283380827978	1.780065378334547	4.372417227863188	1.8828245351110129	1.1772045071046449	0.47409850890678085	3.4084186343082785	4.535410497048454	0.01818623548117115	4.573059039486943
7.648164188165075	4.988393072332381	8.039619667523365	4.596937592974107	3.916077061476317	1.780065378334547	4.424946076055268	1.8828245351110129	1.1245745836158758	0.3931337306021085	3.2426258569880804	4.622315114227082	0.1700710452513954	4.5230116566797465
7.65080493516909	4.883808090691888	7.890111374932054	4.644501650928901	3.9632148507107416	1.8747672255241479	4.424946076055268	1.8828245351110129	1.1245745836158758	0.2720792834550509	3.182943560348075	4.567508668825158	0.12194294863382923	4.6147524008055845
7.596072915391388	4.78927399536459	7.832633192965347	4.552713717790408	4.057748946038227	1.834978112999812	4.424946076055268	1.964102856910793	1.1245745836158758	0.15289436629865552	3.1281502132455192	4.604566336663919	0.2201858953117299	4.615218928732712
7.4878443023972405	4.790582222189861	7.730435096046858	4.547991428540374	4.06881966519903	1.7977618345231818	4.46613809709447	2.007238171152464	1.1245745836158758	0.15735054986344346	3.074934144827462	4.641723783793201	0.3246834257125676	4.523403835634721
7.4878443023972405	4.695685489792828	7.682820328495227	4.500709463694993	4.0699586194270365	1.7603679959413527	4.506734843287628	2.1309376465556	1.177735615591741	0.11865968059695545	3.125200507397795	4.641723783793201	0.22660625987990965	4.61500167633216
7.472230278578983	4.6434926227398305	7.622499869061103	4.493223032257742	4.122151486480127	1.7626017534256928	4.506734843287628	2.1734103246870133	1.177735615591741	0.11865968059695545	3.125200507397795	4.675878068425187	0.22660625987990965	4.565233367882127
7.472230278578983	4.539366396261373	7.577867727450268	4.433728947390285	4.2262777129585425	1.8497696359090243	4.506734843287628	2.169509324835438	1.177735615591741	0.08002493957438063	3.125200507397795	4.675878068425187	0.22660625987990965	4.611179080787098
7.472230278578983	4.487432778475722	7.580910157218892	4.378752899835923	4.278211330744141	1.8891999778367954	4.506734843287628	2.1686496833984457	1.1441337694982792	0.038411809307449314	3.074934144827462	4.675878068425187	0.27687262244909716	4.611179080787098
7.418766514856572	4.437287650587911	7.5364212100040815	4.319632955440506	4.423106149224567	1.9336889250516427	4.465448916417457	2.168649683398614	1.1441337694982792	0.07861077211812856	3.0762035265490515	4.675878068425187	0.3290670044513801	4.611179080787098
7.418766514856572	4.437287650587911	7.5364212100040815	4.319632955440506	4.423106149224567	1.9336889250516427	4.465448916417457	2.168649683398614	1.1441337694982792	0.07861077211812856	3.0241007353937306	4.675878068425187	0.3334349787229038	4.565233367882127
7.476091527080252	4.32828710535677	7.5364212100040815	4.26795742243285	4.422385327196117	1.8913417195231275	4.51784527145372	2.169383758667917	1.0915369501273107	0.12022390237776596	2.966775723170219	4.675878068425187	0.3334349787229038	4.565233367882127
7.476091527080252	4.32828710535677	7.5364212100040815	4.26795742243285	4.422385327196117	1.8913417195231275	4.51784527145372	2.169383758667917	1.0915369501273107	0.12022390237776596	2.966775723170219	4.675878068425187	0.3334349787229038	4.565233367882127
7.46162229440719	4.3816515453024785	7.575316417276765	4.26795742243285	4.422385327196117	1.8913417195231275	4.51784527145372	2.169383758667917	1.0915369501273107	0.12022390237776596	3.018404979000493	4.7147732756979	0.3351701628402409	4.565233367882127
7.46162229440719	4.377613981494281	7.575316417276765	4.263919858624593	4.426422891004291	1.8913417195231275	4.51784527145372	2.169383758667917	1.0915369501273107	0.12022390237776596	3.018404979000493	4.7147732756979	0.3351701628402409	4.565233367882127
7.46162229440719	4.377613981494281	7.622838029991882	4.216398245909415	4.426422891004291	1.8438201068080244	4.51784527145372	2.169383758667917	1.0915369501273107	0.12022390237776596	2.9664878316355816	4.7147732756979	0.3870873102044359	4.565233367882127
7.46162229440719	4.377613981494281	7.622838029991882	4.216398245909415	4.426422891004291	1.8015354986835583	4.571006303429667	2.2116683667923946	1.0720062983030896	0.12022390237776596	2.9664878316355816	4.7147732756979	0.3870873102044359	4.565233367882127
7.46162229440719	4.377613981494281	7.622838029991882	4.216398245909415	4.426422891004291	1.8015354986835583	4.571006303429667	2.2116683667923946	1.0720062983030896	0.12022390237776596	2.9664878316355816	4.7147732756979	0.3870873102044359	4.565233367882127
7.46162229440719	4.377613981494281	7.622838029991882	4.216398245909415	4.426422891004291	1.8438826118855647	4.571006303429667	2.1693212535901454	1.0720062983030896	0.12022390237776596	2.9664878316355816	4.7147732756979	0.3870873102044359	4.565233367882127
7.553808023706782	4.3242495415484195	7.6616593193456985	4.216398245909415	4.426422891004291	1.8438826118855647	4.571006303429667	2.127764164580445	1.0720062983030896	0.16178099138819987	2.9131233916897528	4.753594565051723	0.3870873102044359	4.565233367882127
7.44601062100264	4.42919675972485	7.6072263565873035	4.267981024140088	4.416068788482745	1.8438826118855647	4.52977762772053	2.127764164580445	1.0720062983030896	0.16178099138819987	2.9664878316355816	4.699161602293354	0.3870873102044359	4.611179080787098
7.44601062100264	4.4808651406603035	7.651720174176636	4.27515558748621	4.364400407547308	1.799388794296118	4.52977762772053	2.127764164580445	1.0720062983030896	0.20203216949537728	2.9664878316355816	4.699161602293354	0.3870873102044359	4.56559888466727
7.484783635276169	4.532619253322416	7.690493188450131	4.32690970014847	4.312646294885074	1.7570416810942475	4.52977762772053	2.170111277782702	1.0720062983030896	0.20203216949537728	2.9664878316355816	4.73793461656678	0.3870873102044359	4.56559888466727
7.42746627393009	4.641776587947976	7.690493188450131	4.378749673428145	4.260806321605554	1.7570416810942475	4.52977762772053	2.170111277782702	1.0720062983030896	0.20203216949537728	3.0238051929815364	4.68816630811673	0.3870873102044359	4.615367193117323
7.42746627393009	4.641776587947976	7.735060824516564	4.334182037361664	4.260806321605554	1.712474045027845	4.52977762772053	2.2116683667923946	1.0720062983030896	0.1604750804859087	3.0238051929815364	4.68816630811673	0.3870873102044359	4.615367193117323
7.42746627393009	4.641776587947976	7.735060824516564	4.334182037361664	4.219577645896412	1.712474045027845	4.535534525045042	2.2116683667923946	1.1074780766876167	0.1604750804859087	3.0238051929815364	4.68816630811673	0.3870873102044359	4.5694220640953915
7.481873768821139	4.641776587947976	7.78946831940758	4.334182037361664	4.219577645896412	1.712474045027845	4.535534525045042	2.2116683667923946	1.1074780766876167	0.1604750804859087	2.9231558709558256	4.742573803007762	0.4421284242068887	4.568982745540332
7.42444966132674	4.699200695442595	7.78946831940758	4.334182037361664	4.219577645896412	1.712474045027845	4.535534525045042	2.2116683667923946	1.1074780766876167	0.1604750804859087	2.9805799784504323	4.734779307284879	0.39644421283899656	4.57677724126316
7.440208820560833	4.699200695442595	7.805227478641725	4.334182037361664	4.219577645896412	1.712474045027845	4.535534525045042	2.2116683667923946	1.1074780766876167	0.1604750804859087	3.0325028246579984	4.742718906350147	0.39226300841688394	4.53850453711232
7.440208820560833	4.751126658096381	7.757696232007775	4.433639246649346	4.167651683242678	1.7600052916616504	4.535534525045042	2.2116683667923946	1.1074780766876167	0.1604750804859087	2.982043920897526	4.6927056663117215	0.44478606844886315	4.634169314875486
7.454762032267129	4.749789829029909	7.763537462192202	4.441014399104933	4.115639602595751	1.7153683634703474	4.535534525045042	2.2116683667923946	1.1074780766876167	0.1604750804859087	2.982275865404372	4.69607846292831	0.4391029791075857	4.592000820252141
7.454762032267129	4.749789829029909	7.763537462192202	4.441014399104933	4.209246388191047	1.7153683634703474	4.4419277394496195	2.2116683667923946	1.1074780766876167	0.1604750804859087	3.034479639712768	4.738320712205952	0.38689920479939444	4.595483677444613
7.397222886807491	4.859427301608022	7.808248576488655	4.448401611926878	4.198283159690841	1.7129418572984727	4.400792640831632	2.169383758667917	1.1074780766876167	0.1604750804859087	3.1478416392247044	4.738320712205952	0.5283911430692491	4.595483677444613
7.3395763989302285	4.917073789485225	7.808248576488655	4.448401611926878	4.2507181174290585	1.7129418572984727	4.348357683093502	2.169383758667917	1.1074780766876167	0.1604750804859087	3.259938373651492	4.780636863764212	0.6195094058523485	4.598966320697386
7.300706731404529	4.917073789485225	7.814164339872856	4.403616181016811	4.344250967346624	1.7528508374458567	4.254824833175888	2.0846893476106554	1.1074780766876167	0.1604750804859087	3.259938373651492	4.869160543776453	0.668187971551108	4.517445575916858
7.204008904569311	4.974827803404403	7.7752205269567725	4.403616181016811	4.344250967346624	1.7528508374458567	4.254824833175888	2.0846893476106554	1.1074780766876167	0.1604750804859087	3.31956874760605	4.915517855818783	0.6203701227808748	4.478090981273661
7.164990769993993	5.0222412114107335	7.783747282956363	4.403484698448405	4.296837559340312	1.7900001728658863	4.254824833175888	1.9970208922247683	1.160046362000789	0.16344930987415113	3.31956874760605	4.919262397469691	0.8128161372522805	4.57361265753972
7.0538139629588645	5.1334180184460205	7.831217835472612	4.356014145932129	4.244346082175565	1.742529620349557	4.307316310340373	1.9970208922247683	1.160046362000789	0.16344930987415113	3.481640066545157	4.962100014753984	0.8109131336466548	4.577018477010772
7.033406939948482	5.023474895835858	7.800354217927545	4.256527617856773	4.337402581876921	1.779826967514836	4.213161610536871	1.9123272214114744	1.1606664812175067	0.16344930987415113	3.4237871483628077	5.199468220833048	0.9549644892619673	4.446661210815614
6.939480035136984	5.070810349891651	7.751299793090015	4.25899059193853	4.290067127821376	1.734954487540892	4.124446869771899	1.9123272214114744	1.2493812219825449	0.16344930987415113	3.4237871483628077	5.198906899617005	1.0534868444769065	4.492469931865676
6.898826703321552	5.064736008161198	7.704648718476081	4.258913993006623	4.295290262400066	1.7297872029037553	4.0188905806597734	1.870168359994737	1.3024648293932033	0.16344930987415113	3.529338996563339	5.329002582350227	1.0926029369028543	4.4546305696565645
6.801522428784646	5.122597731558334	7.665206167336299	4.258913993006623	4.3361627762204416	1.7718835629241623	3.97801806683942	1.8280719999740431	1.3360335911788355	0.16344930987415113	3.6935887426034597	5.289560031210333	1.081621588993634	4.594392782775573
6.911770772106485	5.00983844559191	7.657873654981643	4.263735562716884	4.389221363063403	1.766665507672366	3.872885902871071	1.7860380478106423	1.3885733225615033	0.16344930987415113	3.7426677413728373	5.5043040215333425	1.2680879677038814	4.559542035550134
6.871342036087448	4.956190727643444	7.563797201014041	4.263735562716884	4.441899856483745	1.808637145509407	3.8202074094507914	1.744066409973921	1.3885733225615033	0.16344930987415113	3.7965464104290563	5.548453808395221	1.3070115690167028	4.468677922350645
6.885455671814951	4.902434599242842	7.524154708340907	4.263735562716884	4.494653385776812	1.808637145509407	3.767453880157705	1.744066409973921	1.3885733225615033	0.16344930987415113	3.901436582147388	5.50881131572219	1.1989245361542487	4.5161157203048745
7.065467664803767	4.734864037479267	7.484436699063404	4.315895003219573	4.841717823762111	1.8505465625404816	3.3682300016696978	1.7021569929422202	1.5131078773391538	0.16344930987415113	3.844269166955165	5.6466388931647895	1.3470495430703209	4.479360639779435
7.0977100622906235	4.622958360413019	7.404773419484074	4.315895003219573	5.001661038347117	1.8923938522766441	3.2613703944955628	1.660309703206221	1.5517372998000285	0.20375276529090802	3.736030839780949	5.61155572575314	1.4458938234397818	4.482442811361241
7.072057793732693	4.61578977890321	7.3248059359957125	4.363041636640378	4.901124701583246	1.9349236024446852	3.2972957847856024	1.6177799530384964	1.4968172987008679	0.20375276529090802	3.786903562853913	5.755658558365194	1.7540231678126847	4.739194554512947
7.1727579632909775	4.342414099351272	7.204281193254411	4.310890869387804	4.912793497894006	1.9349236024446852	3.337777755727296	1.5791970934201132	1.4968172987008679	0.2423356249102761	3.733871848432992	5.811103393669305	2.2157155800327035	4.956961092837751
7.037373670102167	4.397064118796919	7.123546919511413	4.310890869387804	4.912793497894006	1.9349236024446852	3.337777755727296	1.5791970934201132	1.443973221660055	0.28269141957664445	3.8477967831138318	5.775805383748633	2.315789012349073	4.869317072785912
6.915691971925149	4.344999044749814	7.00186522133439	4.258825795340626	5.086078691943363	1.9767077628197438	3.216557635725023	1.5374129330450292	1.4632691987255164	0.3230996154020072	3.911843011203628	5.690481773567309	2.3376738127708494	4.793955521370019
6.8312101087537185	4.347970794708434	6.967533086849012	4.21164781661313	5.126335209604258	1.9295297840921395	3.1763011180641976	1.5374129330450292	1.4968172987008679	0.3230996154020072	3.9748664453334666	5.604369745355138	2.3397187526049468	4.752504357222784
6.735473806700843	4.395049036494168	6.871796784796134	4.258726058398868	5.079256967818449	1.9721204676539479	3.1763011180641976	1.494822249482904	1.4968172987008679	0.36356027422803794	4.0863421245049505	5.738507390330737	2.5532318113983345	5.071332845483805
6.694499828841851	4.395049036494168	6.8757806471980025	4.213768218138097	5.119438673371481	1.9271626273932192	3.136119412511168	1.494822249482904	1.4968172987008679	0.36356027422803794	4.0863421245049505	5.7437513980125345	2.5532318113983345	5.125925344837473
6.516228418072389	4.442041879574446	6.744616745114922	4.213653552531972	5.072445830291218	1.8800551187066974	3.171672841007644	1.494822249482904	1.4612638702043448	0.36356027422803794	4.259433354062711	5.938168216668114	2.9387160949845224	5.831505559124803
6.529670758096279	4.387287557046091	6.703304762610342	4.213653552531972	5.072445830291218	1.9227079198604478	3.171672841007644	1.4521694483296699	1.4084197931635067	0.36356027422803794	4.31737222888192	5.9908518548969765	2.9369936896057207	6.098007007813233
6.501673724739066	4.379330489105296	6.620443047833416	4.260561166010901	5.025538216812397	1.9227079198604478	3.171672841007644	1.4521694483296699	1.4084197931635067	0.36356027422803794	4.381197555265223	6.575323016061791	3.344519340529805	6.89446519914138
6.556648998113984	4.324355215730378	6.620443047833416	4.260561166010901	5.025538216812397	1.9644274008270548	3.171672841007644	1.4104499673630018	1.4084197931635067	0.36356027422803794	4.383033464656492	6.672008948995236	3.355751001690361	6.963525494835392
6.418558020587896	4.376394031966856	6.574424079166092	4.220527973388763	4.973499400575746	1.872355391968296	3.207160558865159	1.4104499673630018	1.3729320753058976	0.40407345786945426	4.508889915646678	6.9732542240538615	3.678807065005209	6.788776723340581
6.2669974492570155	4.483493305206568	6.569916975135285	4.1805737793283715	4.921375400710807	1.822990738363638	3.2601629837145145	1.3677364270421615	1.353445011778269	0.40407345786945426	4.678655150338244	7.024672858986737	3.5888821374046374	6.764174446812289
6.05477063461263	4.651300224632732	6.518477098759055	4.187593760486322	4.869166094377213	1.8205771532314903	3.2601629837145145	1.3249606869987682	1.353445011778269	0.40407345786945426	4.806732105354348	7.1757598284313815	4.230913582431208	6.663136541013363
5.941958433243038	4.816407161480928	6.518477098759055	4.239888495964866	4.8168713588985845	1.8205771532314903	3.2601629837145145	1.3249606869987682	1.353445011778269	0.40407345786945426	4.868027702483638	7.175050739801005	4.3561513191015475	6.61810314653519
5.736146231078265	5.038277831378794	6.521804527428326	4.252619535028576	4.7588769038515295	1.8181517651879662	3.2601629837145145	1.2821226590589254	1.3006917538017209	0.40407345786945426	4.934556506939396	6.879218684799435	4.538861627014634	6.974366482888481
5.681741637058142	5.14524408883606	6.567142159948072	4.2598435659461265	4.706315240414189	1.77281413266826	3.2601629837145145	1.2821226590589254	1.3006917538017209	0.40407345786945426	4.937038675015443	6.7282470651141555	4.665955324898676	7.090364071041879
5.546480086221232	5.188455092531606	6.429809295750816	4.305125883001862	4.6594733533644535	1.8129069808055391	3.2601629837145145	1.2018314095476974	1.2671474168104255	0.4055248048176612	4.823530935448131	7.140777028850901	4.46844392933989	6.526255041538052
5.495397851012297	5.184838391392972	6.3751103594032426	4.305125883001862	4.619291647811495	1.8973937517383692	3.3003446892674333	1.1173446386145367	1.2671474168104255	0.4055248048176612	4.819914234309692	6.933759508971878	4.314146410818909	7.093947420470343
5.495397851012297	5.184838391392972	6.3751103594032426	4.305125883001862	4.619291647811495	1.8973937517383692	3.3003446892674333	1.1173446386145367	1.2671474168104255	0.4055248048176612	4.871952832946232	7.034969259607041	4.322827612164812	6.660095539879228
5.318110552894243	5.287861789576819	6.295031883102554	4.310940459368556	4.619979730016131	1.8505706526855996	3.2470189316433666	1.1173446386145367	1.2671474168104255	0.4055248048176612	5.212581809402441	8.213824025646154	2.9152568180470726	6.757499623347628
5.224636294271127	5.284171883297838	6.197867718200396	4.310940459368556	4.673380364879382	1.8920965896297288	3.1581576712440973	1.075818701670296	1.3026080423466329	0.44609516575916597	5.377577551477549	8.010021718069016	0.755154591076688	6.769395993148322
5.182072095157032	5.330917649959898	6.247397417297355	4.265592327819514	4.626634598217241	1.800002691418688	3.1581576712440973	1.075818701670296	1.3026080423466329	0.44609516575916597	6.275795158091898	7.974026618090124	3.942780666889245	7.5543369291014795
5.182072095157032	5.377577551477549	6.247397417297355	4.312252229337261	4.63345027365166	1.8429594831246559	3.1046820942922135	1.0328619099641394	1.2690018809677397	0.44609516575916597	6.526729139021166	8.18929218796889	2.436172060461904	7.859712604564312
4.656525732228484	5.915221414915244	6.306172286105523	4.265574861038037	4.63345027365166	1.7962821148256976	3.1046820942922135	1.0715007413444095	1.216252662937681	0.4074563343791878	6.365546441545763	8.163317295080464	5.480875565251627	7.68016122254687
4.398139459575357	6.130901134289863	6.263465732826991	4.265574861038037	4.63345027365166	1.7962821148256976	3.1046820942922135	1.0715007413444095	1.216252662937681	0.4074563343791878	6.230944520215209	8.177523478740454	6.147549381732004	7.5257971232928815
4.100437191477589	6.3978311295498695	6.187346533669966	4.310921787357652	4.63345027365166	1.8416290411453817	3.1046820942922135	1.0715007413444095	1.216252662937681	0.4074563343791878	6.459326116147158	8.324386671440491	6.621736089291887	7.373711076062615
3.772379071320642	6.553665810307958	6.01512309427101	4.310921787357652	4.579974696699522	1.8416290411453817	3.1581576712440973	1.0299996240881173	1.216252662937681	0.40838709069389806	6.463405410399131	8.498259951750272	5.412120781833972	7.468282691591103
3.634034032745769	6.6054019311133665	5.92851417650169	4.310921787357652	4.579974696699522	1.8830906028788272	3.1581576712440973	0.9885380623545389	1.216252662937681	0.40838709069389806	6.455433849436133	8.582367782770294	5.363570268120014	7.475851423390266
3.8559706844816763	6.438556202931871	5.983605100055878	4.310921787357652	4.579974696699522	1.8830906028788272	3.193618296780175	0.9885380623545389	1.1807920374016263	0.40838709069389806	5.795009791210511	8.023100784107134	4.428851562312461	6.725931322457395
3.864423505110687	6.3866940456500005	5.940195763403088	4.310921787357652	4.579974696699522	1.8830906028788272	3.193618296780175	0.9885380623545389	1.1807920374016263	0.40838709069389806	5.511131260725746	7.701635162695637	4.18698974444356	6.412681263939265
3.8728968023727055	6.288067858217137	5.850027543258788	4.310937117330912	4.626634598217241	1.929765834369626	3.193618296780175	0.9885380623545389	1.1807920374016263	0.40838709069389806	4.968318591964859	7.439825156290979	2.6467793894983354	5.063014350162209
3.7856591016438714	6.288067858217137	5.762789842530035	4.310937117330912	4.626634598217241	1.97278259196441	3.193618296780175	0.9455213047595598	1.1807920374016263	0.40838709069389806	4.857995224022328	7.242523767902487	2.3828242108828603	4.734982421761046
3.950414753594189	6.125939698565221	5.818044808031602	4.258309644127781	4.719400714828776	1.97278259196441	3.1534796533717877	0.9455213047595598	1.1807920374016263	0.40838709069389806	4.884478993037226	6.692370357882413	1.964913703794398	3.4533162505310426
3.950414753594189	6.073397969432132	5.7727738957349715	4.251038827291378	4.771942443961919	2.0180535042612204	3.1534796533717877	0.9455213047595598	1.1807920374016263	0.40838709069389806	4.7565543921588	6.803408551260524	2.0102405551958453	3.4000171902469187
4.314147873713476	5.864028076816391	5.927137123238566	4.251038827291378	4.771942443961919	2.0180535042612204	3.1534796533717877	0.9455213047595598	1.23354125543153	0.36786939670428964	4.186025363760443	6.235453603103722	1.6768265881633546	2.7279008454805758
4.658001428695716	5.705895524980998	6.112858126385374	4.251038827291378	4.771942443961919	2.0180535042612204	3.1534796533717877	0.9455213047595598	1.23354125543153	0.36786939670428964	4.034735528819808	5.592051859288425	1.4955329952915117	3.3737034241628874
5.248121176054201	5.710936204771998	6.760474659824223	4.198582721002078	4.784259906842776	2.059450517448323	3.193618296780175	0.9041242915729625	1.23354125543153	0.36786939670428964	3.7420200842528293	2.5341075888332596	0.5657586898327726	0.4600636936362819
5.29938470674728	5.715634505664608	6.81643649140984	4.198582721002078	4.784259906842776	2.059450517448323	3.193618296780175	0.9041242915729625	1.319929650456761	0.36786939670428964	3.569299650097099	3.7123491633924335	0.07519466545672145	1.6671624443755264
5.268550388898172	5.825809249450074	6.796574076355721	4.297785561992602	4.785279377505501	2.1061972521494994	3.140142719828175	0.9041242915729625	1.319929650456761	0.36786939670428964	3.6293798213041164	3.5326046134149816	0.3877190601719907	1.8868821850275717
5.4197003069468295	5.629757000815134	6.804083103444163	4.245374204317868	4.8443194714083795	2.196094382517865	3.1803345840728863	0.8610477616772166	1.319929650456761	0.36786939670428964	2.9409043987871017	0.8694131329590481	1.2261570885567632	1.5432617366544887
5.473114426695853	5.576342881066332	6.804083103444163	4.245374204317868	4.8443194714083795	2.196094382517865	3.1803345840728863	0.8610477616772166	1.319929650456761	0.32740430762248707	2.770341888314884	0.7673416130456742	1.2961435498740843	0.6138620476607919
5.523804254599117	5.639120568411891	6.9175506186930775	4.245374204317868	4.8443194714083795	2.196094382517865	3.1803345840728863	0.8610477616772166	1.319929650456761	0.3646007326574312	1.9770463549846593	1.2513727769063585	1.4418811588577964	1.0204690116283335
5.462318722168064	5.643829816554046	6.768690430449197	4.337458108272736	4.8443194714083795	2.288178286472687	3.1803345840728863	0.8996346945343479	1.319929650456761	0.28560560397718654	1.7361377644983456	0.7763450745777434	1.4410078705705813	1.2091069666194254
5.574471167374635	5.550706206551007	6.894159402005916	4.23101797191979	4.902088971502598	2.3764324175910354	3.274120580384442	0.8564959234691729	1.3727737274975496	0.28560560397718654	0.9821837671334124	1.8396015441865214	1.937065653670191	3.364322255865106
5.329899948286074	5.557029098706117	6.661166764298459	4.225762282693789	4.913943513363532	2.4270242475760035	3.261482136772506	0.8528669273567783	1.4257761523468695	0.28881737476432995	0.5115387494448314	1.1030204302692121	1.1662366750632172	2.1370713928818916
5.428438736131274	5.5635471823127185	6.773318246452187	4.218667671991824	4.966076559538195	2.4305508812668037	3.261482136772506	0.8943787291382085	1.4257761523468695	0.3292824638460367	0.07641707628584109	1.8868259572312567	1.104362737596751	1.8369102672342634
5.428438736131274	5.610445919182285	6.728353635601386	4.3105310197121565	4.919177822668659	2.4755154921173776	3.261482136772506	0.8943787291382085	1.4257761523468695	0.3292824638460367	0.09273009911162099	1.3410254104023607	0.6938201137225274	2.267345510510931
5.455549513903023	5.669206948947456	6.769334530793671	4.355421932056861	4.919177822668659	2.5204064044620953	3.22599441891486	0.8943787291382085	1.427715770229278	0.3292824638460367	0.48280497807201583	1.0267366858053288	0.49425207827480816	2.175333602294571
5.428654252235418	5.729593721527005	6.812249931242356	4.345998042520012	4.971216638905247	2.3888135033545845	3.173030612320962	1.0299996240881173	1.4806795768231982	0.32740430762248707	0.22239822400733153	0.9515359712942966	0.39296537024643635	2.3510144967992708
5.511891056142983	5.788564448608223	6.909783256105684	4.390672248645648	5.011580620142354	2.3476363014768165	3.1326666310837683	1.1158510320911155	1.4806795768231982	0.32740430762248707	0.09343663950696567	1.6123381226029858	0.3970157440196529	2.1942383529046987
5.292530079108271	6.110540675559367	6.98757194231309	4.415498812354681	5.160627354031471	2.265586668880824	3.0923779330335472	1.3314852642357642	1.4806795768231982	0.28383674216835625	0.5275735804982095	2.5111795941281745	1.5564170580316958	1.3424077145853994
5.201634146803979	6.223958230224838	7.071548935515563	4.3540434415133165	5.210502735701067	2.2217792566873475	3.092901991124929	1.4171348730789162	1.5335777045529966	0.32098944931008927	0.9805599364670888	1.7473407525804423	2.173963474538368	0.9692693955764525
5.274387325690582	6.224755062189228	7.064112685356233	4.435029702523626	5.195683473889547	2.143830764758202	3.159243557808366	1.7076759077651478	1.5335777045529966	0.24090547243563565	2.7731105055522245	1.0182086106196286	2.71884731307965	0.8227491934175676
5.344168263346942	6.061927851729905	6.934525638044031	4.471570477032885	5.234169516592454	2.1062622954264087	3.1721956648967984	1.8717502758709568	1.567125804528546	0.23947894503282416	3.094731697529076	0.7539582652988579	3.4178220027359827	1.086783207769185
5.060869140050823	6.257357121518353	6.864592419725405	4.453633841843865	5.2179874871122225	1.9001109655768418	3.23816954111795	2.1210963966612755	1.61995828547783	0.2809718465947148	5.083465899617752	4.358053524046855	3.725100800495762	0.9619341412999353
4.990536908399334	6.252990423591283	6.797255016788063	4.4462723152026316	5.1167544148032755	1.8145574338949544	3.2910024447365043	2.2006974401481565	1.6391770521202553	0.2839295060752497	5.7513302402226865	4.908259118269118	3.7590120287603948	1.6607645792596553
5.721534257876229	5.781813285389704	6.882917087942214	4.62043045532392	4.754993126193416	1.6135280302893347	3.641622048546406	2.5291487566875013	1.6371306097068845	0.3242765734781221	5.6754738018609	5.755807887963527	5.849753120034991	2.713447155047509
5.859531886915981	5.723997816820372	6.876513478525686	4.707016225210782	4.69091070845376	1.577964453341348	3.7057044662860052	2.60992063165572	1.6371306097068845	0.36565404534438894	5.612754132369565	6.188738784632068	5.469435162338077	3.1864002928045
5.793282134797473	5.829282135111283	7.040804807983333	4.581759461925481	4.582494396060458	1.5028031109270354	3.9277984063929186	2.814434402746446	1.7252180969145519	0.36565404534438894	4.449964522362192	7.096255291899887	3.9317140298931332	2.887012440677251
5.668804815462111	5.93140546058478	7.030192378838692	4.570017897208162	4.52926958798137	1.5103722262100576	4.082286953905032	2.855065496505883	1.7252180969145519	0.4069760110151255	4.702070198388341	6.551321105039387	0.5089826782363843	3.6671692269054845
5.86457098057611	5.779408495979549	7.081567426861507	4.562412049694179	4.4771485059691205	1.471324762306324	4.184916125118406	2.9370152020971925	1.7252180969145519	0.36662894361256265	4.86528818848574	6.393438292205721	2.6477869786633605	3.1687285062461505
6.258034041657606	4.673413263670441	6.697201652149843	4.234245653178254	4.918164281931107	2.001181715299294	4.631299493393665	3.0189612187806474	1.7777883188697097	0.36662894361256265	4.05117223215612	6.004714306745585	1.1533414587730049	5.83543212301066
6.421564920732126	4.273457458346613	6.537448560840113	4.157573818238543	5.007813000635891	2.256315743220343	4.8331586847527905	2.978663265983654	1.7777883188697097	0.36662894361256265	3.730602890815403	6.033060111654018	1.812142127357304	6.145871666214924
6.979986953848993	3.626381370120041	6.409831769891732	4.19653655407734	4.857917196363149	2.60787731168673	5.516999437903564	3.1474391602790757	1.6724358632682934	0.4069760110151255	3.882900352092351	4.617402977787417	1.4941433047762522	5.176123354230746
7.254967501247807	3.2313534709384664	6.446919568234317	4.039401403951937	4.9549938527997215	2.6532999409398093	5.706547107120153	3.2315057065537114	1.7252180969145519	0.4069760110151255	3.829020106356925	4.468023143000665	1.5465668058626671	5.348409842472273
7.608783023831881	2.794561712768017	6.526328806202386	3.8770159303975706	5.055197709587862	2.907731302329524	5.756938840618578	3.1531778303414226	1.9208007887741945	0.44824253921067375	3.0357608175337543	3.341542887074909	0.7346919430883694	3.4131489829226167
7.664937515651555	2.6519988294950845	6.36556591570337	3.9513704294434353	4.7796681641886725	3.0771671675300887	5.998237206434604	3.2006593474596143	2.0639556551899982	0.4515502701020167	2.7789218060984773	3.397697378894398	0.6975800108372296	3.23734658493938
7.157352089612568	2.83204184805888	6.355865276809336	3.633528660861969	4.741636090298807	3.4603638938754715	6.274039657538408	2.878166817505832	2.204731242949218	0.5325150484056597	1.7858828172217391	1.7702767806442816	0.2784080727641583	2.2554773889807165
6.912715282436024	2.9493540043401545	6.193821239705279	3.6682480470709646	4.885177691890481	3.708090999362399	6.088773357630642	2.673424434610236	2.2932126515730182	0.5710064223305136	1.7009026614690865	1.3819038263391	0.6693783539213868	1.9892414369535512
6.345584784070889	2.523150080362236	5.85233414544923	3.01640071898378	5.059867318753191	4.301310223541154	6.476975207416733	2.2923374592374155	2.4703229245629705	0.40989369722087854	1.0788876889159464	0.3583428020100113	2.9304188301122593	0.11605470071502365
6.117317099837863	2.5828315407839093	5.600255505834332	3.099893134787416	4.82986951544211	4.50977742303395	6.579320109536425	2.2508767666241734	2.5955338887047117	0.3239376690962478	1.288175251339396	0.049848213620807436	3.1755144540436073	0.1251079572537597
2.119483863945453	3.9689832604851345	4.652076350031299	1.4363907743994677	3.8758194858717445	4.918762676666153	8.75593410762172	1.902071998144854	0.9217236658998188	3.757297494379257	2.284132949252146	1.0192114312946023	2.435270052652606	0.9075825059367061
2.074649974489375	4.941656811543956	3.0664528721225843	0.19944603506792133	3.8550351183933755	4.048815086117349	9.341655636575537	4.4842953716587	1.7280211915496406	0.9485072889296284	3.4513560476300738	2.485270659353022	1.1080253108920006	2.554790895284717
2.7046111989581894	4.517090204715603	2.920293695506314	1.1078146897493943	3.96470585174099	4.566823017779456	2.479715331642849	8.326357228427527	0.06782473550741062	1.8744815261229675	3.618317493243488	2.0093289354915624	1.7971143342962244	3.3413605897509533
4.938322040036842	6.077316160715704	2.5902230064543237	1.4512288857753797	5.093319681813714	4.082555330919822	7.099296595051628	3.1560885462122488	3.003594050071808	5.358471381544968	2.8727363829628856	0.4007121047784981	0.5931268412645027	4.1756900317076395
5.182382751628277	5.938881232326966	2.672888750068245	1.9163902693694406	4.707656844766561	4.229645221482774	2.52344445948687	8.491727470213464	0.8030377853476851	0.8253436892156122	2.587376246728006	1.4828374674680251	1.424832556583855	3.3643382269387425
4.926664708281581	5.583939741531583	2.8011450618887626	2.143870028638834	4.303326828754533	4.410271209825861	2.775893082091011	8.682816862996303	0.7292104028642207	2.1012154490710584	2.848318533735434	0.3654943213637136	2.045030014544444	4.870562101389891
4.936054330804532	5.513941454309861	2.753401919380423	2.1755147958750376	5.009293759794669	4.139901768619213	4.623385514540827	7.9369391255274095	0.11564440676004417	0.8279151030343325	2.8866720537203747	0.006768717471418705	1.8143034552270594	4.948427934557705
3.4215389033917596	5.227794049637704	3.678525094058259	1.872269947812103	5.189620500801981	3.5332970864291395	8.888296459968432	2.2589023054048956	2.121249019186743	0.6228850186295094	2.7961113262378503	1.5805203680217723	1.5779378136277897	4.305338443705727
3.4104814673633363	5.230056875823661	3.67930846143757	1.8597330529773255	5.0551620467573315	3.538778277757598	7.883372500828394	3.854792314224037	1.856255113349924	0.35328811653943365	2.9230392826593827	1.9380655844694799	1.0304854544902375	3.7307234762638295
2.8433791444545706	4.892563935934079	3.6128456283709856	1.563660836891546	5.066250643911277	3.803085685171085	7.189272237409675	4.365454893578725	1.45289395616419	0.2523582144566004	3.314324394275241	2.2365409948564294	0.3930712734209852	3.3586615858299567
2.4947970189453166	5.001859638053453	3.639589245625019	1.1325266265168452	5.189492291204108	3.7576291434266915	9.368433965050924	2.5856661303360435	2.104993083159312	0.23812935927458373	3.492544465437631	2.2977967150053122	0.49349879911776245	3.4948177245242533
2.3237235056047343	5.080891032090601	3.639364407950266	0.8821968814643868	5.3634038209979105	3.925579989466418	9.477317601725824	2.345921030832516	2.2318347515913297	0.2437694098887686	3.4406614440693906	1.457995814747338	0.43265858234062254	3.41227018510116
3.528565132583753	5.690334276857445	3.396907446314139	1.2351383020404036	5.6788583195617415	3.8458766954235917	9.288843102033628	2.263928773683513	2.4208480669275714	0.24826529270717365	2.8217176216902677	1.4740594424194668	1.365578293458522	2.5662380133722147
3.8165478724088406	5.655085032137427	3.3186859190740905	1.4801487593456615	5.870771478030213	3.792207052035659	9.143100643355725	2.304644028896042	2.367236909611333	0.6312799863709537	2.4976099917107035	1.4381428686022875	1.382498089201052	2.3805423477647545
4.8186354035439445	6.096154008877131	3.3566078628838567	2.079089257550934	6.244910800121801	3.8242687402679976	8.419950257024862	3.110891525372509	3.0457637745939126	0.9508083171749623	2.18596802161542	1.4960823275499302	2.1306206479056513	2.735988382173267
5.228346967599503	6.250514078923607	3.3494726315418926	2.327305520217893	6.440460752591187	3.8140748342903783	8.363817696625134	3.2336121248880136	2.9556262580865846	0.7791876903147188	1.9967171597003812	1.493570848258103	2.3545331055749985	2.547838499611177
5.729800552614654	6.509654178855377	3.2086997444375953	2.428846118196817	6.5435930741320405	4.07227560029181	7.225764037150792	4.541054684046453	4.144992108396524	0.9397614333196214	0.4900448941070389	1.0267336806252785	1.8915830622281022	2.338817691166443
5.5959358371981445	6.5473300913797985	3.3425644598543145	2.3911702056728017	6.548706561085015	4.157791244616559	8.293011629914705	2.752171262328364	2.931864794904318	2.3580376964670644	0.013757036697012474	1.0002539819686471	2.2369468410562616	2.321053529287174
5.7765715442976955	6.703446717687663	3.3557212915870105	2.428846118196817	6.500867206884748	4.286286686945145	6.142860390733491	7.083334619512864	1.9850865780320166	0.6015957143388074	0.02601537567891398	0.5540802014493883	3.0000972032045676	1.9668157194437463
5.7765715442976955	6.581094953003894	3.3557212915870105	2.5511978828805906	6.580556542572702	4.329331155032796	5.584557706462888	8.172978337057312	2.1135856744759765	0.9454373503067501	0.02601537567891398	0.33277815293999996	3.2223941890488947	2.095554370321425
5.787476118202438	6.683693687526161	3.400229628832905	2.5040120595091184	6.533370719201071	4.329331155032796	6.278889942895585	7.351184637964704	3.9409817630890194	0.8865140656239986	0.2698496974580955	0.06137273215446345	4.8530895872320965	2.322428844450217
5.767419606983789	6.752385358056369	3.530551156510602	2.5455854054380924	6.533370719201071	4.287757809103729	6.60760123193379	6.128989230297481	4.5231105873536315	0.12736128618701872	0.3748765338971638	0.19837583737983608	4.995429438510054	1.960931383123543
5.435852266108443	7.035893115507143	3.9291668297815745	2.3291259803828117	6.51504795981688	4.48640729423204	3.957874145016773	7.86082097888023	2.3578014505564533	0.5034552547143458	0.9570256283080351	1.9787829261188332	5.684886559792948	1.6455264891769188
5.340618486003627	7.287322780081108	4.267596518148121	2.3208922240706613	6.340332070123143	4.623544308125256	2.5063990611116362	7.811304755413197	2.2089152264950096	2.2676005184416064	1.075459482586692	2.774810963640654	5.643095755971754	1.654835448595369
5.0366647615136415	7.197331987603239	4.43961520382777	2.278947977738018	6.340332070123143	4.665488554457981	6.198524349521122	7.613291805418627	0.27469726463664684	1.0622546199343577	1.4367710493997465	3.2214355632977343	5.456142357513482	1.4407687221294267
3.4088403836981307	4.365084746527524	6.399738684356406	1.3741864458689954	4.990001654839947	5.2972709976987735	7.550858303885871	3.092789411315848	2.0689619172818765	0.015795402221504648	3.252934626249134	0.4156984586068442	0.020764108324513246	0.6047753688323573
2.594813246702735	4.969340399862299	6.048325146798967	1.515828499766066	4.903145929938504	5.095337091192916	7.749861893132702	2.63720002232614	2.3372775277409077	0.07506217106391061	3.599768520782312	0.3298962050477689	0.0935780384707191	1.418609565880435
3.5593657968273393	7.523735569581352	3.2302502272620637	0.734119545491413	5.30833057857385	4.75951544457795	7.693176731906031	2.5112191963132187	2.299647878138509	0.053404466986507075	0.824714604857093	4.735726054935412	0.2484398024191729	0.5363504057780116
4.712655184815543	7.841229200052294	3.168984808709678	0.040410793470511186	5.468270952774575	4.144059122722673	7.6074300361274	2.426338857625634	2.401241495243127	0.17838856832771222	0.9331285413552078	4.932036973118375	0.5145052653959012	1.0781329170322351
5.322991922159861	7.885511398055843	3.83951769268235	1.2769982167863114	5.80792254628778	3.4602867198517093	7.544248804782747	2.3824380106240137	2.3128422204723056	0.45615543471681574	0.6012431354734031	5.052580753819353	1.6073591929939992	1.540603827711127
5.570218499253953	7.800679022916518	3.9509500841175593	1.7204895604552897	5.952712387191352	3.5042763311043474	7.625186203355087	2.2152766025062958	2.0911506316153927	0.7041950411149875	0.9039001488915493	5.269576977994076	3.217959759165529	1.721250523431791
5.367669904701078	7.69864797816998	4.088394584471504	1.7574165110026232	5.952712387191352	3.4673493805568536	7.625186203355087	2.1315260834947396	2.2934093347659394	0.5848150289143491	1.5856733095740556	5.2638975556479854	4.591835304955552	1.5602860224108024
5.768882850402132	7.776795487748825	4.0183541636497875	2.010441526302949	5.814630755396824	3.3347979062398343	7.8413317603266135	2.005591930226763	2.1575442795607382	0.38732313952810277	2.0667778833729664	5.51344815640808	3.2788111550510304	2.0548381341159208
5.968805893874833	7.766623736417244	3.8860686516347753	2.088250809092314	5.806426381119356	3.3347979062398343	7.927345417393396	1.963914229658244	2.106986473705824	0.2307295009075731	2.346535795284254	5.437961890380072	2.7709887690177095	2.1664049089717494
5.911604592820063	7.768890802607957	4.073732595521209	2.216446385733384	5.849120791953151	3.2922086704469806	8.019773049162021	1.880727614568853	2.057470771951467	0.3548511290076792	2.4525516806972316	5.696317010164488	2.706353578597681	2.279685320662455
5.911604592820063	7.768890802607957	4.073732595521209	2.216446385733384	5.764053811486826	3.2922086704469806	8.104840029628287	1.880727614568853	2.006974110881903	0.3958400689648893	2.2774140187753873	5.696317010164488	2.2538295747200503	2.279685320662455
5.968401621560873	7.730156672080323	4.059595646736562	2.2978405962170956	5.845637665884891	3.2495485904910884	8.111569446130503	1.880727614568853	1.92267303924656	0.36463138442267334	2.354472019064434	5.854648117978094	2.1929272585207222	2.6039905132006207
5.978607874873493	7.784370758055158	4.146334533014147	2.34057164983244	5.845637665884891	3.206817536875398	8.1481979708828	1.841976579627246	1.9712631068264928	0.4033824193645248	2.581696623233164	5.955158332847247	2.065198119403114	2.7149030043847184
5.944947804709024	7.75071068789069	4.098669292404908	2.2929064092231926	5.887854922480851	3.254482777484677	8.155603749801097	1.841976579627246	1.9721978771675681	0.3212153346357034	2.5480365530687585	5.898655950640285	2.1424401483532143	2.6039905132006207
5.911223900257666	7.763771656085951	4.098669292404908	2.2461215365765987	5.798221263594872	3.2120731616781746	8.19845253604042	1.9259553457226075	1.9721978771675681	0.19466102188219414	2.514312648617303	5.844714574128751	2.1424401483532143	2.550049136688995
5.921644262238377	7.856858937569099	4.190255303862153	2.2550406285315185	5.717256920713575	3.1644079210688933	8.29035716419789	1.964702430280137	1.9225114432368107	0.19680362648714966	2.64654009959407	5.891292681038634	2.0645538302053232	2.607116581727933
5.921644262238377	7.856858937569099	4.1475242502467395	2.212309574916173	5.717256920713575	3.2495485904910884	8.29035716419789	1.9222928144734417	1.9225114432368107	0.23774734339623327	2.64654009959407	5.891292681038634	2.0193097519610266	2.607116581727933
5.864892314431231	7.818112788914694	4.2042761980538375	2.2510557235705195	5.756003069367899	3.2495485904910884	8.29035716419789	1.9222928144734417	1.9225114432368107	0.05591900258639967	2.607558306892514	6.001884747878265	2.1035356229069717	2.71524825095781
5.864892314431231	7.818112788914694	4.2042761980538375	2.2510557235705195	5.756003069367899	3.2495485904910884	8.29035716419789	1.9222928144734417	1.9225114432368107	0.021008385867806	2.607558306892514	6.001884747878265	2.1035356229069717	2.71524825095781
5.567302190653013	7.8307427744347535	4.389656123191057	2.126215539409201	5.764053811486826	3.3399039626116602	8.29035716419789	1.926081284075275	1.9225114432368107	0.3295228024456277	2.7454169917664286	6.320155599295599	1.9863576656722512	2.7694215322830997
5.601026603686889	7.817606929162995	4.347145663105646	2.130565337629299	5.768127493873696	3.3400046201775324	8.28345730618616	1.9684910865948748	2.0734970519298286	0.29526492224329587	2.661963447565464	6.209823142303616	2.1646522292894987	2.6590890752910545
5.381032105928891	7.736958824312764	4.358628800189196	2.0027020818052623	5.81505118569004	3.4723187961217485	8.246848372513103	2.010963858291017	2.1101059856027917	0.3359104341970004	2.7846317534931333	6.396093227027606	2.6056990319497078	2.7670819888764067
5.335766430569143	7.7914599686566	4.4161756415922575	1.9604821035048619	5.81505118569004	3.429656200206333	8.246848372513103	2.095846432507215	2.144671866045667	0.2984142503402094	2.8784257066090158	6.442131199870195	2.706654821390746	2.8296380313989546
5.26974042054405	7.863925634560634	4.426012318947711	1.8318271049312627	5.776277951869635	3.5195379649597367	8.246848372513103	2.057043045574651	2.144671866045667	0.2965678299359624	2.947314817281119	6.541849641978918	2.5926000043633755	2.9458872899570028
5.435329530889771	7.943715482954618	4.382354016435905	1.8739680643710923	5.776277951869635	3.477397005519559	8.296554532670427	2.057043045574651	2.094965705888316	0.2996681756946912	1.9954753541797876	6.399457412490551	1.8618995530334392	2.889294322420249
5.545105723546126	7.9716907859615285	4.38153765696333	1.954952594548147	5.81505118569004	3.4351857091633335	8.296554532670427	2.057043045574651	2.094965705888316	0.26206535508910594	1.803560319538634	6.356429756661392	1.324466429791136	2.889294322420249
5.664697694078938	8.00497036291872	4.3375070269687095	1.997234358128755	5.81505118569004	3.3929039455821033	8.296554532670427	2.0154700153828338	2.094965705888316	0.2659821242930006	1.690607368029133	6.270117363085822	1.2903778487659905	2.9428444216707548
5.707982846013473	8.00497036291872	4.294221875034245	1.997234358128755	5.81505118569004	3.3929039455821033	8.296554532670427	2.0154700153828338	2.094965705888316	0.2659821242930006	1.4015252579392221	6.059722609726174	1.0707236367368322	2.891811914643951
5.741199504035982	8.085110712757636	4.336574236276409	1.9926630275546136	5.768127493873696	3.350551584340057	8.296554532670427	2.0154700153828338	2.044309453659029	0.26899229369589	1.3631680050413382	6.059722609726174	1.0010501973851471	3.0078511459373
5.841576615589894	8.085110712757636	4.23619712472263	1.9926630275546136	5.768127493873696	3.393024262886733	8.346324273473693	1.972997336836307	1.9945397128558255	0.26899229369589	1.3631680050413382	5.902439977231922	1.0414977310742195	2.950945624996866
5.874730510678013	8.079542615246071	4.23619712472263	2.031385020154394	5.806849486473339	3.435434158555937	8.346324273473693	1.9305874411669464	1.9599498927702417	0.3097659139496207	1.5397469781539073	5.845427995369943	1.1210877611436347	3.009934078402154
5.831335267477148	8.079542615246071	4.279592367923362	2.031385020154394	5.849636062392234	3.435434158555937	8.303537697554772	1.9305874411669464	2.010630084642106	0.3097659139496207	1.664965270006457	5.721007918503876	1.1188593008069436	3.0211308826969208
