0	1	2	3	4	5	6	7	8	9	10	11	12	13
6.844832858657664	4.724999946103875	7.493832938713428	4.075999866048149	4.488581275543135	1.8307291571125408	4.631340623632817	2.3473460834240054	1.030725743627418	0.3415347686110031	3.5496516607205546	4.498673700892938	0.1418006973314385	3.8958604021205887
7.008938379062276	4.6623573030255	7.524781129183758	4.146514552903891	4.517662644178643	1.8257744790158759	4.572085255986821	2.3090452746612984	1.032509463164246	0.38255646745827965	3.4425283584156134	4.547485724017335	0.2379624708671542	4.148165734726122
7.112918501784088	4.560695812083163	7.54063279545225	4.132981518415	4.610386875080673	1.8231127904805426	4.443049329075941	2.349557453376094	1.0860188981963812	0.3042769878520345	3.3419472866659703	4.551994130065163	0.38037912385508676	4.194492627920086
7.169739081559291	4.502068369639014	7.545442621480995	4.1263648297172635	4.662655496186684	1.8183029644518376	4.356525015217598	2.349557453376094	1.1732382679928601	0.3042769878520345	3.2350876591693942	4.551994130065163	0.4765854194609407	4.36622280967275
7.169739081559291	4.452750611800068	7.502963363589648	4.119526329769586	4.753226540547033	1.86078222234301	4.315271728696256	2.349557453376094	1.1732382679928601	0.2652134329835969	3.185136474127173	4.551994130065163	0.5265366045042473	4.4093267711883
7.156201095189336	4.306586481288481	7.586989575661613	3.875798000816248	4.949680844107018	1.813508196949758	4.315271728696256	2.349557453376094	1.1732382679928601	0.188962199148401	3.135787243221461	4.6191676110573265	0.5800087605725562	4.462896551332642
7.156201095189336	4.257676432865295	7.586989575661613	3.826887952392995	4.9481438508020466	1.7730557586643967	4.365718770424379	2.349718198732817	1.1732382679928601	0.2292538920761397	3.135787243221461	4.708418336717751	0.5339152010271724	4.4170220048397155
7.212909929576439	4.102259987412837	7.586989575661613	3.72818034132785	5.046851461867356	1.8152995073444498	4.401781325845629	2.307474450053019	1.137175712571369	0.2292538920761397	3.0300866578953416	4.7484463960587275	0.582906951966471	4.376993945498524
7.212909929576439	4.150925083157665	7.59176935517717	3.7720656575569684	5.0486334078506445	1.810519727828542	4.351334284117552	2.307474450053019	1.137175712571369	0.2292538920761397	3.0300866578953416	4.7484463960587275	0.582906951966471	4.376993945498524
7.263212090714496	4.100622922019725	7.549414893731613	3.814420119002447	5.0486334078506445	1.8528741892742706	4.263591115385417	2.307474450053019	1.2249188813039742	0.2292538920761397	2.9797844967572753	4.7484463960587275	0.582906951966471	4.420439484678453
7.313613857597354	4.050221155136777	7.507130089947978	3.85670492278622	5.0486334078506445	1.8951589930578736	4.2119756193859255	2.307474450053019	1.2765343773031574	0.19028939514749355	2.9293827298746824	4.7484463960587275	0.582906951966471	4.376993945498524
7.313613857597354	4.146418346552597	7.507130089947978	3.9529021142019567	5.044121600242568	1.8951589930578736	4.120290235578239	2.307474450053019	1.2765343773031574	0.19028939514749355	2.9293827298746824	4.7484463960587275	0.582906951966471	4.331186859499303
7.206491268237792	4.253540935912258	7.507130089947978	3.9529021142019567	5.044121600242568	1.8951589930578736	4.120290235578239	2.307474450053019	1.2765343773031574	0.19028939514749355	3.0365053192342986	4.7484463960587275	0.536886963998869	4.376993945498524
7.206491268237792	4.253540935912258	7.507130089947978	3.9529021142019567	5.044121600242568	1.8951589930578736	4.068739817515021	2.307474450053019	1.3280847953661359	0.19028939514749355	3.0365053192342986	4.7484463960587275	0.5826131304698821	4.333617766331044
7.206491268237792	4.253540935912258	7.507130089947978	3.9529021142019567	5.044121600242568	1.8951589930578736	4.032541022021955	2.307474450053019	1.3642835908589528	0.19028939514749355	3.0867164499083755	4.7484463960587275	0.53240199979499	4.333617766331044
7.206491268237792	4.253540935912258	7.507130089947978	3.9529021142019567	5.044121600242568	1.852915244378232	3.981032241718482	2.3108995929598115	1.4157923711631264	0.19181666953869853	3.0867164499083755	4.7484463960587275	0.4864558186571591	4.333617766331044
7.256881198626497	4.2031510055234005	7.507130089947978	3.9529021142019567	5.044121600242568	1.852915244378232	3.981032241718482	2.3108995929598115	1.4157923711631264	0.19181666953869853	3.036326519519495	4.7484463960587275	0.4864558186571591	4.333617766331044
7.256881198626497	4.2031510055234005	7.507130089947978	3.9529021142019567	5.094698891133146	1.852915244378232	3.930454950828022	2.3108995929598115	1.4157923711631264	0.19181666953869853	3.036326519519495	4.7484463960587275	0.4864558186571591	4.287814463977391
7.256881198626497	4.2031510055234005	7.507130089947978	3.9529021142019567	5.14534882055383	1.852915244378232	3.8798050214074133	2.3108995929598115	1.4157923711631264	0.19181666953869853	3.036326519519495	4.7484463960587275	0.4864558186571591	4.287814463977391
7.256881198626497	4.2031510055234005	7.464914818073253	3.995117386076607	5.186411475694145	1.8951305162527534	3.802455025626988	2.3108995929598115	1.4178581054256314	0.19181666953869853	3.036326519519495	4.7484463960587275	0.4864558186571591	4.290310830812485
7.30737110529123	4.20148550644623	7.464914818073253	4.043941793664182	5.137587068106434	1.9373742649326657	3.802455025626988	2.2686558442796994	1.4178581054256314	0.19181666953869853	2.9858366128548575	4.7484463960587275	0.4864558186571591	4.290310830812485
7.30737110529123	4.20148550644623	7.464914818073253	4.043941793664182	5.137587068106434	1.9373742649326657	3.7509881765729283	2.2686558442796994	1.4693249544798248	0.19181666953869853	2.9858366128548575	4.7484463960587275	0.4864558186571591	4.290310830812485
7.357961207416012	4.150895404321568	7.464914818073253	4.043941793664182	5.137587068106434	1.9373742649326657	3.7509881765729283	2.2686558442796994	1.4693249544798248	0.19181666953869853	2.935246510730139	4.708418336717751	0.44072930016522854	4.330338890153685
7.357961207416012	4.150895404321568	7.51201898709947	3.9968376246380686	5.137587068106434	1.9324542762066743	3.7509881765729283	2.2264716639796553	1.4693249544798248	0.19181666953869853	2.935246510730139	4.708418336717751	0.44072930016522854	4.287101081975378
7.357961207416012	4.150895404321568	7.464914818073253	4.043941793664182	5.137587068106434	1.9795584452329413	3.7509881765729283	2.2264716639796553	1.5035465608572303	0.19181666953869853	2.935246510730139	4.659112325588093	0.44072930016522854	4.3364070931050085
7.357961207416012	4.150895404321568	7.464914818073253	4.043941793664182	5.137587068106434	1.9795584452329413	3.7509881765729283	2.2264716639796553	1.5035465608572303	0.19181666953869853	2.8857297354818523	4.659112325588093	0.4902460754135128	4.3364070931050085
7.30110491951152	4.207751692225954	7.464914818073253	4.043941793664182	5.137587068106434	1.9795584452329413	3.7509881765729283	2.2264716639796553	1.5035465608572303	0.19181666953869853	2.892376101278243	4.659112325588093	0.5404559975213612	4.2906116536446435
7.297892340982673	4.264708549430634	7.518659096749189	4.043941793664182	5.137587068106434	1.9795584452329413	3.7872987305780828	2.2264716639796553	1.4672360068521026	0.19181666953869853	2.9485504573059815	4.672911889733169	0.4954386421716624	4.330556368175369
7.297892340982673	4.264708549430634	7.518659096749189	4.043941793664182	5.178577157985907	1.9795584452329413	3.7463086406984245	2.2264716639796553	1.4672360068521026	0.19181666953869853	2.898165304003607	4.623551720786679	0.4999504830075268	4.334051988881893
7.297892340982673	4.21725951109431	7.560874368623879	3.9542774834531356	5.2260261963222625	1.9373431733584627	3.7463086406984245	2.2264716639796553	1.4672360068521026	0.19181666953869853	2.898165304003607	4.623551720786679	0.4999504830075268	4.334051988881893
7.297892340982673	4.21725951109431	7.560874368623879	3.9542774834531356	5.2260261963222625	1.9373431733584627	3.7463086406984245	2.2264716639796553	1.4672360068521026	0.19181666953869853	2.947765222669048	4.623551720786679	0.40440367803158556	4.2881182342205175
7.297892340982673	4.21725951109431	7.560874368623879	3.9542774834531356	5.2260261963222625	1.9778006912411294	3.7825540907580715	2.1860141460965834	1.43099055679215	0.19181666953869853	2.8972913091792747	4.623551720786679	0.5008244778325771	4.2881182342205175
7.297892340982673	4.21725951109431	7.560874368623879	3.9542774834531356	5.2260261963222625	1.9778006912411294	3.7825540907580715	2.2248327518698123	1.43099055679215	0.15299806376629044	2.9469772402243897	4.623551720786679	0.4511385467868114	4.2881182342205175
7.240834760275018	4.323224817464909	7.560874368623879	4.0031852091162206	5.177118470659347	2.019927786453383	3.7825540907580715	2.1827056566575926	1.43099055679215	0.15299806376629044	3.0032440762315655	4.663481736881464	0.5440446132692418	4.248188218125966
7.204109454393706	4.323224817464909	7.524149062742506	4.0031852091162206	5.177118470659347	2.060447205858766	3.7825540907580715	2.142186237252319	1.43099055679215	0.15299806376629044	3.053104322013739	4.5773126365136605	0.5403530399050622	4.297632012612319
7.254764522624377	4.321558612213698	7.524149062742506	4.0521740720955055	5.169047282635912	2.060447205858766	3.705390965742693	2.142186237252319	1.4160791924770595	0.15299806376629044	3.0523976610255743	4.5773126365136605	0.49040463266291745	4.297632012612319
7.254764522624377	4.370628742779928	7.566433866526124	4.058959398878142	5.119977152069547	2.10081338959829	3.705390965742693	2.059535249729003	1.4160791924770595	0.15299806376629044	3.1024343876409497	4.5773126365136605	0.6257854367689695	4.340857528395799
7.305520691168868	4.369024102615306	7.566433866526124	4.108110927258178	5.070825623689556	2.10081338959829	3.7416364158025064	2.059535249729003	1.3798337424172602	0.1140820619546327	3.1018034230183695	4.5773126365136605	0.6227999987544327	4.384152465945166
7.319583835950164	4.36739966705621	7.5296395193747685	4.157343983631669	5.021592567316215	2.1414541473102986	3.7416364158025064	2.0576585768262285	1.3798337424172602	0.075317977140251	3.1011597702648164	4.580502465473431	0.5725861595746162	4.476916923896017
7.333679321737161	4.316440628408448	7.535130427959657	4.114989522186048	5.021592567316215	2.13980013250853	3.7416364158025064	2.0169581301823576	1.3798337424172602	0.075317977140251	3.1005033640182633	4.5836922265162245	0.6149902088825631	4.48037133915557
7.347807207277715	4.3146945339654525	7.498197504560096	4.164304236683146	4.972277852818851	2.1805603585122593	3.7416364158025064	2.0149075473926508	1.3798337424172602	0.07552433574304868	3.1504039414787792	4.7168523890904	0.6076345635579101	4.487115220908825
7.361967551176381	4.263531730908599	7.46119504540194	4.164304236683146	4.972277852818851	2.179300691381231	3.6902809920875597	2.016167214523804	1.3800934156268594	0.07552433574304868	3.099241138421896	4.810086795742608	0.6545502220070124	4.400669260782084
7.336454220217413	4.160899245927454	7.333049229461711	4.164304236683146	4.972277852818851	2.179300691381231	3.6902809920875597	1.9774575713092772	1.3290587008485983	0.15320070569419308	3.198799068114633	4.975478882454459	0.6867054096736046	4.2407575125855494
7.29921555402968	4.208331411699807	7.342937327830811	4.164609637898666	4.924845687046699	2.1321739268244397	3.6389904856090296	1.9774575713092772	1.2619210548081912	0.19221822047373455	3.249547245603987	5.020180867711188	0.729098855859931	4.202821475628701
7.327570730296973	4.152638782014452	7.2682493506999455	4.2119601616114855	4.754524743358296	2.1321739268244397	3.710735275378256	1.9774575713092772	1.313146685014501	0.2312865864050443	3.2471957937017955	5.201097537147117	0.8164952368152878	4.214076796549009
7.3792468697587035	4.150352376781149	7.31068094612076	4.218918300418967	4.663999638157513	2.089742331403502	3.6643728409244125	1.9774575713092772	1.400644490440492	0.2312865864050443	3.3482951721979983	5.242543498499092	0.7589747128556508	4.217061784964564
7.339609570563096	4.148044254035472	7.308837009154537	4.178816815444103	4.766961310480662	2.00016948761773	3.5631232773839763	1.9774575713092772	1.5021250866567226	0.2312865864050443	3.3485187305233595	5.401312260173812	0.9945676141473485	4.190098383814752
7.302062995929825	4.148044254035472	7.313868832631476	4.136238417333898	4.817918415133629	1.9996708524541045	3.6147280891075804	1.9353778083625583	1.4505728915235119	0.2704058665585402	3.3494208643056345	5.447739445648004	1.0901442062042876	4.196702666637423
7.278640372264599	4.098374580927407	7.281211534509937	4.09580341868207	5.2154155675646106	2.0388426407726303	3.3540619241171656	1.8535576453752745	1.5161766611277105	0.2704058665585402	3.402567542953508	5.541256045444646	1.3284288436227525	4.389348162446124
7.273311582045969	4.153342256131507	7.2768377354998	4.149816102677711	5.268905405650482	2.0842166879679516	3.302418580869866	1.8125573971903952	1.5673812782432281	0.2704058665585402	3.4089943882036504	5.576413314952191	1.425371007577241	4.445280739238658
7.247960986312877	4.049076109219233	7.147220992854193	4.149816102677711	5.268905405650482	2.126241187549219	3.3385523380703455	1.7705328976090435	1.5312475210428005	0.2704058665585402	3.460519068542569	5.617337731577304	1.81011872905992	4.595851934021362
7.262322849015693	3.9967861852372617	7.1520748735794974	4.107034160673312	5.21730423213224	2.0834592455448164	3.3901535115887333	1.7705328976090435	1.4798720060669335	0.2704058665585402	3.4082291445606	5.708095573113829	1.9100388356298568	4.513849225597247
7.224323205499115	3.9967861852372617	7.114075230062885	4.107034160673312	5.165776682579261	2.0834592455448164	3.441681061141667	1.7705328976090435	1.4798720060669335	0.2704058665585402	3.5109806575244247	5.713140587860608	1.8072873226658641	4.470804567333877
7.0576031624590465	4.049076109219233	7.046744148214111	4.059935123463928	5.165776682579261	2.078324560177465	3.441681061141667	1.7285685457668107	1.4798720060669335	0.2704058665585402	3.566415007014069	5.6850247009089045	2.105816898920854	4.571837032670853
7.0576031624590465	4.049076109219233	7.046744148214111	4.059935123463928	5.114322682706527	2.078324560177465	3.4931350610144083	1.7285685457668107	1.4798720060669335	0.2704058665585402	3.618809642572545	5.728294568549625	2.2053413091714313	4.622170111440384
6.792392263716196	4.056877321205781	6.881832402823333	3.9674371820985876	5.256299629896672	2.0354655037975538	3.4007969988098012	1.7285685457668107	1.4798720060669335	0.2704058665585402	3.890894386722407	5.650786142389127	2.4235118397827096	5.01395724928548
6.806068602129844	4.004597279498392	6.843228699529709	3.9674371820985876	5.307810015904398	2.0354655037975538	3.3492866128019796	1.7285685457668107	1.4798720060669335	0.2704058665585402	4.00044231089331	5.655754646820037	2.3716790473646934	5.162156739518406
6.819776913960945	4.148703070561005	6.933552468390867	4.03492751613108	5.029511718908315	1.947528148170907	3.482620865492356	1.6875053600133696	1.4283451749599867	0.30957612398663464	4.108661988238276	5.836081187263642	2.524796404256294	5.28446463684385
6.726839802422777	4.198584479468216	6.883757080600388	4.041667201290538	4.979630310000887	1.9455097636037084	3.482620865492356	1.646382020832534	1.4283451749599867	0.30957612398663464	4.055031724900727	5.787174231304343	2.631006269352311	5.338035371845424
6.726839802422777	4.298594610340428	6.926969785830396	4.098464626932674	4.828075540316334	1.9022970583734378	3.5341655043049616	1.646382020832534	1.4283451749599867	0.30957612398663464	4.159613139412674	5.831281231325926	2.57908835069159	5.199073621275157
6.701559873002637	4.293335743253848	6.8962660041940795	4.098629612062432	4.821801663409386	1.8552305545406387	3.493207892248985	1.646382020832534	1.3770306929959957	0.3487974217054838	4.220623928533354	5.735968032820857	2.8443275157281995	5.76562889243383
6.474295886321775	4.4033910603851165	6.826052828368904	4.051634118338032	4.821801663409386	1.8501417004859573	3.493207892248985	1.6044753811630488	1.3770306929959957	0.3487974217054838	4.288310924501217	6.333631939775511	3.351014872771531	6.230298476441459
6.323146121348026	4.4610614661630645	6.732573469173052	4.051634118338032	4.873329212962427	1.8501417004859573	3.4777255817934867	1.6044753811630488	1.289731978425221	0.3487974217054838	4.409573279917258	6.650476470697435	3.9415479970034637	6.6299467518034305
6.171841960139486	4.518837489449638	6.639045331251107	4.051634118338032	4.873329212962427	1.8919881818037048	3.4777255817934867	1.5626288998454287	1.289731978425221	0.3880698227161279	4.470426423396092	6.743567020639318	4.06083863618284	6.557973297369069
5.772127363793719	4.785461629766557	6.505954875222277	4.051634118338032	4.914196111749223	1.9337745896673748	3.4368586830067827	1.520842491981812	1.289731978425221	0.3880698227161279	4.74323931720556	7.130535869645848	4.413609679806705	6.340124412226879
5.662273194957483	4.945439853435877	6.549250493083306	4.058462555310156	4.864072056916014	1.890478971806255	3.4368586830067827	1.561132077198649	1.289731978425221	0.3477802374997786	4.856205248580779	7.178317782580756	4.4327041728540175	6.300513782270543
5.413446569895768	5.097568591437792	6.502457966501399	4.0085571948323215	4.867047121620946	1.88527509535309	3.4368586830067827	1.5194056578785688	1.289731978425221	0.3477802374997786	4.854574554846093	6.979942919968228	4.19267132841834	6.582832536052951
5.268184041885087	5.149061022239532	6.455547225462595	3.961697838662039	4.867047121620946	1.8796029807910588	3.4368586830067827	1.4782184162703362	1.2555968740257242	0.3477802374997786	4.853620404665401	6.831993525404145	4.313430674143899	6.7574866430270015
5.228398151860472	5.246241492867395	6.415761335437957	4.058878309289837	4.769866650993025	1.8796029807910588	3.4368586830067827	1.4782184162703362	1.2555968740257242	0.3477802374997786	4.961345780088631	7.220047499751251	3.4765992559508385	6.744745493157847
5.134482859506087	5.29643764014162	6.368634557832996	4.062285941814865	4.719670503718883	1.8744816748088071	3.4368586830067827	1.4365512075030564	1.2555968740257242	0.3477802374997786	5.0167257596102175	7.126132207396868	3.3237605164360504	6.429323196186482
5.246421016072654	5.436593744353156	6.422688799372818	4.260325961053208	4.573214337502641	1.8744816748088071	3.3852748299846502	1.4365512075030564	1.2555968740257242	0.3477802374997786	5.445864965419511	6.936305912230594	0.1924258222923546	6.0413627328601684
5.3618774033815155	5.418525500912879	6.422688799372818	4.357714104921591	4.516602231381379	1.8744816748088071	3.344498792237363	1.4365512075030564	1.2555968740257242	0.3477802374997786	6.158183967237883	6.839365174103866	1.4505234895799344	5.875394856326746
5.241841539476526	5.418525500912879	6.349370707059508	4.310996333329958	4.516602231381379	1.8277639032170085	3.3084535531400325	1.4365512075030564	1.29164211312321	0.30850783648814767	5.987656431537118	7.351780319444376	1.0620624512086796	5.588381761077906
5.069698124093673	5.516735199413549	6.228652092419347	4.357781231087792	4.510519988045514	1.8277639032170085	3.267750898717872	1.4365512075030564	1.29164211312321	0.30850783648814767	6.095821674153389	7.883115757031846	1.322914578043965	7.345977241873819
5.141158815749754	5.459174076164141	6.289198787602735	4.311134104311119	4.510519988045514	1.8227240785779795	3.267750898717872	1.3546543201490824	1.29164211312321	0.3487974217054838	6.203436745623996	7.5909445399185955	1.3263238013061578	7.838852625288475
4.8252228288279415	5.612865491321869	6.12695421583866	4.311134104311119	4.551149416091123	1.8227240785779795	3.2271214706722686	1.3546543201490824	1.3429211383752302	0.3487974217054838	5.985290209847652	7.988578812400213	1.8287969967735858	7.512332563594166
4.920336862929718	5.6595679097573415	6.222068249940508	4.357836522746601	4.556051520061885	1.8227240785779795	3.1755169482659786	1.3546543201490824	1.394261309985336	0.3487974217054838	5.87657989249415	7.562675185849355	2.3103967532968426	6.745443050429297
4.483914372337973	5.967902903695471	6.1406831717223636	4.311134104311119	4.643292529188595	1.864271559400304	3.171023596672164	1.313106839326478	1.4096174156978587	0.3487974217054838	6.084179525102743	8.37169258545556	6.234929336686978	7.8539217179183645
4.2924644615276994	6.169134545486298	6.099874334197778	4.361724672816167	4.5927019606836	1.864271559400304	3.171023596672164	1.351816482540951	1.4096174156978587	0.31008777849138863	6.239333796079462	8.545465851098163	6.146989776404009	8.039513628596644
4.122265261654153	6.161866274624204	5.968983443843819	4.3151480924345	4.5927019606836	1.8591827238465235	3.171023596672164	1.3103287377129265	1.4096174156978587	0.31008777849138863	6.48644699489665	8.808098543399504	4.7719011277539645	7.621190463591779
4.055780729473688	6.054094308423863	5.845317513967983	4.264557523929479	4.735399879165839	1.9006108180064014	3.0789162466950235	1.268900643553048	1.4096174156978587	0.31008777849138863	6.738233277196118	8.742866541990956	4.591101762798546	7.5981336547878335
3.8469543355757843	6.1538753884410085	5.736272200087262	4.264557523929479	4.735399879165839	1.9006108180064014	3.130484236106357	1.268900643553048	1.323930191378653	0.2727598084370296	5.765082881440722	8.085735572904712	3.128772629177843	6.625061296896648
3.99520817569386	6.046966194562505	5.777616846326839	4.264557523929479	4.735399879165839	1.9006108180064014	3.130484236106357	1.2286675989401372	1.323930191378653	0.3129928530512398	5.4916310383252736	7.856258543415757	2.832419395621354	5.72293685890325
3.953863529454153	5.996458105361348	5.736272200087262	4.214049434728367	4.745460357479401	1.9006108180064014	3.119363857582637	1.2286675989401372	1.3754981807895057	0.3129928530512398	5.345866144815553	7.27204294455264	2.1950886935577247	3.266763362456902
4.003817119759188	5.84573528153468	5.649686430200411	4.199865971093478	4.805708924901965	1.9870176321611976	3.159884523681621	1.228846554672348	1.4269866694770081	0.3129928530512398	4.720332859725721	6.944686254297581	2.07498634187315	3.1019269420434195
4.003817119759188	5.84573528153468	5.649686430200411	4.199865971093478	4.765115046131004	1.9868381588446506	3.2004784024526876	1.2290260279887797	1.4269866694770081	0.3129928530512398	4.5449011353039985	6.891111896444208	2.1866100315697405	3.0930767688017258
3.9519627365952923	5.977590197962416	5.737009099765637	4.192543834792161	4.821518446862803	2.1179551994073207	3.2411456516314483	1.1876575010356334	1.4269866694770081	0.3129928530512398	4.2821713795664875	6.093873768889047	0.6627452081848824	0.050362728896260506
3.965392799307209	5.9274050873768775	5.703807987578314	4.188989899105776	4.871703557448292	2.164586374306625	3.2411456516314483	1.1876575010356334	1.4269866694770081	0.3129928530512398	4.457478250538644	6.222363086223122	0.8349528600884221	1.610077668246369
4.346123988303253	5.780400453887847	5.944737694944634	4.181786747246511	4.968709060239957	2.2958172497834153	3.2411456516314483	1.1462289764906315	1.4269866694770081	0.27376902569226214	3.643894675949613	1.8840590301863585	0.04924761604687341	0.3683696336874875
4.261333535108922	5.78786939462295	5.87441201389563	4.174790915836081	5.018735542020417	2.338787728152452	3.2411456516314483	1.1462891484919457	1.4269866694770081	0.3129928530512398	3.411160850457698	3.3404687244893374	0.46060723034508794	1.8892678913367438
4.843820689639929	5.651863995646699	6.274133557320512	4.221551127966056	4.977994764422738	2.4270967216237804	3.2818864292294014	1.1047403671505458	1.4610799602220144	0.3129928530512398	2.6055678563651834	1.6947892105240532	1.3589886564548421	2.2424450800784976
4.916941521155792	5.670177696743494	6.365727255834048	4.221391962065282	5.024984364531829	2.4739271558323033	3.2818864292294014	1.1047403671505458	1.4610799602220144	0.19547464796998687	2.668261267828941	2.016758936395717	1.6563862034861228	1.7265491460145912
4.956035488189237	5.728265248982957	6.462908775106913	4.221391962065282	5.024984364531829	2.4739271558323033	3.2818864292294014	1.1047403671505458	1.4610799602220144	0.19547464796998687	1.4963847734504108	1.368010537826828	1.1933935780742972	0.7012714695295192
5.057388151434368	5.676944218437734	6.462908775106913	4.271423594765193	4.9749527318319675	2.4739271558323033	3.2818864292294014	1.1047403671505458	1.4610799602220144	0.23280998780554515	1.0465035645325607	1.2463062092769281	0.739615485842113	0.7739207321059223
5.016409190158404	5.626912585737762	6.421929813831074	4.221391962065282	5.024984364531829	2.4739271558323033	3.2818864292294014	1.1047403671505458	1.4610799602220144	0.23280998780554515	0.9286686704984823	1.1534916184618287	0.6369272366349825	0.7560399887278773
4.956151371528028	5.743453493037132	6.478212902499887	4.221391962065282	5.024984364531829	2.4323180276982055	3.2818864292294014	1.185006945622887	1.512603730639763	0.19415253746501665	0.3564262782906424	1.5431188536317189	1.018691701161164	1.476800266436608
5.035862740629	5.8018789864264315	6.569449013112187	4.268292713943236	5.024984364531829	2.4792187795760627	3.2818864292294014	1.2252378208626924	1.512603730639763	0.15392166222456144	0.41485177167929715	1.6915988042978516	1.5765489123815228	1.4925419968195892
4.994652444977044	5.821211088441328	6.55170018426567	4.264163349152687	5.072056033077325	2.563770211464955	3.2818864292294014	1.223913850893388	1.512603730639763	0.15092092968093954	0.02033867712041862	1.0365135750327914	2.520990481417227	1.2713248202429102
4.976533081262408	5.830008573341233	6.592332743227196	4.214208911376384	5.029447363311176	2.563770211464955	3.3744495367717886	1.223913850893388	1.512603730639763	0.1118549378755677	0.06344081176555706	0.7918372800080821	2.1619366609805075	0.9467229138369742
4.930305405000234	5.981925104062293	6.69802159768618	4.214208911376384	5.029447363311176	2.563770211464955	3.3744495367717886	1.2239138508930902	1.512603730639763	0.1118549378755677	0.40270235247689046	0.6985952053847955	1.7092850396721808	0.9650420108568293
4.957521945001092	6.0412774062338155	6.791590769256428	4.207208581978356	5.079319707913766	2.565093445328036	3.3744495367717886	1.3040613115484743	1.512603730639763	0.07325625855575853	0.5086379067097595	0.6453674285370837	1.6102668679982406	1.2017858642721786
4.95914410822061	6.142113690423542	6.901037743707759	4.2002200549365485	5.129110086153234	2.4836101574061256	3.3744495367717886	1.3897477713544228	1.512603730639763	0.1118549378755677	0.059969032332423775	0.18290059726067343	1.5204447044612144	0.9158261998487761
4.91544272970589	6.1923088775469965	6.914508279441823	4.193243327811086	5.1271437534152025	2.4434258770785027	3.4261244082751623	1.4726638633217872	1.512603730639763	0.07283972492568232	0.2112399042752418	0.27238747296567284	1.6271765766367356	0.5585023373167385
4.69832257080483	6.487373241104201	6.906970374640755	4.278725437268206	5.120903071031721	2.235940203158399	3.4212552844555577	1.7571400653390779	1.4766232761693188	0.03424104560787723	0.7742591283836096	0.9695312779801047	1.9816692459031469	0.07393847173828778
4.560152256171312	6.536231248480098	6.914073197875697	4.182310306775851	5.159735201408883	2.149084914573127	3.3805661661124553	1.7972027751031665	1.4940356103896089	0.03424104560787723	1.0522174881216646	0.7853399455908746	2.096858080230516	0.011854605594254969
4.12365633384619	6.779725302792562	6.643212893971992	4.260168742666663	5.147117841775862	1.9938866435282365	3.3913097001172257	2.037838224544408	1.545450550204386	0.0762034172927129	2.3179437654886956	1.9968072187055785	1.6804950984796205	0.2858682194258665
4.228870129404584	6.682446111741461	6.566560234559044	4.34475600658691	5.095788093069636	1.9980383275881564	3.4426394488236767	2.156768853053566	1.545450550204386	0.03770836863403975	3.0083549862935675	1.857724166543444	2.0092142996009663	0.34756400106653923
4.99394980241442	6.320150266366144	6.981167659591015	4.33293240918951	4.9916959662536815	1.7559752838621485	3.544840999894452	2.3962981304561173	1.5968009290677945	0.15412957451898984	4.465897174670795	2.727808372057509	2.7744988373740562	2.0606307161052584
5.554233741037543	5.887370285991166	7.145931311471735	4.295672715557022	4.7744661873551575	1.4706043381389655	3.8181522654440014	2.71166066107938	1.5450484417347812	0.192420532971815	5.8873702859911035	4.1778712429822376	5.435331196917934	3.7769985411519293
5.817836963939861	5.615395906384841	7.063491473385602	4.369741396939108	4.75583256036456	1.4781565312509097	3.836517050478149	2.829129682235165	1.544842668444839	0.192420532971815	5.706401406890205	4.097949958845694	5.916172941155638	3.961423697585296
6.3095861515959335	5.1616497387300875	6.996284272883508	4.474951617442602	4.498330109689306	1.624674067431371	4.247882528007586	2.9503986521334693	1.6662649050625218	0.27098447263875514	4.729864976714285	4.047691325646627	5.088787080801624	4.1370131647677955
6.3468147851960355	5.016673006874077	6.904660125641677	4.458827666428415	4.495093012244358	1.7120064145265537	4.396096357308769	2.991919085880032	1.6662649050625218	0.3081216421059103	4.830768121318801	4.452046978507448	4.6416884514620635	2.8244945469085545
6.697488401460936	4.237109536694738	6.656444592808454	4.278153345347237	4.7276418422023205	2.1165860283654356	4.72707193126772	3.03234517775596	1.717090880179203	0.23141112367366104	3.996224017131445	4.987718748088752	0.5869376595056924	5.708709990674143
6.826046822095177	3.8963656933028483	6.552988660536083	4.169423854862105	4.817148953451717	2.250181368937829	4.972569891423328	3.1139851212963436	1.6660400595238847	0.191400599825001	3.939434424489377	4.736540512845566	1.3791260223721036	5.120780851598508
7.086733934078088	3.062872848037354	6.428257435182862	3.7213493469325822	5.123242572822771	2.6403101601061176	5.549260037292251	3.1585655874384044	1.6660400595238847	0.191400599825001	3.8868704517748065	3.8422284249850867	0.6842817838585908	4.553997260015781
7.2531150090508865	2.6427071862470504	6.300616712817575	3.595205482480335	5.166721657331412	2.874751006236362	5.86926841002037	3.1214578102450736	1.6660400595238847	0.19426691628529283	3.7275142043555602	3.6752123952346616	0.5938935027712486	4.384151254355116
7.344723724607265	2.7331293333279727	6.352893962472889	3.724959095462178	5.029012353163965	2.9140824721374026	5.880347999665925	3.1214578102450736	1.7535877985748676	0.19426691628529283	3.7792636506489625	3.5979986769009433	0.6379477540909493	3.8979811153623296
7.137655011254796	2.6694729464275406	6.36463318566918	3.4424947720131556	4.936368571834981	3.110809994025518	6.216369584281317	3.018355716041289	1.9648159644539689	0.31336126873720865	2.726489966076329	2.7179069869335772	0.15377110340151479	2.250787363206867
7.05961423508201	2.6295785316111635	6.336437353705545	3.3527554129875425	4.984689025859157	3.1913244976708572	6.253709196909706	2.9847728984291964	1.9816819046305834	0.31336126873720865	2.5819721098828023	2.6474195377241205	0.2878583055822372	2.2831716856995676
5.606954476135649	3.058253065947206	5.617968900895227	3.047238641187908	4.621630287333265	3.6719865815222095	6.667486775436979	2.5919210701814963	2.1929530742773045	0.27235228965630565	0.4653942961208366	0.8174044857348096	2.323780230067112	1.2917290131698536
4.956003734486246	3.524315024318095	5.5211033599086505	2.9592153988955747	4.667522793437488	3.752575766184332	6.658801478111048	2.5513983290179834	2.2437691077909196	0.19504746060948308	0.5130238021942948	0.5612881459039029	1.7319421157911035	1.2982183685767583
4.566193164715154	3.14538505132295	5.16726267339668	2.544315542641483	4.174333536887666	4.573011184495998	7.739905130756496	2.071736071665282	2.3682604323517564	0.31008777849138863	1.1741616048098509	0.2593252053040176	3.7056450522842197	0.0
4.450500155703349	2.739714017401303	4.814848121911432	2.3753660511930734	4.2304978086745155	4.972596925941115	8.089411892891427	1.8701622294790587	2.4024311333846926	0.6247809220924349	1.7540526615173604	0.021593553750313896	3.2456740069087813	0.26010932943849574
0.5417544905271814	5.249806929192843	4.231501829221088	0.4765506094433972	5.227173901033858	3.9816623850657433	7.959789170015443	1.9520652202006874	2.4024311333846926	0.462470057913685	2.7904267777157488	1.663455453132737	2.0447151897390055	0.991359667925788
2.205558958589967	5.3027630644489125	3.814069526843878	0.7168654209843588	4.930060433611231	3.6571858295210617	8.240489268093702	4.424741385548563	1.3911075357285754	0.02279754090232645	2.7534697157509846	2.0686914163719887	2.1322565238960935	1.5881680050567295
3.395745043578944	5.97165419594533	2.9544997136458044	0.378590561278771	5.441746232000987	3.605068217388083	8.023397653416819	3.060888304169872	0.44680624883347175	0.24888672953913607	3.249838281639064	1.7090001686625518	0.5371415100770996	2.4506820811075376
3.3003898781500407	5.693971045224758	3.053327537734594	0.6597463706598126	6.121583571259358	3.440389057265543	7.735368554292872	2.6886384856334105	1.1348546946145888	0.3062170555425993	3.213762717475775	1.3375514605542072	0.3534305707447071	2.300617683065726
4.440183243300107	6.546524262111033	3.117775872029422	1.0114348532188946	6.289437660709286	3.4391175642337166	8.102934005584865	2.364341681839381	1.4346217241892587	0.17263170992204596	3.3180454734433478	0.5490748854824474	0.7920275854286336	3.9320488301687195
4.108488628105011	6.277654756118899	3.2094230210699104	1.0402568930560316	6.140826480852202	3.4399101960026917	8.372228135610225	2.1626392101373493	1.585871845357271	0.008602565648812618	3.346423509457912	0.3456652569451702	0.46697897331218147	3.5366355309772084
4.5678017941426186	6.613963496252819	3.353920478371711	1.3077587762616005	6.280989233836513	3.153253805071352	8.625203501401247	2.4168620878488305	1.5490116003005532	0.0010014208046279119	3.400600870403251	0.14409586470815297	0.670994097922664	4.06384119803679
4.814348413687638	6.668759477939005	3.3101032005938347	1.4556921363424389	6.313423747449413	3.042044388055967	8.754721293640094	2.4615575916215704	1.4956261563666144	0.08095507198963463	2.865432536990079	0.3775494635816152	0.9844244339842928	4.13473656524537
3.9240817309783904	6.583829603419998	3.437634814750265	0.777886942308503	5.8853680173177185	3.008897144819107	8.696156153388845	2.6282279909180506	1.631985780073949	0.1638562302963921	3.645915346734912	1.1314719165236302	0.6651470100680238	3.5107038286298096
3.3389559095882557	6.480647952091698	3.1680896044063482	0.026397561906030452	5.902334227530156	3.866190900322004	8.644078213832598	2.6256052671494476	1.7889145893117966	0.1638562302963921	3.9631700217260475	1.4047945341252286	1.6982970274669889	2.8052519006004424
3.0034624167254593	6.39843619413102	3.4515500600265465	0.056576282619936746	5.846998343177921	3.825780564703797	8.628463741899088	2.5870564200875035	1.78886687757039	0.2428154129768818	4.062966676749826	1.6652561025551296	1.9738380305065555	2.376171479296163
4.042568092876506	6.637264927133839	3.3972367862270887	0.8025399519703063	6.420465615076435	3.907861402834063	8.612856918485978	2.4177404158616858	1.7888027224327967	0.2428154129768818	2.9559810697064033	1.2579183497104818	1.6312472761369856	2.70206343213291
4.403049125388166	6.660884693066377	3.445086463240237	1.1872508955621377	6.757263818914439	4.1100299386129775	8.599631419967109	2.167722203069691	1.836775496732602	0.5784777335668297	1.6449344306965572	1.2395083174506116	0.7924860422594354	2.8365636202865376
4.306467700856156	6.569132915565152	3.4870383353061447	1.2243731205970596	6.709503376583859	4.232232669281779	8.584076943804158	2.0844556425202327	1.9372126402610228	0.5058815969535929	1.4127575311330018	1.499630434318496	0.7997371904358425	2.5659355007778633
4.9804959568718665	6.833195295023244	3.533027505568125	1.6803281674165527	6.735899181108394	4.3053664815464785	8.865618745776294	1.8763828021488989	1.454589946609078	2.796905600595912	1.003640028443399	1.4862604353439794	1.5566555488230833	2.9032930178907126
5.005178138085432	6.847327023545587	3.6579998013731436	1.8158509159131258	6.5637222441693375	4.29026389591745	8.927989257559826	3.5171203160361744	1.4532830509239099	1.0716649032389596	1.0703364222737963	1.4830899398850381	1.7337339539701448	2.7134411769288884
5.3494811547252175	7.155589202798316	3.807162198918185	2.0010541508450883	6.417863832316279	4.3743524419587585	8.772768848422077	7.3522819424110315	1.661630047010979	1.036130024961751	0.5102294298482989	0.7185733276790157	2.4750383823189828	2.518244683309831
5.3715118294868605	7.2139303797647525	3.8468329733766393	2.0044144230986425	6.464325124434918	4.334681667500318	8.825896656474825	3.000443570934502	1.5751715987957577	1.7087674061686178	0.3146878969273836	0.8585240870059607	2.5769504757937014	2.469751803113778
5.6894320874584015	7.54223595201689	3.926372297045122	2.073568432486805	6.454920826677278	4.29759958334423	8.726140468876558	2.304153711015971	1.7730103789500773	2.1599258373560475	0.14005420917817865	0.3556567030202756	2.1203368423072173	2.1830700571185466
5.809393259093762	7.568838762464178	3.9091491629147397	2.14970365954428	6.491187252486845	4.216436732151185	8.676848703085216	1.9416957367819119	1.822302144741207	2.361739581236199	0.006128601626921977	0.697914387506835	1.817671615202804	2.35882163036868
5.375457185877803	7.6057609515566265	4.310965720840982	2.0806619551622076	6.382210485616643	4.134046130391125	8.56648946649978	1.9857355838019817	1.9822839095581446	1.1796774275273967	0.43714913137559436	1.6368616202405497	2.8762386759750047	2.3029124451966814
5.252755458440882	7.699034660409375	4.426039585604855	1.9797603836362125	6.166206130798474	4.100442836392169	7.81654739505244	7.704485989885268	0.8185122204961142	1.2153082290397492	0.4796597063777689	2.0353847388467528	3.1139958335029236	2.4202245123360173
0.07709320368743633	6.522806026419848	5.954912832049613	0.6449863980593554	5.12305174594524	5.475451299056183	8.014640298177195	7.110186444601975	0.14930219737099765	3.0953393158079905	2.0637140528074385	1.6990342839633588	0.9810233834481158	1.4508817103175384
1.72843334851613	7.687931873416583	6.087147771778462	0.12764924687793566	5.260527979611284	4.673828574655497	8.022947850609667	3.009253940418599	1.8481849689710625	0.42884924006906844	1.570407303247427	3.963581793582819	2.5499045584506894	0.9504438660230613
2.3197466278075054	7.539154031457484	5.562794816650756	0.3433874130013179	5.229551252287456	4.2626083941003445	8.018055986813364	2.3966708873952554	2.4343401206423105	0.12078729074704155	1.0085286619323086	5.364604108523505	0.8309773452675148	2.222751965460842
3.420293565928778	7.830840066755839	5.146381798499391	0.7358352976722493	5.262164012388069	3.820846935004989	8.025167535113372	2.3161459992505073	2.5344135853087333	0.07462186638415431	0.33027232401958245	5.119047141190272	0.0725797233602027	2.0650969429770116
3.8359298318852013	7.746602538782741	4.966743159330133	1.0560704524330198	5.376113184346216	3.614560952202824	8.073583544851298	2.3161459992505073	2.535593121044822	0.07594740464010734	3.1242017089492364	5.0602874107571365	0.9859137536675121	2.3004072246270093
3.9034206168362937	7.697195270461426	4.8877045961474215	1.093929942522436	5.455274987533174	3.5739365976709734	8.080760036915871	2.3164766240992067	2.487114315883029	0.07447584318479226	2.541429151418758	4.940466119193049	1.945701475847346	2.2949526700056073
4.361142417933879	7.833199613713024	4.832860586342107	1.3608033905628005	5.563944211804025	3.5398233041364247	8.12433772925874	2.19064878275537	2.4511615702865805	0.07329278497831246	2.250326470276491	5.319982287559137	2.378563523466623	2.2790985368857277
4.5025621272682015	7.85422630182336	4.712467565118109	1.3608033905628005	5.521913571012203	3.5398233041364247	8.214955675464449	2.19064878275537	2.3529186773341673	0.07462186638415431	2.0636860715487155	5.315314407891509	2.9404497773688427	2.2186480531294452
4.523651472955934	7.716086529704965	4.752713442345387	1.5602783855963798	5.639840375721059	3.4995774269091466	8.256257988561705	2.19064878275537	2.3529186773341673	0.22869695570279275	2.008958277687435	5.452781873035077	2.938364606026228	2.2565920413570457
4.664589013646169	7.822432831502541	4.785827977290415	1.6279841594338553	5.589161081641426	3.464296388681168	8.381738182656798	2.192731217478293	2.3529186773341673	0.18952194454898547	2.207309204655748	5.592944853607786	2.949224677941608	2.1937057042857875
4.5444315716656	7.822432831502541	4.905985419270715	1.6279841594338553	5.589161081641426	3.464296388681168	8.43038831178063	2.192731217478293	2.3042685482103993	0.22605755274347433	2.7501252738130946	6.048269193333643	2.423083041998142	2.5288726020312837
4.737540258663385	8.052471270587285	4.897374283576751	1.5824432716530819	5.5383621290688785	3.500014744772581	8.42520795819923	2.109605264627887	2.267299369824985	0.26478261703785033	3.444853403995249	6.212404436088773	1.369529068722151	2.749026577239198
4.840485071431463	8.031648326084436	4.897752502467313	1.7065892478144118	5.6221289158857815	3.459635555428252	8.42520795819923	2.0693661352972517	2.267299369824985	0.18581842341073168	3.2287920650151927	6.166295088194074	1.5616592236102926	2.731071038345034
4.853375484476518	8.047277347616761	4.978199506589418	1.7842976434494011	5.659391277852481	3.4191895217600528	8.42520795819923	2.068003976444327	2.182990698345854	0.18445626455669917	3.133190340093148	6.206296058648008	1.9718880696187435	2.7813239324794394
4.947261972541841	8.103961839017275	5.0592926098862545	1.9025927434109609	5.696593274517234	3.3380964184632345	8.42520795819923	2.068003976444327	2.133433359534914	0.18338409579702133	3.1525600921297054	6.206296058648008	1.4408258559981046	2.7813239324794394
4.947261972541841	8.066820092376458	5.099939931380032	1.9803818115454037	5.6925551249922846	3.297449096969248	8.46638785436482	2.027875633434243	2.08393612334057	0.1432557527845868	3.097172121162862	6.206296058648008	1.7279774090032836	2.7813239324794394
5.12087927460377	8.163354812260268	5.188849643348946	2.1463741056925403	5.729636736716524	3.168538414546623	8.46638785436482	2.027875633434243	1.9996607846861827	0.1810107195995033	2.883973720134182	6.216808144448346	1.43970866572916	2.831836988733622
5.151748794221964	8.157202740134158	5.188849643348946	2.183395697436465	5.766658328460691	3.168538414546623	8.46638785436482	1.9878015983780766	1.950262271584288	0.14093668454356886	2.9148432397522703	6.32397659628439	1.5232338282625937	2.939005440569772
5.265829910449026	8.271283856361292	5.229709501174956	2.2242555552625984	5.683392303328756	3.1276785567206757	8.549653879496852	1.948975636406212	1.915342602061306	0.17684903703795	2.9207016222498687	6.267421088608086	1.506299951342717	2.8824499328935627
5.235105055592179	8.240559001504389	5.229709501174956	2.2242555552625984	5.683392303328756	3.1276785567206757	8.50102117961941	1.948975636406212	1.928995378058113	0.13698312729521459	2.9259818091101626	6.318134138030135	1.595451520275157	2.933162982315634
5.1879728634213595	8.29583563168097	5.32668262748342	2.2188198592240718	5.637029102008847	3.1275611222670556	8.50102117961941	1.908165565578811	1.928995378058113	0.09799325623168954	2.7795185939354514	6.475907044277933	1.051874693569747	3.0970527449796768
5.2186169279884025	8.326479696248013	5.32668262748342	2.2188198592240718	5.679175728779743	3.2107541064588756	8.507507252725974	1.7849511403476062	1.929803832341447	0.0569355227654493	2.618217716559896	6.526921715944578	0.8836785068240165	3.148067416646275
5.2586693449054795	8.37278304766207	5.368688668691713	2.2545749659350918	5.632872377365625	3.128695648333633	8.507507252725974	1.7849511403476062	1.8803626781806992	0.13403701075448082	2.5137039457986674	6.486869299027535	0.909068324596643	3.1981879289967794
5.289257387804244	8.403371090560828	5.4098198744855015	2.2957061717288734	5.67399177572672	3.1284973774027978	8.46638785436482	1.7828458103496356	1.8803626781806992	0.17286461561732078	2.4058546838999435	6.486869299027535	0.8902346339051422	3.3104233977184414
5.363690488564976	8.42781757807242	5.360985181506737	2.29685809199897	5.668928114933521	3.1643612422814313	8.413499171115488	1.6995864682416109	1.8920714652643813	0.5600558363204639	2.3992691294710866	6.390639128819518	0.8943474547113349	3.410073727888998
5.403926865969781	8.42781757807242	5.361957745162761	2.338067033059931	5.668928114933521	3.164208042521336	8.413499171115488	1.6585307269409144	1.8920714652643813	0.28891037517669443	2.3799091049925063	6.350402751414723	0.9137074791896551	3.521995405092504
5.439132384278777	8.487028517229351	5.312905820083685	2.2650096871331526	5.6318645697030245	3.1590782991443827	8.415627543615088	1.6163236088864166	1.806612430636752	0.24996861724129113	2.2993058312722208	6.146310678637958	0.9525584646681142	3.5132456006215276
5.408456788961355	8.53080295100567	5.354192331869731	2.2318461698253773	5.5987168537065	3.1177917873582817	8.374325230517835	1.6163236088864166	1.8415923545172799	0.24996861724129113	2.249149974697413	6.146310678637958	1.090643125567695	3.6248521724217673
5.430180391760875	8.552526553805171	5.306846097446852	2.1844999354025822	5.5987168537065	3.1651380217812806	8.374325230517835	1.576357976587104	1.806612430636752	0.24816641566299869	2.3055917126989574	6.146310678637958	1.1948749593130248	3.674035353664627
5.3994238740884875	8.559085199903004	5.306846097446852	2.147184771632481	5.56140168993641	3.1651380217812806	8.337481415263621	1.576357976587104	1.8928974000517451	0.24816641566299869	2.274835195026614	6.146310678637958	1.2347732748355136	3.674035353664627
5.3994238740884875	8.559085199903004	5.306846097446852	2.147184771632481	5.520099376839236	3.1229309037265947	8.378783728360839	1.6185650946419434	1.8928974000517451	0.24894474287749674	2.2553298669541535	6.03862914123316	1.1947753075815533	3.615430123693514
5.3994238740884875	8.559085199903004	5.306846097446852	2.147184771632481	5.520099376839236	3.08066320997052	8.378783728360839	1.6608327883980065	1.9423989755340179	0.24894474287749674	2.200974663028097	5.930970106558264	1.2890777706086167	3.507771089018868
5.368610924234986	8.52827225004946	5.259431538831691	2.0997702130171985	5.520099376839236	3.1280777685856784	8.378783728360839	1.6608327883980065	1.9423989755340179	0.24972097943125374	2.170161713174393	5.823334327531337	1.2890777706086167	3.560262797572603
5.368610924234986	8.52827225004946	5.218163899509046	2.0585025736946116	5.478009199654462	3.1693454079082013	8.420873905545589	1.6608327883980065	1.9423989755340179	0.24972097943125374	2.1157405246340115	5.772767945166084	1.4030362102334344	3.5096964152073924
5.40903160270286	8.490957086279243	5.177743221041042	2.095817737464513	5.515324363424636	3.1693454079082013	8.383967473255938	1.6608327883980065	2.0784899696516477	0.24972097943125374	1.9773649861829612	5.6753018776205435	1.263276486609366	3.515051586746505
