0	1	2	3	4	5	6	7	8	9	10	11	12	13
6.426786125952558	5.077186925584405	7.559103447585061	3.944869603951902	4.232449796698447	2.076419344122065	4.028695801653652	2.8160428621189144	1.1612960333677125	0.5500234217320096	3.7708014254620386	4.4227103580786515	0.30751237781789703	4.133324631811697
6.447886424194895	4.7365195281511205	7.311907137014229	3.8724988153316895	4.427530082407239	2.0784104784286903	4.665517961706287	2.392188684014682	1.321322768267637	0.20837594127533393	3.4363654716176213	4.204651270296501	0.4271577148226576	4.017828112332876
6.405938188171625	4.710501792101555	7.286641128367662	3.829798851905467	4.450831458085474	2.0402145058752708	4.705887583759455	2.3938811204829102	1.3191042560351578	0.1752272513135348	3.4138207824118	4.257687704111576	0.420710416345955	3.991446263488189
6.44230817380163	4.647951926623438	7.249941185961278	3.840318914463823	4.465867245134575	2.0459082359426883	4.729435987273816	2.3938023158357855	1.297943610903563	0.14733474902068225	3.3878844476558525	4.334114298223621	0.5345774501743515	4.0881248138127955
6.459177278596333	4.5946809730085665	7.222117122529449	3.8317411290753802	4.474917636489612	2.051212949431467	4.744511888865677	2.4145147735369736	1.2712041040667887	0.1351081532892788	3.3942147963691283	4.416612615854096	0.5241337745797803	4.088037725899371
6.48926148768307	4.525676178619221	7.179342167115924	3.8355954991862777	4.495837331282825	2.0731007723668906	4.704881055988535	2.394058133117039	1.312499056198894	0.1402284298141748	3.3522307872743733	4.3892288877051255	0.6549159201521353	4.126071947370512
6.4627139751399465	4.524516040191972	7.127522597153552	3.8597074181782682	4.494825489670556	2.1064144696479783	4.676377634379223	2.378359851298614	1.3243713121558098	0.1255397441919382	3.3069330294511183	4.384670187481826	0.7106735231031105	4.167530767982028
6.513927740744586	4.46268984269863	7.09616693895576	3.8804506444873894	4.49975839651552	2.1167709719455585	4.650630843745189	2.3736467520522906	1.3325111026772478	0.12681475492500713	3.244552376597422	4.411063840958484	0.7854062730172344	4.15189253060923
6.465418414173763	4.480023977647141	7.073422379769127	3.8720200120518253	4.506470385465626	2.1110206153132807	4.634356188007466	2.3545560584298877	1.3256862290829432	0.17517789208875956	3.2270459936007927	4.361981474267536	0.8054079113866657	4.152987379431769
6.498814895773695	4.435076027811851	7.042912242307457	3.890978681278077	4.500157595470618	2.11527772087113	4.6478619972623	2.3691580660097014	1.3103861101142018	0.14595186896739898	3.2350674335702654	4.404767811770204	0.8188559053203979	4.207553966617025
6.511829422103759	4.413250145332618	7.026981427803209	3.89809813963309	4.516333835407581	2.125459515109948	4.620371863293833	2.363445668595365	1.3530031437457608	0.16081431619823244	3.217033358842367	4.412057261628747	0.8395555440055393	4.212709418824965
6.521193389629342	4.38580920413423	6.995386016713228	3.91161657705027	4.53231492803573	2.1502335046559464	4.611834599457156	2.353935228644665	1.3508011879585782	0.14064928283647501	3.1509829251715873	4.124962749780074	0.8969485866200126	3.882656953981493
6.575507688629603	4.358734241331506	7.004424464351734	3.929817465609351	4.532767963095938	2.1652377543027583	4.619905272515917	2.368612520979441	1.3264671972384747	0.13060564693331325	3.1413985868600713	4.144986536727266	0.9224487548658649	3.916518913355174
6.725132110561207	4.31803120753522	7.092475899195216	3.950687418901203	4.56287713467421	2.1999808339705025	4.576756872840962	2.353375629397431	1.323507523630513	0.14428858570545372	3.129254887865171	4.1395523241948275	0.9236560354933443	4.307117299198109
6.747266417412309	4.3217755492312895	7.120425588734622	3.9486163779089543	4.602940700974458	2.1926269876337288	4.539223950614025	2.3586569777719917	1.318722476836988	0.13926790604953437	3.103051207465776	4.16018477713406	0.9665874932084401	4.1912598089329505
6.8341415454669034	4.299186554305993	7.15940928254972	3.97391881722314	4.620821669742877	2.2016376602780685	4.491024266455959	2.343143081301033	1.3050376472375889	0.14510087784157957	3.010518843129192	4.337146181995178	0.9988875735847712	4.175299017036996
6.9177162826502485	4.324615057150561	7.258371674498636	3.9839596653022307	4.726371874963701	2.2234233562987296	4.355384819084254	2.2711692361861813	1.280720993695774	0.15963256982350973	2.9587914482682445	4.339164731656295	1.042223636055851	4.095939456401296
6.962381838029356	4.312919940672563	7.292156003780379	3.9831457749216206	4.733393042340019	2.2190146577380094	4.349177542088537	2.2755779347469605	1.2761916197056622	0.15484865775575227	2.929706907088013	4.364425647173553	1.0684434861311085	4.052971364059731
6.990633734505326	4.313381577985361	7.304037684378363	3.999977628112352	4.743328003813764	2.21925848660509	4.315916731083123	2.2647282960813575	1.2884183906182851	0.16007752458657612	2.90957394253917	4.3711527540065225	1.1183559576551025	4.058079298994793
7.023448391225893	4.33331929954321	7.3230716241390885	4.033696066629979	4.7340468138196625	2.231879066632237	4.289084829829456	2.253666637358089	1.288981491456228	0.15045092055498702	2.8323808692348944	4.35657608556903	1.1305805028596057	4.085127850823604
7.027378550662397	4.362923009391389	7.329838321309975	4.060463238743751	4.727364407302334	2.2334952648019346	4.243111584824458	2.238007058986252	1.2950069403397364	0.1554307770364225	2.8344801652943707	4.354137392229437	1.13083750672877	4.099716983608009
7.116202468624721	4.337337075462756	7.353870674263151	4.099668869824324	4.695132773413662	2.2489276640873364	4.176315756157375	2.1863835724165965	1.3058162067037438	0.1553255635398336	2.7422076236527544	4.260345966753218	1.2191513951815627	4.031615042302289
7.129047395534165	4.357134058226827	7.377551778288501	4.108629675472477	4.6637324674136496	2.2691938250108312	4.177341009550015	2.13991252647028	1.2967489266275785	0.1505121250699475	2.7448802202588394	4.295085292823519	1.2969183902662136	4.013798656058283
7.158524858223399	4.350444065183493	7.381479690272396	4.1274892331345105	4.665004855800325	2.3119106888039522	4.085498305044508	2.0528431605938557	1.3137782428758007	0.13619488508470184	2.7490029452227245	4.373213994523129	1.3846894979876496	4.030301541556057
7.1628358865116235	4.373701123059664	7.399146934286221	4.1373900752849755	4.664354984454825	2.321730576847653	4.032656524939611	2.0112727009246854	1.3266168818487178	0.1408889037822506	2.7877646799684874	4.399884299028532	1.402623611456027	4.009057001741545
7.165337945251709	4.337770615782904	7.365763672561411	4.137344888473124	4.704386850223271	2.3045050109310723	3.9374677484824456	1.9501881098538785	1.367557281516785	0.15056051545929844	2.9565776925733704	4.510472793916769	1.4969304338731626	3.9552989202145334
7.162266325376971	4.317362712730181	7.368953073729596	4.110675964377576	4.704299300309829	2.2855549420786727	3.919311471165403	1.9193734382596026	1.387679626218783	0.18480723370497998	2.9762977089375378	4.550922974951809	1.5321981366799857	3.8973065221371286
7.115301150824964	4.367086636087967	7.349965604238473	4.1324221826744125	4.648510999056763	2.2373250889795844	3.828492462714203	1.8687828361601766	1.441095338052404	0.22826103045655033	3.255086218314893	4.635253217443394	1.6358517762795426	3.8737416709130383
7.088682906235233	4.349844171258788	7.331487738255464	4.107039339238492	4.709699274004419	2.231352669186594	3.7542041294904376	1.8475954144844242	1.4547445705670028	0.22295584134883573	3.3357407901168434	4.719525343966535	1.7150721740938677	3.8860105938888014
5.509007951516197	5.1549563712799245	6.529376620415544	4.134587702380582	4.8262252229083105	2.300844392597971	3.3553252523356933	1.3482439986626982	1.4352737670401803	0.2740379300187077	3.6016095698501953	2.410746079613573	1.322366415786706	1.9914084928378673
5.513820381562513	5.143329194612097	6.527372108496731	4.129777467677883	4.843479582232599	2.301330482281477	3.3380708930114054	1.3429476742764788	1.445861046539859	0.26918369006725307	3.633318563373399	2.4251534986510657	1.3129216553984744	2.0104327415008276
4.9172388033383845	5.509918682442845	6.266456142825158	4.160701342956154	4.73892312402882	2.3286410451963167	3.2466037712217926	1.1715149809413574	1.4211147326365179	0.25549157621740315	3.631641377651942	1.224980506964794	0.9365772096383597	1.1112140840338012
4.917880773831812	5.503729144701429	6.264980298610427	4.15662961992288	4.750704704047171	2.3238762158720996	3.229169984348562	1.1665558803774365	1.4332318194330207	0.24580235861078287	3.645301545087555	1.2159954861108373	0.9236794330702568	1.1071709397192466
4.922788984881443	5.502025617935335	6.263437328236426	4.161377274580451	4.734103410406289	2.2991455180953	3.2164209979437093	1.1619217425644077	1.4284696092314193	0.24580235861078287	3.7134235679992713	1.1888944056478508	0.9202010769742687	1.0809077177058797
4.913882036961144	5.501468668780584	6.253538600534913	4.1618121052068915	4.740514680169233	2.299804032005739	3.2105666773354815	1.1622550084351768	1.4329954275064716	0.25054122986344834	3.7200236422057773	1.1875652887685746	0.9037361838127532	1.1036883639984465
4.947223775171411	5.503329985269356	6.27985411609361	4.170699644347234	4.7063983412295025	2.265743178165987	3.1930595495234386	1.142687996327386	1.4269986961009624	0.25543643679424793	3.7920432533963293	1.1956022763977723	0.9115581362505599	1.1593557609706546
4.952481359556783	5.4895058988461525	6.2644411106450715	4.177546147757941	4.694533588371304	2.2657418383868526	3.203814753181022	1.1376710866589685	1.41624349244336	0.24577309470676717	3.7800711326598835	1.216033531293526	0.9080516187923501	1.1738122232413357
5.030456003106976	5.491221174953902	6.3105446321470176	4.2111325459139515	4.67265255087946	2.273508424326306	3.1844351735813254	1.1222302817839847	1.427042041821514	0.23618238484116844	3.565454088006907	0.7927962803712317	1.0239462984294287	1.0080459737671423
5.076277249048804	5.486973855222792	6.363135184735542	4.200115919536062	4.6734616487189236	2.267603258585515	3.183626075741852	1.1219536427932773	1.4313521254623147	0.2264063311515057	3.4483789858606686	0.7791363458045443	1.1173755353317085	0.9916394377546482
5.076277249048804	5.486973855222792	6.363135184735542	4.200115919536062	4.667537841509996	2.267603258585515	3.1895498829507707	1.1219536427932773	1.4358702863355264	0.2215905077566544	3.4486538030854605	0.7813163508508085	1.1236084948742067	0.9999856628365515
5.078988559040488	5.509913777811106	6.372520496437602	4.216381840414034	4.643593621084332	2.252491622199633	3.1717522410664505	1.116531841079069	1.4419357626082672	0.21664800442434384	3.486180837013663	0.765515885105877	1.088988374106499	1.0436021434650904
5.2401444431142	5.104941670346045	6.309088921866582	4.035997191593688	4.661276694652002	2.412753182871631	3.6493185988786063	1.4291028797506486	1.5690668923874926	0.23576486594484974	3.420811158641576	1.110159782954099	1.50454322686701	1.0901962552671132
5.235015379700621	5.104629248896706	6.3027434560536655	4.0369011725437005	4.661177318666039	2.4177046887149527	3.6373287011679087	1.423933610513392	1.5705557231694125	0.23876176996588983	3.4215950642660644	1.1180004513233703	1.4991689818245917	1.0963516966703368
5.218910798505637	5.117156953090296	6.295534607554755	4.04053314404119	4.648733366310916	2.412150596323326	3.625331855211246	1.4037771926818692	1.569006117834471	0.23386008655576557	3.4385403221026465	1.1094301476163215	1.464431718498907	1.1080280106642633
5.215947280463658	5.122991136970833	6.291347033287941	4.047591384146582	4.648483414729093	2.412026742024063	3.61329966357388	1.3986771438673655	1.569006117834471	0.23386008655576557	3.43263688350675	1.1087551553493205	1.4456501622557199	1.118915787886989
5.430338019685605	5.253648879192254	6.539307385182207	4.144679513695659	4.717115701936955	2.0636214909256987	3.8315125129523646	2.282509693366755	1.6939212003352506	0.21745706081531957	4.514774853855099	3.2532412567107256	2.614086354687677	1.962523406123345
5.493307037938237	5.192506000427133	6.546015627099617	4.139797411265773	4.6773078455360215	2.017951481354403	3.8722805340983775	2.331955283964082	1.6837989304283425	0.22268828188907114	4.776719164693691	3.512413637184418	2.9452078556619017	2.2536860984100047
5.599515955475409	5.116494150083583	6.58351840677192	4.132491698787062	4.628300569000066	2.0106787714683727	3.93850043390977	2.365793303854188	1.6880680504193	0.24255117785399777	4.9011908710596535	3.5971831337522353	3.42317527966654	2.4755995712595054
5.596913409619494	5.117649130448277	6.582985086980372	4.131577453087393	4.634541171954938	2.021181124437855	3.93850043390977	2.3656350511921187	1.6880680504193	0.23306392977781648	4.901309781053906	3.5923900962886055	3.4027817829607163	2.460449505378289
5.600408006536418	5.12331255565612	6.589395615390071	4.134324946802497	4.621846277038244	2.02074961215698	3.932441923484128	2.380312040646274	1.682020115628841	0.23427400331324533	4.8882198009193925	3.6063342285698683	3.396277139531009	2.478812331338844
5.594747530905453	5.124161354431871	6.584583938534872	4.134324946802497	4.6279137237212655	2.0206096214264244	3.926374476801082	2.3855181706759447	1.682020115628841	0.235915383281407	4.896345273020464	3.604749469673388	3.3903894912150516	2.472415895587222
5.5850960923720585	5.14300980571632	6.591019180387757	4.137086717700654	4.6090652724368475	2.0360216546525036	3.926374476801082	2.399703612643098	1.6775050523130453	0.2494514015079594	4.90363559095163	3.6230812849619918	3.3976798091462355	2.4933834535334904
5.877319870970208	4.7643807851809035	6.556140047628673	4.085560608522415	4.513918660264973	2.2729513150954936	4.242402198725523	2.43095539274462	1.7942414288965742	0.2594677889187716	4.515666395465425	3.282916480291913	3.3067823912873324	2.5670646336194105
5.998861002902512	4.697928119690619	6.620808926994027	4.075980195599084	4.471900863407539	2.2539660034853886	4.301889802875396	2.489496316965856	1.8005913237036575	0.2940196629359454	4.479853561680057	3.13867208828041	3.444154630306021	3.0299727287527887
6.0468143044215426	4.659464264118071	6.617005175457355	4.089273393082226	4.45850392163763	2.282018693554665	4.338407115265317	2.5100268000377284	1.795825198195066	0.2980903539311651	4.396746736190005	3.172751763681914	3.479305430860314	2.6489822728399366
6.046842340771819	4.647350897827363	6.622961479013534	4.071231759585634	4.445257070707987	2.303298709277232	4.363767332485651	2.519002176871397	1.7937865490381324	0.32786448880545255	4.397481444526438	3.3169005216516836	3.3402033073101873	2.620254409679002
6.106528697627386	4.548995745148174	6.608884925394889	4.046639517380692	4.4855853420633425	2.3537894721615427	4.40155368010786	2.539058661485616	1.800321935985052	0.32795583058224687	4.286593525815477	3.3424329363896605	2.9579251044647705	3.1364791131692344
6.138681580525067	4.529909434552813	6.616297341383282	4.052293673694582	4.466152646126999	2.3863938621446343	4.42205901999644	2.5594633039617625	1.8047938854766374	0.34710877803981555	4.266984956671046	3.329494472425533	3.0416620758887545	3.1101398775503593
6.170039814331691	4.424062537830929	6.5752761783575755	4.018826173805032	4.517367398237866	2.476457623367732	4.489528316253352	2.559480112455598	1.8047938854766374	0.35184885318845843	4.254037538976042	3.1494529824335324	2.979898221275526	3.009279883561454
6.130118235175827	4.407389739164459	6.544327460150326	3.993180514189927	4.512440861171251	2.5484757708117973	4.5460563236842555	2.5548055882136134	1.8051133560289057	0.3772690477637249	4.2562180452215825	3.062009734732224	2.961524715230812	3.0365727567591003
6.128368166383207	4.386216294945277	6.561382850299819	3.953201611028622	4.486349927766218	2.570554944635652	4.594148017896719	2.5508863982361514	1.8384897094121408	0.3874233214200163	4.159602674728641	2.995516406389137	2.868619111870863	2.8453964437987525
6.144207981563935	4.361658224103719	6.556546370585679	3.9493198350819085	4.476140937055768	2.5827356692690415	4.598264133629098	2.5527926866274258	1.8583250480989002	0.3923393676531175	4.115726634657753	2.98368984892227	2.858238401300999	2.871435777612748
6.045592249893079	4.404895912218037	6.521128620737374	3.9293595413737066	4.490087543831201	2.657326588202471	4.568669942362773	2.511175322856427	1.8887221717067944	0.41760570077969783	3.9933307975917525	2.728897342407152	3.050677416405092	2.7078796038211084
6.000802443625333	4.438272515321571	6.498854915874813	3.9402200430720415	4.452271434426201	2.693396502942933	4.593887421520511	2.4894749098820905	1.9040488737806507	0.4075505113275315	3.983483136827258	2.7495177814444696	3.001161910861444	2.7127143490228645
5.868400033209579	4.406228186156861	6.400517966345267	3.87411025302116	4.3533278059628975	2.8913846354740267	4.798097151196757	2.366363812652838	1.906834648744985	0.4894491503185642	3.873718062579963	2.749421070324174	2.8708527234928227	2.496795773716739
5.881919780895311	4.401419726387901	6.415200509680847	3.868138997602337	4.346675118819283	2.891854362104552	4.810114664500901	2.3856932241992173	1.9005086138265286	0.5014498121567619	3.854925130765269	2.721782352634592	2.9610803082761126	2.29881615148984
5.935328775622695	4.311963654565518	6.413104741805163	3.8341876883830297	4.352346631606425	2.9671690403391375	4.891694654447468	2.3740616529859553	1.8941901788102493	0.48619749044788313	3.8797790679867687	2.5387615360319398	2.866989820262662	2.8458832250588815
5.70008682751443	4.584855516320629	6.1024535524374155	3.6794038413230017	4.277011697373863	3.060699541062271	4.310696044353623	2.99637285243978	1.6465329692293438	0.7198838491854332	3.9618228212725377	2.7140199282423216	2.3990490501440687	3.3178124732861365
5.735106486322707	4.452491268732937	6.063674971490071	3.620837833490929	4.3494646752689174	3.1382732387004744	4.365058185005526	2.986181294103399	1.6637308480253092	0.7243814945668452	3.8983010672852925	2.5633691143158797	2.2670910441811274	3.177404649066036
5.733618273276211	4.442631876716549	6.050409304201638	3.6227558957164323	4.321055098058555	3.1564842054895568	4.391273406296611	2.9862961506373766	1.6868381441940528	0.7142678657484891	3.9100740252230137	2.5345517623777942	2.22397333931902	3.1768373736073348
5.726947960378614	4.424223637828881	6.081283609846429	3.566803038286367	4.315073215893498	3.2002622731502366	4.43127558739093	2.9531089026148356	1.7194244879654326	0.723852623206806	3.7753126622073157	2.495061439372661	2.245383813001192	2.980598832737285
5.594764772388853	4.429854092008591	6.019670084389303	3.50186382993355	4.3308708712849135	3.2987765945521645	4.495933235315645	2.903202245583145	1.736449231197632	0.7187406831355343	3.6819550383301825	2.439663399649375	2.5830638132438724	2.7388213164605277
5.349807143360807	4.484205839073393	5.873022288028312	3.4579057443312555	4.2422269915062945	3.411675240764698	4.6388730738012045	2.82823672285545	1.7644400716453523	0.7378247656272908	3.5663440053039195	2.1702913819164116	2.759744979047487	2.5601134224380226
5.057149589305081	4.4811140513734635	5.800122137779831	3.235056552824087	4.130177769578806	3.3612606207609748	4.900070733241876	2.911260040648808	1.788825430146163	0.9925055677646901	3.878491488412786	2.449258733065105	2.8979704318302617	2.765347528823739
4.060488372335054	4.837741547871317	5.570238927829525	2.8249060423025987	3.992870192896305	3.3626411539148604	3.9409404761909563	3.9797509318855004	1.4469379414584636	0.8685787049412282	3.9416793121210594	2.742527935197155	2.866855700275629	2.6701791417166034
4.067792905739429	4.8428471235706745	5.595495737685584	2.7614985036115223	3.967946311465049	3.370367770354823	3.536150057533456	4.489033165333879	1.601473589040162	1.023052610171568	3.8989375299842672	2.790056680437971	2.8384860643710272	2.6654284846819967
4.314303031438961	4.972789114054088	5.517390255419448	2.7722359092799507	4.150019059138041	3.306055074783189	4.114211826735805	3.827219107737092	1.475845092422838	0.7976863948483183	3.8893864877393547	2.5065083771727714	2.665495245262961	2.59419710828353
4.2127973330252155	4.993118022601631	5.581889055309673	2.7921247626735877	4.168901174930972	3.306248088555411	4.236426623707428	3.7006377869175773	1.5093659999002969	0.7850578251028912	3.898407580955717	2.576551298680069	2.703880033348287	2.5485324099330895
4.296995158949802	4.98188224636743	5.579123834503754	2.79145416738558	4.1617917158971345	3.33014280663203	3.8493907552813758	4.020158264750916	1.3959046430013586	0.9304001935336705	3.8283632792485385	2.4397090584558017	2.5857624385250157	2.615978574496302
4.06357014761071	5.007147753223215	5.717777275487299	2.843894709630296	4.077302019688847	3.40730302847097	3.521813942448266	4.176202451772593	1.582659940079323	0.975491432291927	3.640475633115342	2.469600040472322	2.567909010639089	2.5481385773598153
4.463727347793297	4.985697616268602	5.53482796504757	2.9003121492705852	4.240704862358345	3.3749375433371913	3.449306691075333	4.591049877117528	1.2813553070974537	1.0191131607389496	3.695631659256071	2.550742029243005	2.5396853800221284	2.8432382963647744
4.485874513334522	5.007481985377122	5.5678549005020495	2.948540614959024	4.235179916240229	3.3643596004053524	3.4224751810263947	4.613222867076965	1.2487662599138585	1.014272044252609	3.722500900510244	2.5298896793975953	2.516029232721838	2.9031290309733113
4.39025939389608	5.0078032023558	5.584005283851561	2.822094315511856	4.194596668939967	3.346028280627033	3.428708147029726	4.73041572095611	1.263980031687384	0.8986383004103844	4.008758635139911	2.7231476268472683	2.862462956968938	2.795062330759008
4.090551951686963	5.077974222389636	5.3908354186862955	2.559036767348772	4.295127865713381	3.3290462326571753	3.553540587088844	4.701145003026511	1.2727663683441364	0.9372116150086522	3.92646838932738	2.8570423096466535	2.57033783682221	2.9749997864920923
4.307412943680008	5.068285744761188	5.37568586667963	2.6380050573409277	4.270835178611311	3.3146873168762054	3.7215216149703183	4.719545643583232	0.9778635774811937	1.0886372316559505	3.754014294460406	3.015672518794783	2.478618216164433	2.877504435165056
4.323465791952704	5.0328792398527655	5.3706908620513	2.6236464053335413	4.280136456251152	3.3358110628772417	3.7599930436026217	4.720109987370752	0.9775963102137825	1.083171534012841	3.708512801797664	3.050108905840131	2.572313379867888	2.8047587776272302
4.3848795453983	4.946461275847033	5.375880174493777	2.5934528823309253	4.281642150957255	3.3753438812531913	3.8352471452473673	4.721120872663923	0.9667533452823976	1.0783523149064216	3.7180180617741443	2.9337000961112643	2.5163011146054677	2.9252011502161595
4.408526481539216	4.933711057855909	5.377485058095227	2.6027447168792905	4.281995894672849	3.3966488148905443	3.8405169783046658	4.72108298315714	0.9731049780917402	1.0783523149064216	3.7098493275685214	2.9936680429748397	2.4778556962626315	2.92929510843603
4.430929382041545	4.860327296307676	5.362439521879889	2.5668093920486794	4.323895255088632	3.4458800810222865	3.865517476758652	4.728124813323512	1.0108650347170811	1.0783523149064216	3.633704410754252	2.8369208747267396	2.3754978841667707	2.731738151132123
4.425151962539404	4.861610095473508	5.354054611891085	2.5706996817012353	4.347396550036347	3.4651628200322264	3.8562720002428876	4.719183962663937	1.0036091150705304	1.097524699077166	3.657354810741775	2.8236084901730902	2.2944627948846175	2.7199502028355522
4.272406276499795	4.927977388018678	5.324208584774846	2.514167315322977	4.359132654150192	3.509699508739053	3.8902042165482893	4.681016339702063	1.020842226774481	1.097524699077166	3.6194290828108366	2.6528762322202417	2.4428818034308417	2.5090261203197963
4.26950315318183	4.935384825976405	5.328712899414595	2.514167315322977	4.365400541026444	3.509699508739053	3.883936329672053	4.685776018552784	1.020842226774481	1.092765020226454	3.6130564233214306	2.6573805468599656	2.429101705983807	2.5090261203197963
4.2745471080593145	4.928903905916109	5.329206910269741	2.512236339285047	4.378121047771337	3.5257369371127023	3.8900009943242857	4.680528120886076	1.0208560113301128	1.092765020226454	3.6192960100060207	2.6705674092274596	2.429101705983807	2.5071227995144247
4.283505930164356	4.928903905916109	5.332784314497175	2.5176177571626566	4.395826116219985	3.525603398913761	3.8796924117962712	4.686043076962655	1.0272442456367457	1.092765020226454	3.612273041632687	2.6752178561861455	2.42847906873878	2.517286765491985
4.27727924436445	4.928786273106859	5.3274117736952915	2.5166459793553733	4.408463574392635	3.5309759397156313	3.879490163829727	4.686043076962655	1.0333839260390194	1.097277787457173	3.618499727432611	2.670916945783562	2.42847906873878	2.5215876758945908
4.281745938784508	4.928786273106859	5.326514788473687	2.5220096589970478	4.414765746068303	3.54157984776987	3.897632632039399	4.680802848550082	1.0334927148287554	1.097277787457173	3.618499727432611	2.6772907024509496	2.42847906873878	2.5255287722803446
4.281745938784508	4.928786273106859	5.326514788473687	2.5220096589970478	4.414765746068303	3.54157984776987	3.903764096702101	4.685555288886293	1.039684194224323	1.0925253471209773	3.618499727432611	2.6772907024509496	2.42847906873878	2.5255287722803446
4.46122316775155	4.553731125803462	5.260633312082077	2.3923132170522554	4.426926565486305	3.7669278447797003	4.254662948886132	4.734689032427006	1.1308918609182632	1.114042389256223	3.1323008543527155	2.1790993140360437	1.7320609378299259	2.472836201492331
4.458908160117274	4.553731125803462	5.258318304447798	2.3923132170522554	4.433257806663904	3.7669278447797003	4.260679923816227	4.734689032427006	1.1310213937343363	1.114042389256223	3.1323008543527155	2.176784306401771	1.725660606701631	2.47739729182588
4.458908160117274	4.553731125803462	5.258318304447798	2.3923132170522554	4.440809513423451	3.761687216826502	4.276428573855696	4.739929660380196	1.1623722431804984	1.114042389256223	3.125542653416791	2.1829774024639885	1.718902405765706	2.4803487557102954
4.463361609621741	4.553731125803462	5.26277175395227	2.3923132170522554	4.447170014184114	3.767194102305564	4.276276668165876	4.7344227749011525	1.168791540956489	1.114042389256223	3.125542653416791	2.191729887784437	1.7124906352852867	2.4806332186607976
4.463361609621741	4.553731125803462	5.268677622101294	2.386407348903232	4.447170014184114	3.7612882341565523	4.299650902640233	4.7398755021128665	1.1668881398121513	1.1140475575974422	3.1325661322412945	2.196036363819272	1.7131252632247833	2.4913699253788963
4.469588295421656	4.547504440003551	5.268677622101294	2.386407348903232	4.453539652265737	3.761021976630679	4.304209086412993	4.740141759638734	1.1622957805232355	1.1140475575974422	3.1263394464413734	2.202227556976802	1.7067478514726635	2.4897865933524037
4.469588295421656	4.553488361897863	5.268677622101294	2.3923912707975488	4.447555730371429	3.761021976630679	4.310453858294028	4.740141759638734	1.1604422945835746	1.1140475575974422	3.1263394464413734	2.2065442437122837	1.7067478514726635	2.485469906616939
4.469588295421656	4.553488361897863	5.268677622101294	2.3923912707975488	4.447555730371429	3.761021976630679	4.327641400822195	4.740141759638734	1.1773982893874795	1.1140475575974422	3.1263394464413734	2.210868398870051	1.7067478514726635	2.490384096111577
4.469588295421656	4.5471658104639445	5.268677622101294	2.386068719363645	4.460257066813441	3.761021976630679	4.332192351308672	4.740141759638734	1.1771871531353642	1.1085896620444824	3.1263394464413734	2.210868398870051	1.7067478514726635	2.490384096111577
4.469588295421656	4.5471658104639445	5.268677622101294	2.386068719363645	4.460257066813441	3.761021976630679	4.361976391215567	4.740141759638734	1.1900670858400042	1.1085896620444824	3.1263394464413734	2.2195391794386996	1.7067478514726635	2.500280905662214
4.482597498629888	4.540926223779357	5.275447238624938	2.386068719363645	4.460257066813441	3.761021976630679	4.379221473093777	4.740141759638734	1.1856567068829935	1.1085896620444824	3.1271366181581977	2.2306554539523176	1.7137846098741327	2.500595168815047
4.520811801302186	4.444650875074511	5.2399704827275215	2.3634844292284978	4.489325670558187	3.8115944283605394	4.474181944955005	4.745195021123225	1.1620350017813181	1.0990008472404513	3.0310387522543656	2.3018805439535734	1.2139908229315797	2.866434822925195
4.536881603881466	4.402057894650524	5.2270384911934755	2.3498932429178563	4.500514059464361	3.833800331870531	4.517614002958817	4.749893528127335	1.1472045169310197	1.093999531759369	3.031003442938398	2.2748525724404858	1.3137117648264809	2.7979652033573967
4.583838107036724	4.279042430734367	5.212353376777209	2.2885193965731947	4.538775761885743	3.8827164414451767	4.618020040426974	4.755411504322367	1.1425234414617025	1.0885395702999974	3.0194362065050706	2.1673666980521142	1.2342653684361056	2.7325000070381447
4.612786932649248	4.2202263887835025	5.197304974197173	2.2737005828149046	4.53788809601542	3.90664816507579	4.668980228121925	4.750773032173201	1.1380299664172604	1.0888978598575338	2.9936408186300048	2.1508148438530914	1.223274459045436	2.7119456005575837
4.627337186775632	4.201200969353863	5.192829808893917	2.2737005828149046	4.544276037525163	3.917402087732171	4.675418238243883	4.740019109516795	1.133730726819131	1.0843782136727738	2.988806342034477	2.159584853085456	1.2117397075193457	2.717730381120416
4.553880595367983	4.142265248565545	5.1068731791393835	2.227264900373466	4.5809739154837406	4.063292805503544	4.694631452231764	4.647159486673881	1.1777930882781777	1.069157148587671	2.8634971443321855	1.9790869804255515	1.787632742548079	2.458097612628205
4.522718222363632	4.1433173358939595	5.060417949402777	2.2436098444341273	4.552224190069856	4.100797917678624	4.713863162534642	4.6364385799439365	1.1870058612579442	1.058412645072092	2.9042461720578427	1.9297041221748545	1.826178810864448	2.476527817371358
4.024115974595363	4.303975881007452	4.934507458151584	2.0315766330305807	4.432680105136721	4.1522324618254505	4.9969542178747375	4.576276092638172	0.9710676226262159	1.493043596328606	3.0309414442404115	2.046119883400004	1.7420198266523932	2.575420985620231
4.134489198870686	4.399252405013152	4.703044502220429	1.979546132467874	4.460857718039383	4.027386363053369	5.087231123155203	4.873091822201657	1.3327405822846687	1.1564736858094216	3.2787991729971013	2.3004173818015277	1.6096011017581147	2.8467439074983827
4.127198112562576	4.405519018003679	4.70012136498814	1.9814447963825632	4.454531394274582	4.016893170409189	5.091788692056381	4.877494327175756	1.3217675452272837	1.1462689320802348	3.2867551222257476	2.3001761774356964	1.597578316035513	2.8624962285052717
4.131336942842854	4.411814789701623	4.697284417443116	1.994716345905856	4.44174693226425	4.017380257922152	5.091788692056381	4.877494327175756	1.3282472586679601	1.1408235030397897	3.2875023112546553	2.302350451876668	1.5918350599368896	2.868774866436213
4.136996397574002	4.405094598689448	4.694291921791226	1.9966481052766984	4.435344329993319	4.0120636277567225	5.0898607143638595	4.871915451793617	1.327966066277689	1.1353849516053383	3.3043383383952336	2.2958080265364993	1.608221159349167	2.8860969735314352
4.140792897585951	4.398424548126407	4.69592028536448	1.9921461911523517	4.428914604994157	4.001131988633217	5.0898607143638595	4.871915451793617	1.327966066277689	1.1353849516053383	3.3058876309623173	2.295619366085963	1.609479613252395	2.8819403120646965
4.152577090441193	4.384788510586039	4.685682598449873	2.000532033381847	4.410865812956956	3.9901640870761375	5.08855576261448	4.871915451793617	1.3344500249713125	1.1199955876337568	3.302361020891111	2.2881458249840754	1.6255047666832145	2.887210161019844
4.156429072632353	4.377968615431171	4.687246152560929	1.9960005663070453	4.399254839282261	3.9847468136257156	5.09369391033969	4.8663284322198095	1.3344500249713125	1.1199955876337568	3.30388277264552	2.2879000707846706	1.6200729875895619	2.8830210323199807
4.1633103287569675	4.35723863856459	4.676032266382197	1.9933657317438196	4.392675306546344	3.968223710992531	5.085278572727894	4.860733257422437	1.3299614524516383	1.1199955876337568	3.315126103530722	2.268421164242809	1.6579725248437485	2.88927412813824
4.172028603417106	4.356764816702494	4.682347698445682	1.9952947524783884	4.392573038632818	3.9627128087352297	5.078804866756555	4.855129916377234	1.3234941622994891	1.1199955876337568	3.3233054941069393	2.266585136301781	1.666063835770723	2.8964144977168607
4.1864866110308	4.361778022475392	4.694883868293251	2.002229796017401	4.380067040585486	3.962753372536379	5.078804866756555	4.849518398067822	1.3234941622994891	1.1199955876337568	3.3233491216084916	2.2781981875148407	1.6672861787222242	2.8968307873058623
3.4584424129483926	4.528284647290983	4.455251395523598	1.569719732814245	4.272156414587236	4.031337632008514	5.439491123949895	5.052553610672625	1.2077999242481174	1.1690271420566907	3.3013735028534126	2.361442107016152	1.418872246153664	2.7626704011846344
3.4817597546339627	4.513234660172354	4.45599881139545	1.5772396715093482	4.272024690782381	4.031356986734228	5.42649435793014	5.04692570481739	1.2077999242481174	1.1644861829038091	3.280813915403534	2.370648186711709	1.4127674382118967	2.753709404318792
3.5011782756772067	4.496786784558626	4.454814086757157	1.5813950415771796	4.239686819111572	4.031437387915599	5.42649435793014	5.018662802033076	1.2142915071999907	1.1644861829038091	3.292363130348884	2.3791608412962395	1.4731024004417652	2.7569853743883015
3.510763092626943	4.495531601734623	4.455550490022549	1.5889882724375064	4.239463064364283	4.031450156952214	5.413460318837452	5.012985470016752	1.2142915071999907	1.1644861829038091	3.2778501536848674	2.379005558821567	1.4524260616630802	2.746266157780265
3.52845929240678	4.472284478054615	4.442121493130212	1.5968663454296714	4.22675869299888	4.025778446571741	5.406929298784701	5.0072998619712745	1.2142915071999907	1.1599383494241131	3.289778868616332	2.387867891729931	1.4728095063985993	2.7550260835827873
3.5256087487999475	4.471818346224024	4.437831400896062	1.5978397622263856	4.226632854248255	4.020560527521708	5.400388932809887	5.01157020723856	1.2142915071999907	1.1660432851992228	3.2826465320602707	2.3988122467267945	1.4518808975193398	2.739342432097872
3.5343587325338612	4.449297757986632	4.4278303186807175	1.5940702399382674	4.226376109113536	4.00342545384594	5.393763618660182	5.01157020723856	1.2078080150968056	1.1660432851992228	3.293959152082417	2.4137811053088853	1.4568907854912494	2.734835809783871
3.5365319163052438	4.45548525634556	4.428511803553791	1.6017494371955046	4.2195347215810415	3.9976948051154335	5.391666474818293	5.017021927121389	1.203336700483442	1.1605915653163628	3.294653912464128	2.42002613471452	1.4506461158991628	2.7401087855540904
3.564490950450423	4.423130913913222	4.409496824423062	1.616369108039072	4.188309151916869	3.992393288378141	5.396782542286224	5.010833612506048	1.1991280137299545	1.1660269869667574	3.2905381884746756	2.4206670910704036	1.470266555817202	2.7356747919339686
3.5593716152587374	4.430740641850112	4.410136704416285	1.6182196207910513	4.175573953585557	3.987120943003391	5.401908012680617	5.010346742695877	1.1991280137299545	1.1660269869667574	3.29855439939389	2.420531603286212	1.463974937221986	2.74143790056091
3.577920320629634	4.405914084151494	4.407520259350404	1.6145582135292007	4.1626854029053	3.9639883720892457	5.39085408509528	5.010346742695877	1.2035993283433122	1.1660269869667574	3.28490593292945	2.419835256327959	1.4730686636986048	2.7379865642850323
3.5787815867612216	4.382180626897631	4.388490919910735	1.6107153618465997	4.149077874286302	3.946537991787661	5.397345685055295	5.0150837276184035	1.197107728383312	1.1667323306805704	3.304375354183884	2.4086323278501283	1.4947362434519942	2.7399141920489507
3.5941872487571667	4.366487504703041	4.381382870699495	1.6175359508592062	4.148849330982266	3.946537991787661	5.390753639346715	5.0150837276184035	1.197107728383312	1.1612900020441936	3.288336532188115	2.411698282448813	1.4939524267059292	2.7352082685155312
3.593496110850379	4.37190829277969	4.3831206708124935	1.6205278009160464	4.134921568451929	3.9290005917724478	5.384152151805009	5.0150837276184035	1.197107728383312	1.1612900020441936	3.297786224026748	2.4009993225867494	1.4893494283176898	2.7296226318629264
3.58291063002252	4.378773921471085	4.3842753518765125	1.6156532677155613	4.134666878193828	3.9172604298805855	5.37754121337169	5.0150837276184035	1.197107728383312	1.1612900020441936	3.306001851337654	2.3942382693251583	1.4902430963709963	2.725311654762095
3.610920894746792	4.372884573260336	4.387195743619621	1.6348537924859712	4.098286055054336	3.9049818135552643	5.372952251465113	5.014595365006242	1.2125275311727393	1.1612900020441936	3.2993495481415662	2.373550048418576	1.492248622992829	2.665276245411526
3.605569926611168	4.379795485334623	4.393682687003606	1.6299267930406498	4.104649330631531	3.8983850017315715	5.359678063813617	5.004617280387791	1.2125275311727393	1.1614759310102192	3.307624560257071	2.373343462529993	1.4931529852910819	2.659660600521886
3.6231786056063027	4.3776261154247935	4.400198287622933	1.6388505015066221	4.0904997334226	3.886507761728346	5.35302671255337	5.004617280387791	1.2125275311727393	1.1614759310102192	3.28465424187804	2.371874595448626	1.478373435755443	2.6437730212783106
3.612423209334127	4.384582552414306	4.39539630036454	1.6398535294823513	4.083543296433092	3.8862922000287603	5.35302671255337	5.005062391469922	1.2125275311727393	1.1607365466157025	3.2993713815285033	2.35985427664275	1.4856816410428062	2.650557172957285
3.6201118595543615	4.376893902194083	4.401359590495957	1.6338902393509227	4.083543296433092	3.8803289098973157	5.35302671255337	5.000312986087167	1.2125275311727393	1.1600423779966345	3.2999836834002103	2.365031612107497	1.4939825931347324	2.6509083334157
3.6170181088562567	4.376157115485138	4.390590939561783	1.6408283528780627	4.076575440742523	3.8802991677338863	5.359529530577325	5.000312986087167	1.2060247131487807	1.1654859519984646	3.3005948789335857	2.359419876173474	1.4948767006266748	2.651259455706123
3.6170181088562567	4.376157115485138	4.396574107069888	1.634845185369949	4.076575440742523	3.8743160002257917	5.359529530577325	5.000312986087167	1.2060247131487807	1.1600423779966345	3.317271282602451	2.359419876173474	1.5053824257918322	2.656806535455696
3.606176509975417	4.382022661540832	4.385732508189058	1.640710731425664	4.07070989468682	3.8800622435848124	5.359529530577325	4.99456674272822	1.199529718373578	1.1600423779966345	3.317271282602451	2.3525271505317025	1.5053824257918322	2.6528576622166327
3.6210583910720655	4.374301994903802	4.392893722648665	1.640710731425664	4.077370762827096	3.8800622435848124	5.352868662437076	4.99456674272822	1.199529718373578	1.1500465216760838	3.303139074548028	2.3596883649913125	1.4915387411307743	2.6468432945463323
3.6233610850467977	4.373542564131523	4.387459693706088	1.6476880235707019	4.070393470682049	3.8800622435848124	5.352868662437076	4.989810074560133	1.199529718373578	1.1223210650176132	3.2954023516307096	2.35946705725437	1.4915387411307743	2.6416305733406498
3.6233610850467977	4.373542564131523	4.393452808066485	1.641694909210305	4.0755062582999635	3.874069129224401	5.347755874819138	4.990523670487065	1.199529718373578	1.110835225835476	3.3037669806569396	2.35946705725437	1.499903370157021	2.6471862290751798
3.8367101637333283	4.469107362282432	4.35101814413655	1.742928475190069	4.038074204433434	3.8177099996144044	5.018256658147828	5.354378894394631	1.2839727685062667	0.9210396015737794	3.5033182996216357	2.340695456498046	1.4819752120177099	2.822094895537001
3.8367101637333283	4.469107362282432	4.35101814413655	1.742928475190069	4.038074204433434	3.8177099996144044	5.018256658147828	5.354378894394631	1.2839727685062667	0.9210396015737794	3.5033182996216357	2.340695456498046	1.4819752120177099	2.822094895537001
3.8367101637333283	4.469107362282432	4.345024963297012	1.7489216560296001	4.038074204433434	3.823703180453926	5.018256658147828	5.354378894394631	1.2904677632814694	0.9156843466197192	3.5033182996216357	2.340695456498046	1.4745302691366287	2.822094895537001
3.828973440816024	4.483844237875443	4.345024963297012	1.7559218087053003	4.037741883588762	3.8289343331567895	5.011588826316783	5.343669190171501	1.2904677632814694	0.9158144826886864	3.511055022538949	2.340695456498046	1.4745302691366287	2.822094895537001
3.828973440816024	4.483844237875443	4.35101814413655	1.7499286278657533	4.037741883588762	3.8229411523172625	5.011588826316783	5.343669190171501	1.2904677632814694	0.9104728995995466	3.502690393512724	2.3471499613253317	1.466165640110401	2.8161076786304866
3.834407469758596	4.483844237875443	4.356452173079122	1.7499286278657533	4.037741883588762	3.8229411523172625	5.011588826316783	5.338890658801474	1.2904677632814694	0.9099166730903272	3.502690393512724	2.3525839902678833	1.466165640110401	2.810569899176519
3.8249518019196618	4.484564751836769	4.354677317159755	1.742968329907546	4.049842748590687	3.822981007034744	5.006488113990575	5.338890658801474	1.2904677632814694	0.8992676042910949	3.4937267257473543	2.3572940930372637	1.4582004959604493	2.8101283576504383
3.9014812441070594	4.546161619029386	4.308938598941012	1.7234391401145603	4.134592784792467	3.763727560540006	4.945212992220353	5.183738224778691	1.244263595048503	0.8226100023066584	3.570517428437568	2.264043458874621	1.4417890880690836	2.755095278112738
3.8423765688421687	4.422866553084913	4.301638770422555	1.931940265074338	4.0022190590636555	3.872170071764754	4.2100406929632355	5.612809805097661	1.1356209294611634	0.9655811463566059	3.6431353987911232	2.3918636204410912	1.5985906988292098	2.8420305106209316
4.097807358060958	4.643177131793285	4.262805292315319	1.9739409498456308	4.149473365055681	3.823553359376085	4.794153611857177	4.966526219820751	1.502592093781713	1.3904987381248057	3.5715649447160853	2.2115529953712367	1.4474933612698526	2.9408044562797198
4.116742617436432	4.634044382166601	4.270752227378374	2.03107169253203	4.108233366115363	3.8421643179800298	4.222172094911582	5.633744850158521	1.2275225606911975	0.8293227148903297	3.5345955977495556	2.35158754867467	1.5496571738057083	2.844148891491202
4.063147783553309	4.60641601972333	4.284927669924034	2.0564725043139513	4.071871450969251	3.8825435231076995	4.2603839505932495	5.6624115261161405	1.2182941378807646	0.973472113116865	3.5802402732897454	2.217465397488119	1.6390131618251156	3.0318071400285036
4.060347318542199	4.598212095284898	4.2706357052391635	2.0653238657276303	4.160393284599855	3.8548450355510835	4.497966808146048	5.569440477092887	1.148101028046093	0.8197662453643682	3.5762111173015496	2.177331180648986	1.6227591710856266	3.034832410017563
3.867591028691472	4.564585771984814	4.400851349660877	2.011543252992576	4.197245555498321	3.7907200909471754	5.044344895449005	4.854236474632887	1.3988016045994303	0.8041719919257476	3.5702815175731355	2.3860497872264124	1.5975659271825668	2.9582424252690527
3.840136523094954	4.592693130222399	4.432943367560897	2.003158970904304	4.213735053095884	3.7695306904445665	5.388019919140056	4.3594491369453845	1.2457674297066779	0.6342119947249846	3.737806104810969	2.343080944769511	1.6089139047898953	2.9805784593764924
3.8379901366008116	4.587311482879996	4.438157218332266	1.9904170862963886	4.226476937703791	3.7695306904445665	5.388019919140056	4.3540070043135515	1.2564795264981143	0.6396541273570165	3.730617591605956	2.3482947955408657	1.6086062681182725	2.9805784593764924
3.83675402429006	4.588833927982814	4.441402418333922	1.9874582190867858	4.238847330474906	3.787038509320159	5.396116212454164	4.3540070043135515	1.2522777170538988	0.6396541273570165	3.7204787757716726	2.354927720738183	1.5835804375741196	2.9735170971312526
4.2802305657535	4.7609718284022176	4.202052340167107	2.0812226968634566	4.39453701854657	3.7100721041626925	5.9656421293433795	3.76426144520282	1.4542031027276847	0.46563992131614396	3.8852620518923713	2.234373172408969	1.4228219483659188	3.278794642490194
4.238889237779182	4.768459967403444	4.205615360751452	2.0438064873060564	4.389912164503743	3.7351559831319845	6.014229639097854	3.7623130058685783	1.4806066234625725	0.48052671537263336	3.7429625265555795	2.117580896045644	1.3578162595271122	3.0722726591940845
4.232385470015857	4.76284885065979	4.200783457856362	2.0365235056941295	4.408641228891617	3.7510527941719998	6.01380217574054	3.7638111865480157	1.4827148659846492	0.48052671537263336	3.7226150063265977	2.1088906021275093	1.3723290552419165	3.075739769766153
4.03128241098087	4.839525426057242	4.130287518307414	1.9825929616055857	4.383538622454142	3.816559672200797	6.065586452007601	3.7203924112412357	1.5156347157462189	0.47012788592035926	3.4610238705942757	1.9018115593485272	1.6146961467403051	2.945212122047098
3.9408123106076847	4.911920583011458	4.117502781352892	1.9773027551410918	4.389275185717169	3.8266666344385034	6.057997971817878	3.725782558791267	1.5284895379593968	0.45568867676124447	3.473337454135172	1.8648175263953055	1.5398708464484983	2.9454609314231117
3.907488153647373	4.8885758347234205	4.082492041474911	1.9303104907401214	4.296021472150052	3.9145650516854573	6.073092217442186	3.8602232858401373	1.4679446254738215	0.5319434766272326	3.4329844351520094	1.907128321867309	1.8811332001233592	2.7174760282682886
3.9520012702992737	4.888777104588025	4.058997640524045	1.951353305938468	4.2885838872600575	3.992670269787886	5.403154832951936	4.752602757457015	1.5316510718568963	0.7833978222734723	3.543260514667019	1.8773385554754385	1.7045150335444241	2.785657964350491
4.198778618407974	5.500132213247431	3.733273311711187	1.6826465058288522	4.7235827043433956	3.7817562312448603	6.636265154930279	3.451866621652957	1.752691586280493	1.1951239301151744	3.40517149462746	1.575882348222964	1.2547117544143689	3.345117211660577
4.094426681649861	5.5638218350107564	3.8735279421908095	1.773743271353045	5.223026686178283	3.7890410789046185	7.44103399601134	2.852734787537683	1.7544041816692786	0.6368879132587288	3.1822371296377887	1.6482653459426804	1.5342882521865904	3.1185116584060513
5.569712970352632	7.42228668515956	4.863737180401064	2.3037201472510063	5.427574809468412	3.1534300272352462	7.668780404620348	1.8229953488257764	1.902021781115502	0.36855582771404116	3.1388812012919067	4.837403743202561	1.5866905351727898	2.7806094503830137
5.712752699228321	7.73937405823015	5.071921908464797	2.326531128850554	5.413126849774116	3.296983509124135	7.690062785814844	1.7308147989984906	2.03077143767923	0.4099027992345334	2.810920914960565	5.2514335720050855	1.4918432156054093	3.077959398483786
