0	1	2	3	4	5	6	7	8	9	10	11	12	13
10.323683840592771	2.7647351987137676	7.208619080687224	5.879799958619161	5.226884770870723	1.7247083738224274	3.9690382022996262	2.0503328454271617	2.1814606501666156	0.23276332312277806	1.2836405950900545	4.659099580980904	0.4748160322428846	3.766238082619359
10.384855411462986	2.5944095312455793	7.208619080687224	5.770645862021351	5.417596643798544	1.9530247769125335	3.9218022964056702	1.822016442337133	2.2098718236703743	0.3625523648941343	1.2224690242195748	4.709831606505561	0.4748160322428846	3.814536938927902
10.384855411462986	2.534356806723782	7.208619080687224	5.710593137499633	5.518298684039029	1.9999922990341497	3.940838301646371	1.7359545118781103	2.1501865027108664	0.4450231880015508	1.1604414492260928	4.709831606505561	0.4127884572486136	3.8663314786393714
10.397151285639744	2.4733308559278577	7.1598890040680265	5.710593137499633	5.4982173456582135	1.9999922990341497	3.9609196400272375	1.7359545118781103	2.1501865027108664	0.4450231880015508	1.0994154984302724	4.661101529886214	0.4127884572486136	3.8663314786393714
10.348314268207256	2.4733308559278577	7.111051986635541	5.710593137499633	5.5387302834791505	2.0908221074799025	3.954615501574932	1.6897464268210376	2.1159777033423	0.4004014646125328	1.0994154984302724	4.612264512453742	0.4127884572486136	3.8168648782366112
10.348314268207256	2.41338095155748	7.111051986635541	5.650643233129309	5.55816725002847	2.0908221074799025	4.05484326817776	1.6897464268210376	2.056262874560486	0.4004014646125328	1.0994154984302724	4.612264512453742	0.4127884572486136	3.814536938927902
10.411195615367232	2.3535337344255582	7.173933333795528	5.590796015997457	5.678659050759511	2.0908221074799025	3.9941986845786794	1.6897464268210376	2.115965860918086	0.4004014646125328	1.0375030761992179	4.675145859613647	0.350876035018494	3.814536938927902
10.411195615367232	2.3535337344255582	7.173933333795528	5.590796015997457	5.678659050759511	2.1345405870669256	3.9941986845786794	1.6460279472338082	2.115965860918086	0.4004014646125328	1.0375030761992179	4.675145859613647	0.4058292313172252	3.814536938927902
10.36227863047356	2.293789071177654	7.1250163489018075	5.531051352749517	5.738403714007355	2.1345405870669256	3.9941986845786794	1.6851142802706118	2.175734021278158	0.36131513157631856	1.0375030761992179	4.626228874720148	0.4058292313172252	3.765066224099257
10.294089391569775	2.361978310081755	7.1250163489018075	5.531051352749517	5.738403714007355	2.1781873016122177	3.9941986845786794	1.64146756572575	2.175734021278158	0.36131513157631856	1.0523837532066498	4.626228874720148	0.35252066942020205	3.8168648782366112
10.35498653054997	2.301081171101378	7.1250163489018075	5.531051352749517	5.7788811212706195	2.1781873016122177	3.953721277315343	1.64146756572575	2.175734021278158	0.36131513157631856	0.9914866142263382	4.67705912949407	0.35252066942020205	3.8179228771886446
10.3059619175791	2.301081171101378	7.075991735930975	5.531051352749517	5.7788811212706195	2.1781873016122177	3.953721277315343	1.64146756572575	2.175734021278158	0.36131513157631856	0.9296721120641829	4.572561263861014	0.29070616725808057	3.8733961298507293
10.3059619175791	2.301081171101378	7.075991735930975	5.531051352749517	5.7788811212706195	2.1345405870669256	3.919554358015709	1.6851142802706118	2.2099009405780956	0.36131513157631856	0.9296721120641829	4.572561263861014	0.29070616725808057	3.8733961298507293
10.3059619175791	2.301081171101378	7.075991735930975	5.531051352749517	5.83957578025522	2.1345405870669256	3.8588596990312216	1.6405006321826865	2.2099009405780956	0.3625523648941343	0.9296721120641829	4.572561263861014	0.29070616725808057	3.8733961298507293
10.3059619175791	2.301081171101378	7.075991735930975	5.531051352749517	5.83957578025522	2.1345405870669256	3.8588596990312216	1.6405006321826865	2.2099009405780956	0.3625523648941343	0.9296721120641829	4.572561263861014	0.29070616725808057	3.8733961298507293
10.3059619175791	2.301081171101378	7.075991735930975	5.531051352749517	5.83957578025522	2.1345405870669256	3.8588596990312216	1.6405006321826865	2.2099009405780956	0.35671206168593916	0.9296721120641829	4.572561263861014	0.23575297095944475	3.8733961298507293
10.256829392953401	2.301081171101378	7.026859211305278	5.531051352749517	5.83957578025522	2.1816414035513843	3.8588596990312216	1.5933998156983074	2.2099009405780956	0.35671206168593916	0.9296721120641829	4.523428739235257	0.23575297095944475	3.8733961298507293
10.256829392953401	2.301081171101378	7.026859211305278	5.531051352749517	5.83957578025522	2.1379282938014517	3.918687793693786	1.637112925448091	2.20990615676842	0.35671206168593916	0.9296721120641829	4.523428739235257	0.23575297095944475	3.8733961298507293
10.256829392953401	2.301081171101378	7.026859211305278	5.531051352749517	5.83957578025522	2.1379282938014517	3.918687793693786	1.637112925448091	2.20990615676842	0.35671206168593916	0.9296721120641829	4.523428739235257	0.23575297095944475	3.8733961298507293
10.256829392953401	2.301081171101378	7.026859211305278	5.531051352749517	5.83957578025522	2.1379282938014517	3.918687793693786	1.637112925448091	2.20990615676842	0.35671206168593916	0.9296721120641829	4.46785689360576	0.28373750553106153	3.9289679754801203
10.256829392953401	2.301081171101378	7.026859211305278	5.531051352749517	5.900356090172042	2.1379282938014517	3.8579074837768634	1.637112925448091	2.20990615676842	0.35671206168593916	0.87623141439585	4.46785689360576	0.2302968078638691	3.8794159117911353
10.256829392953401	2.301081171101378	7.026859211305278	5.531051352749517	5.900356090172042	2.1379282938014517	3.9178069615437656	1.637112925448091	2.1500066790013217	0.35671206168593916	0.938062795099023	4.46785689360576	0.29212818856637607	3.8794159117911353
10.256829392953401	2.301081171101378	7.026859211305227	5.531051352749517	5.8599504403755205	2.1379282938014517	3.958212611340301	1.637112925448091	2.1500066790013217	0.35671206168593916	0.938062795099023	4.46785689360576	0.29212818856637607	3.8297739309967977
10.256829392953401	2.301081171101378	7.026859211305227	5.531051352749517	5.8599504403755205	2.1379282938014517	3.958212611340301	1.637112925448091	2.1500066790013217	0.35671206168593916	0.938062795099023	4.46785689360576	0.29212818856637607	3.8794159117911353
10.256829392953401	2.301081171101378	7.026859211305227	5.531051352749517	5.8599504403755205	2.1379282938014517	3.958212611340301	1.637112925448091	2.1500066790013217	0.35671206168593916	0.8845234377417266	4.46785689360576	0.18353088152855793	3.8794159117911353
10.256829392953401	2.301081171101378	7.026859211305227	5.531051352749517	5.8599504403755205	2.1379282938014517	3.958212611340301	1.637112925448091	2.1500066790013217	0.35671206168593916	0.8845234377417266	4.46785689360576	0.18353088152855793	3.8794159117911353
10.256829392953401	2.301081171101378	7.026859211305227	5.531051352749517	5.8599504403755205	2.1379282938014517	4.01818346887414	1.637112925448091	2.090035821467602	0.35671206168593916	0.8845234377417266	4.46785689360576	0.23159505902634822	3.8794159117911353
10.256829392953401	2.301081171101378	7.026859211305227	5.531051352749517	5.8599504403755205	2.1851064723856832	4.01818346887414	1.5899347468637834	2.090035821467602	0.35671206168593916	0.8845234377417266	4.46785689360576	0.23159505902634822	3.8794159117911353
10.256829392953401	2.301081171101378	7.026859211305227	5.531051352749517	5.8599504403755205	2.1851064723856832	4.01818346887414	1.5899347468637834	2.090035821467602	0.35671206168593916	0.8845234377417266	4.46785689360576	0.17643195877125434	3.8794159117911353
10.256829392953401	2.301081171101378	7.026859211305227	5.531051352749517	5.8599504403755205	2.1851064723856832	4.01818346887414	1.5899347468637834	2.090035821467602	0.35671206168593916	0.8308682607420819	4.46785689360576	0.12277678176658342	3.8297739309967977
10.256829392953401	2.301081171101378	7.026859211305227	5.531051352749517	5.8599504403755205	2.1851064723856832	4.01818346887414	1.5899347468637834	2.090035821467602	0.35671206168593916	0.8308682607420819	4.412186296765846	0.12277678176658342	3.937430993329992
10.256829392953401	2.301081171101378	7.026859211305227	5.531051352749517	5.8599504403755205	2.1851064723856832	4.01818346887414	1.5899347468637834	2.090035821467602	0.35671206168593916	0.8308682607420819	4.412186296765846	0.12277678176658342	3.937430993329992
10.256829392953401	2.301081171101378	7.026859211305227	5.531051352749517	5.8599504403755205	2.1851064723856832	4.01818346887414	1.5899347468637834	2.090035821467602	0.35671206168593916	0.7770969822847621	4.4630889998401475	0.06900550331452425	3.8865282902553213
10.256829392953401	2.301081171101378	7.026859211305227	5.531051352749517	5.8599504403755205	2.1851064723856832	4.01818346887414	1.5899347468637834	2.090035821467602	0.35671206168593916	0.7770969822847621	4.4630889998401475	0.06900550331452425	3.8865282902553213
10.256829392953401	2.301081171101378	7.026859211305227	5.531051352749517	5.900356090172042	2.1851064723856832	3.977777819077575	1.5899347468637834	2.090035821467602	0.35671206168593916	0.7770969822847621	4.4630889998401475	0.013749710527033897	3.8865282902553213
10.256829392953401	2.301081171101378	7.077429171265694	5.480481392789086	5.900356090172042	2.1782441256904383	3.977777819077575	1.546227133598852	2.090035821467602	0.35671206168593916	0.8390943007911225	4.4630889998401475	0.0757470290184931	3.9361661126899836
10.256829392953401	2.301081171101378	7.077429171265694	5.480481392789086	6.0015057778998395	2.1782441256904383	3.8766281313497837	1.546227133598852	2.090035821467602	0.35671206168593916	0.8390943007911225	4.518768465957676	0.0757470290184931	3.880486646572456
10.256829392953401	2.301081171101378	7.077429171265694	5.480481392789086	6.0015057778998395	2.225488773908292	3.8766281313497837	1.4989824853808709	2.090035821467602	0.35671206168593916	0.8928489605768123	4.518768465957676	0.07415307266757322	3.880486646572456
10.193866655848858	2.301081171101378	7.014466434161213	5.480481392789086	6.062421017034111	2.269118696948782	3.8157128922154873	1.4553525623403596	2.090035821467602	0.31345720733152355	0.8928489605768123	4.506816259970072	0.07415307266757322	3.8815484877926174
10.193866655848858	2.3501831595477674	7.064947126945912	5.479102688450645	6.013319028587912	2.218638004164282	3.8157128922154873	1.4553525623403596	2.090035821467602	0.31345720733152355	0.8928489605768123	4.506816259970072	0.018711502654448625	3.9337110733627294
10.132969516868641	2.470804747308248	7.064947126945912	5.538827137230961	5.953594579807514	2.218638004164282	3.8157128922154873	1.4553525623403596	2.090035821467602	0.31345720733152355	1.015843082450153	4.562405269847974	0.08080848554844944	3.8781220634847124
10.132969516868641	2.470804747308248	7.064947126945912	5.538827137230961	5.953594579807514	2.262195988293609	3.8157128922154873	1.4117945782111259	2.090035821467602	0.2702588749193323	1.015843082450153	4.562405269847974	0.030354036891099976	3.9303750102334596
10.132969516868641	2.470804747308248	7.064947126945912	5.538827137230961	6.014595367174147	2.262195988293609	3.7547121048487893	1.3672417234023777	2.090035821467602	0.31481172972809707	1.015843082450153	4.562405269847974	0.0860752491111661	3.9827184660168324
10.132969516868641	2.470804747308248	7.115606038929475	5.488168225247316	6.054720215751273	2.21153707630991	3.714587256271847	1.3672417234023777	2.090035821467602	0.31481172972809707	1.078056529659333	4.6135233096519785	0.07967648749694436	4.036559455850509
10.071927409200567	2.5916736090329193	7.115606038929475	5.547994979303914	5.994893461694763	2.21153707630991	3.714587256271847	1.4062833785040916	2.090035821467602	0.2757700746271477	1.139098637327442	4.664740562505843	0.1355847756847574	4.037958072092045
10.140132804976442	2.5234682132569137	7.115606038929475	5.547994979303914	6.055942824720329	2.21153707630991	3.6535378932460563	1.4062833785040916	2.090035821467602	0.2757700746271477	1.0708932415514973	4.716057235436807	0.1355847756847574	3.9866413991610434
10.140132804976442	2.5234682132569137	7.115606038929475	5.547994979303914	6.055942824720329	2.21153707630991	3.6535378932460563	1.3617991814610768	2.090035821467602	0.3202542716695557	1.1332233339148945	4.656130722961002	0.4672443663019261	4.1586907860771305
10.07727813712392	2.5234682132569137	7.103499548566403	5.497246801814516	6.055942824720329	2.1607888988206785	3.6535378932460563	1.3617991814610768	2.090035821467602	0.3202542716695557	1.3837137566362037	4.692233617563209	0.9607829145182122	4.3299045854465446
9.953359840552999	2.6935070044178646	7.040752822865748	5.6061140221050625	5.94707560442964	2.1135557986663875	3.6535378932460563	1.4090322816147745	2.0588379892785618	0.3202542716695557	1.5078013430617667	4.681281573999895	1.024217975547749	4.331757621257674
9.890720929304512	2.7535176706095412	7.028951510926022	5.61528708898809	5.765051568425458	2.062718199357634	3.7155804055249675	1.4090322816147745	1.9991165242212499	0.3202542716695557	1.8877757793772876	4.826835214628884	1.1126630270028193	4.397648720492512
9.829403356474765	2.8749483591393434	7.079878688355775	5.624473027258321	5.644059761041589	2.015466137952473	3.7165596194417523	1.4053571655902188	1.9992678683875738	0.3202542716695557	2.076699860584414	4.931542746824766	1.1623242418619628	4.351815149640605
9.699687174789318	3.125198639868943	7.182002402708031	5.642883411950203	5.563638565184307	1.9606532866231383	3.736346194021868	1.3580463025672855	1.93936839062027	0.3202542716695557	2.550097195218865	5.142188803736441	1.549837495547379	4.635188567808056
9.575530170422526	3.1868244191475856	7.119471177619785	5.642883411950203	5.563638565184307	1.9606532866231383	3.736346194021868	1.3580463025672855	1.93936839062027	0.3202542716695557	2.688094563471175	5.185599502097802	1.6555572118004072	4.53476962409236
9.526157882414772	3.1868244191475856	7.121295739051328	5.591686562510899	5.584404353681273	1.9094564371839107	3.7155804055249675	1.313622653098312	1.93936839062027	0.36467792113835645	2.9736921823161917	5.8350383264136605	2.231693083929559	4.621484338867653
9.41420327729247	3.1265060152073607	7.0093411339290235	5.5313681585707055	5.665561915831285	1.9094564371839107	3.694741247315089	1.313622653098312	1.9991165242212499	0.36467792113835645	3.052001291455071	5.886886553146213	2.293861926584979	4.571467644320857
9.30281717863867	3.3090183096397903	7.062392148547977	5.549443339730431	5.707131241493289	1.8465252665411651	3.4127047035426767	1.2738893592206788	2.118844096650613	0.32153604896959587	3.259027166927265	6.446177014510757	2.4490435719830503	4.9458313785422465
9.253095465362486	3.357745373755815	7.064138362716288	5.54670247640208	5.7196243736428025	1.838471827973431	3.3514845072773594	1.2304748703430535	2.118844096650613	0.2784505752496232	3.2718238298477837	6.508580185937955	2.405751895473595	5.019870890625673
9.135130406686855	3.607693970955123	7.166531092661969	5.576293284979838	5.577738204907085	1.729591774113609	3.1921148514087476	1.1871319379868503	2.2069320832343013	0.2784505752496232	3.6749425075784012	7.026004250261926	2.849119318509779	5.778164621619848
8.830433897210415	3.8593539821442833	7.197164620433534	5.492623258921126	5.456013766172951	1.6188417632651135	3.1921148514087476	1.092487484042322	2.2069320832343013	0.2784505752496232	4.430854257195265	7.7202097517235035	4.322610758614881	6.798933434678058
8.650211265272727	4.049346287983288	7.186804679554371	5.512752873701802	5.333875963846107	1.5600922604435348	3.1921148514087476	1.049228799317588	2.2069320832343013	0.2784505752496232	4.636194208321138	7.725804168784373	4.139030566711756	6.892162411690956
8.520382984143646	4.301726728525506	7.290898802543963	5.531210910125272	5.211323804433158	1.5034211509948077	3.1921148514087476	1.0018057857773504	2.147138779730616	0.23542143808829438	4.712480138424046	7.725804168784373	4.285134678106821	6.471328176493534
8.155324356005808	4.688615295787255	7.337403778230826	5.506535873562272	5.026716493263883	1.441323371258894	3.1921148514087476	0.854621217780827	2.147138779730616	0.23542143808829438	4.999222135118498	8.233987166305923	5.6848780299426895	7.733549513596033
7.913282329248199	4.818063308706712	7.277359176723754	5.45398646123132	5.026716493263883	1.436563155824048	3.2263653323949626	0.8068320208844575	2.112888298744308	0.23542143808829438	5.005771455765751	8.13074222304031	5.762618661419048	7.628358700670791
7.59216324581141	4.885062882466022	7.073214488193358	5.404011640084022	5.087984407412063	1.4344497392342654	3.165097418246768	0.758970616327076	2.1726816022479363	0.15492180480161344	5.141934802032493	9.504261534791736	4.543336454052995	7.271868269101974
7.438362839576074	4.823423072876449	6.97205055311261	5.289735359339866	5.210977409730822	1.3818132680795203	3.1037442255176333	0.758970616327076	2.2040356454745162	0.11199758661463034	5.141934802032493	9.608302792093548	4.712290867206634	7.181949222695195
6.91716651083633	5.086046575704221	6.766206006839186	5.2370070797013915	5.210977409730822	1.3770186974917182	3.1037442255176333	0.7110369072761814	2.144287511873993	0.11199758661463034	5.281496743755812	9.39423348727449	4.427317095936896	8.755298632933638
6.680237994423855	5.218755786152273	6.66198670087464	5.2370070797013915	5.14962421700159	1.3770186974917182	3.165097418246768	0.7110369072761814	2.144287511873993	0.11199758661463034	5.291079216665189	9.29902874438656	4.883705492412438	8.896291242236462
6.154009391394222	5.544080595297438	6.50517568547471	5.192914301216836	5.087984407412063	1.319292219682198	3.165097418246768	0.6630307970123044	2.144287511873993	0.11199758661463034	3.476525335339572	8.310408173923006	2.8354860543984377	8.941571551947488
5.979794001255752	5.675061147023578	6.5680424781001	5.086812670179169	5.087984407412063	1.213190588644785	3.165097418246768	0.6630307970123044	2.2040356454745162	0.11199758661463034	3.3386719483243565	8.021861085860406	2.5418699077215727	8.836537681877969
4.671985474658405	6.445928407259141	6.286052810405053	4.8318610715125	4.9863505285179235	1.084119534351689	3.204987286520203	0.5198298914864627	2.2040356454745162	0.06757393714541396	2.9916738131159524	9.416589555179884	2.480829948453763	9.450999272531766
4.073135903176436	6.827032880787656	6.068307712451537	4.8318610715125	4.9863505285179235	1.1324080321691705	3.204987286520203	0.4715413936702076	2.2040356454745162	0.06757393714541396	2.936362498013861	9.405568444621592	2.6092572355781383	9.196396295792278
2.5927975116359767	7.698630500302348	5.56695565103422	4.724472360904049	4.9863505285179235	1.2189017445955073	3.2391665761579618	0.27765897063558515	2.1385023126101643	0.15347868034677445	3.584460873133904	8.579124354348757	3.158167263893142	7.235650908079897
2.5367249267140894	7.746940589623748	5.664032415752235	4.619633100585613	4.9380404391964525	1.1144055849475263	3.179635610393304	0.2734899776853655	2.2892008147584653	0.15203137754688525	3.2148032925389805	8.546473241731267	3.554862821908901	7.543267065858809
2.2946375592027772	8.050850266636527	5.664032415752235	4.681455410086988	4.876218129695154	1.1144055849475263	3.179635610393304	0.2734899776853655	2.2892008147584653	0.15203137754688525	3.1521478946086128	8.593948084297246	3.3376943330744107	8.126638032895936
2.113258630934929	8.280409088898022	5.713549996748965	4.68011772308425	4.867928103974499	1.107934498478297	3.1397457421201027	0.2749882979061755	2.229387321601226	0.10748656279571836	3.333526822876279	8.547344713448348	3.265236045456966	8.291271491691019
2.2857803268815795	8.03830503076285	5.751870043772913	4.572215313871382	4.867928103974499	1.0487494061584004	3.1397457421201027	0.2262709810130123	2.229387321601226	0.06444966855313163	2.684023579680653	8.11190805044141	3.5091114783488853	7.70766864877886
2.400742083980877	8.04122128191806	5.916123577210396	4.525839788688475	4.806028032792535	0.9892643067791747	3.1738955186891853	0.17748048402740177	2.2550510381894004	0.05899591425280325	2.4510528847336164	7.827152336921621	3.693498363098667	7.82239812561184
3.2059002774139485	7.298067180636012	5.86663886956074	4.637328588489201	4.805377133370763	1.1365499249100581	3.1125423259599017	0.07967957354475179	2.2550510381894004	0.05899591425280325	3.699682137509228	9.608985279636242	2.062480979866429	1.9330986202517761
3.275847231856214	7.17214228912104	5.810660932488023	4.637328588489201	4.805377133370763	1.1855605261608555	3.1125423259599017	0.07527447478111	2.2550510381894004	0.01439041178040937	3.9052382674438033	9.867240642660244	1.9418004238125146	0.8640018334360393
3.8491575977739103	6.613471159884363	5.9277137750105195	4.534914982647693	4.8535039360095205	1.1312737229585683	3.17203181092594	0.07527447478111	2.195561553223231	0.01439041178040937	4.962315735531074	8.898679818147148	1.3399020437033315	1.179532062509077
3.9218332349654923	6.609747027119143	5.939349633997654	4.5922306280870115	4.8528072629404875	1.224696149639599	3.110593302437929	0.022967488026264193	2.195561553223231	0.02852623830747578	5.025874992111103	8.562507310420218	1.7721307427718846	1.4423671602568073
4.3146426504082855	6.21693761167644	5.889694175998467	4.641886086086171	4.812993617515593	1.3728885401054214	3.150406947862652	0.12150442049171105	2.2554403826569502	0.02852623830747578	4.41764141297362	7.9070399719642674	1.6179243788197883	1.3012938068961568
4.445885953108039	6.14872074740114	5.902970696580715	4.6916360039285845	4.812993617515593	1.422638457947935	3.150406947862652	0.12150442049171105	2.224177237988644	0.02852623830747578	4.30151561342978	7.682774309522512	0.42721171407816466	1.5737275140311
4.370315426128993	6.280349406299392	5.959028828499839	4.6916360039285845	4.812993617515593	1.472017770700638	3.150406947862652	0.17088373324385872	2.224177237988644	0.02852623830747578	3.562619526475185	7.053705309492457	1.1540385121774142	0.3107966825030718
4.304719537308785	6.2838101135623985	6.008778746342101	4.579750904529022	4.8751287990730345	1.422267852858347	3.150406947862652	0.17088373324385872	2.224177237988644	0.02852623830747578	3.969643405366519	6.799853954848708	0.4353172960469234	0.13193238802748758
4.474783922669883	6.280349406299392	6.113247242882866	4.641886086086171	4.914331123683857	1.4651430608633644	3.049069441694204	0.21375894124599534	2.224177237988644	0.02852623830747578	2.503595085366564	5.631964248902771	3.606296382436417	0.21921312337060786
4.530365985905987	6.280349406299392	6.218484764118315	4.5922306280870115	4.914331123683857	1.458288932571116	3.049069441694204	0.25656027095580214	2.164252866072361	0.02852623830747578	2.3976277664870316	5.409143354957715	3.837743167988699	0.2994525670163062
4.933132350919429	6.201770847081442	6.544133911426464	4.59076928657444	4.90592106360472	1.4087277400235911	2.949890165772484	0.25656027095580214	2.223742351038592	0.02852623830747578	2.360182410895968	3.2066357662385085	2.906110770402778	0.4942414332659682
5.097337887305575	6.201770847081442	6.653958719147044	4.645150015239911	4.90592106360472	1.4631084686887437	2.915740389203337	0.25656027095580214	2.2578921276076054	0.02852623830747578	2.0266191549198145	3.120422583527627	2.361917446748136	0.47215538854813516
5.089147200829229	6.139662617127839	6.645768032670663	4.583041785286467	4.968029293558205	1.4631084686887437	2.915740389203337	0.25656027095580214	2.1980332783744703	0.02852623830747578	1.532161348177702	3.239787560562717	3.0311573904323867	0.06072871668874185
5.143540657937936	6.139662617127839	6.700161489779454	4.583041785286467	4.968029293558205	1.4631084686887437	2.915740389203337	0.25656027095580214	2.1980332783744703	0.02852623830747578	1.3162429229392028	3.421185876947673	2.8114857411841006	0.3234732979524427
4.95213232247103	6.158362639482561	6.637610752088989	4.472884209864496	5.078186868979959	1.5125405128286944	2.8815196172333137	0.3059923150948834	2.232254050344507	0.02852623830747578	2.779885243948625	4.297884347586273	0.11419367152007881	1.0617727233068397
4.877556494659817	6.225303535585827	6.691902302286215	4.410957727959477	5.201683860895575	1.5620463836966751	2.7856571427196033	0.3554981859628639	2.2665460148476173	0.02852623830747578	2.8332386823675404	4.6625258504553	0.3252338225805532	2.0264553764592175
4.931729775985188	6.16348122608447	6.691788780408947	4.403422221660874	5.263506170397027	1.6590390723806128	2.7856571427196033	0.39820407144350256	2.2665460148476173	0.02852623830747578	0.3612525893342299	4.779714367843633	2.2945502279412615	1.9558310190328625
4.931729775985188	6.088406164863446	6.687088968793764	4.333046972054837	5.33858123161808	1.6142439394260213	2.7856571427196033	0.3487091268728698	2.2665460148476173	0.02852623830747578	0.16965577958829656	4.779714367843633	2.442799110110597	1.8221776027902534
4.98578507793128	5.965539258841022	6.633055413368088	4.318268923404264	5.461448137640461	1.7223327967979627	2.7856571427196033	0.3487091268728698	2.2665460148476173	0.023136358936473558	0.16965577958829656	4.459047696763975	3.547909515608445	1.3843806046573268
4.98578507793128	5.965539258841022	6.529633203430105	4.42169113334231	5.39987762762998	1.8257550067356656	2.8472276527301497	0.3487091268728698	2.2665460148476173	0.01439041178040937	0.2380642893778874	4.334224893059433	3.480730038649346	1.2620767673299789
5.1031439553332865	5.779664318616193	6.3649574180393005	4.517850855909974	5.522331302092034	2.0443684037656187	2.8472276527301497	0.3097444151172906	2.2665460148476173	0.018398562594865813	0.24590442458973832	4.201936358159655	4.2621767816701785	2.1016543276712207
5.220240870368513	5.703594081928489	6.3121721866669755	4.6116627656299425	5.535124833726827	2.1015525837483513	2.8472276527301497	0.2603231537446862	2.2665460148476173	0.018398562594865813	0.2515170913334989	4.255756568141872	4.45326367512885	2.2906100426382756
5.328350283768232	5.518673996852358	6.250911602299428	4.596112678321098	5.534026833460865	2.25044409966258	2.97011325385718	0.30297715610638926	2.2665460148476173	0.018398562594865813	0.2544069201543552	3.331764074916329	4.595107960580704	1.9418684037572111
5.328350283768232	5.518673996852358	6.197930451419591	4.649093829200894	5.4727116712504795	2.254088312328796	3.031428416067692	0.2536402178932342	2.2665460148476173	0.02391634856213663	0.2544069201543552	2.859634205204418	4.671436343498918	1.4697385340456524
5.1965715269146315	5.3942275295165825	5.977339578635706	4.61345947779541	5.605510697844226	2.3140292148744916	3.0926585345754574	0.15518632674030652	2.2665460148476173	0.06700967432190966	0.45888706581982475	3.2101069600705237	4.607581572004177	2.1406425845000023
5.131717746426466	5.338565276852088	5.977339578635706	4.492943444642988	5.664881618946442	2.3140292148744916	3.1538036466255295	0.15518632674030652	2.2665460148476173	0.06700967432190966	0.5237408463065347	3.388874163732359	4.737526882118904	2.319409788161915
5.0049260649223175	5.403277059001721	5.9152596792810614	4.492943444642988	5.603821475437753	2.3140292148744916	3.2148637901344417	0.15518632674030652	2.3264048640806303	0.06700967432190966	0.5884526284566288	3.3849615009640703	4.936374209990911	2.3991643795888833
4.977366054874444	5.362455192299005	5.728006149188721	4.611815097984721	5.821379232300537	2.4875620514296046	3.3311149107382168	0.12857346290609242	2.2921128995775346	0.028105614430950606	1.1208743659078912	3.8440456842830324	4.341337549107054	2.6416690601996033
4.965292436350204	5.490042921625509	5.791627869950164	4.663707488025686	5.760610431245678	2.4907018210616334	3.391883711793228	0.17732608331537428	2.2921128995775346	0.06560911357494102	1.4489689312344125	4.333176600773779	4.421182988491745	2.829754727999252
5.415782791036921	5.125511400611956	5.64416607199776	4.8971281196511	5.736882907975198	2.7510469063085035	3.6283312780133476	0.32890090067526395	2.2578921276076054	0.06560911357494102	1.4728150733071417	3.3632064492250136	3.7956801623285976	1.0881634427023446
5.592311452941537	4.872429077351351	5.543709499111303	4.921031031181651	5.845627986195242	2.759123039101481	3.6740392555708494	0.47382905906322237	2.2325404514809146	0.06560911357494102	1.3438774431033425	2.1309764882852917	3.189896335147494	0.038572233992344815
5.864932954435857	4.749883078377917	5.601518833896421	5.013297198917401	5.904606462410068	2.7660861426301677	3.6740392555708494	0.5735215976154644	2.2325404514809146	0.0671126417203398	1.6324432347561635	1.6896239132126445	3.675788553743715	0.645521517270174
6.341347243324768	4.519967944345631	5.712511953267833	5.148803234402641	5.890494606595231	2.733646036639447	3.8543613352603527	0.8631494380517971	2.112888298744308	0.11164116663395483	2.2891455102274976	2.8700091410790605	3.5749631405474176	0.9033644504146834
7.326882486619268	3.5617788148938168	5.78221240150786	5.106448900005281	5.93509360774582	2.766752113742089	4.484174962184517	1.3390464688154755	2.0787090091065537	0.1574879256478769	3.6909737600990336	4.210618962854423	0.27147079883409503	4.188715206233575
8.154696235700179	2.5699977708677966	5.847258884676493	4.877435121891557	5.620098356402579	2.652540933294945	5.360351695134005	1.7563214975240171	2.1382399748707908	0.24612274664270645	4.0168021896618615	4.183981192541077	0.2612132982472609	2.4022192584781843
8.25235989271523	2.513347315557986	5.847847691020674	4.9178595172523885	5.618970281847255	2.70369525644745	5.418130224998967	1.8022420250416107	2.1382399748707908	0.28915188380309875	3.8320711866183954	4.530071642726541	0.6725791524573539	2.2749250110761476
8.628789165494958	1.8812632446348987	5.70480652764286	4.805245882486938	5.6665497534374545	2.5465460543349607	5.7608164520039296	2.2522760801303314	2.197699945336984	0.33337906512289767	3.6783047206743182	6.378758823402195	4.457718469601	10.064474132485554
8.628789165494958	1.7697928095155302	5.5615827642001685	4.836999210810503	5.778020188556575	2.5559438009065536	5.735659626719074	2.3419349754633054	2.2228567706219344	0.34003483546854907	3.6031429482093205	7.4407437874254425	5.006368482832429	9.855046940793375
8.955232081153003	1.4137312308306418	5.26140094043231	5.107562371551059	5.448498303575758	2.8192498876331995	6.0540521416873725	2.4275271907356912	2.372192086959305	0.42818917878965085	2.9015819599617148	4.893709403842393	0.5954376558613578	5.291987552609413
9.045438990019512	1.1781303973891535	5.085339658548326	5.138229728860302	5.502521945862815	2.8731488730683403	6.110545694187498	2.4708253955849635	2.3125747398349885	0.4777098734654138	2.513087401920412	4.377366868216496	0.6203643321700687	4.8296091699133825
9.439851218295411	0.5546104782877944	4.879972362494477	5.114489334088654	5.512862448990896	3.1287023306678523	6.256406062558478	2.471204446717608	2.534653582996292	0.4735982218932112	1.5120159832789168	2.815647311307498	0.731667040879598	2.9742465817768404
9.626933756295575	0.16681880884861439	4.845241925622507	4.948510639523545	5.4823120871361075	3.1364798876431386	6.421663412465786	2.560637397379274	2.6631357971453293	0.5166993374969752	1.2055731170742565	2.6289531402951787	0.8198366452671964	2.8804739662066705
9.36588184811531	0.271414823223966	4.639695645798203	4.997601025542114	5.491681820733632	3.2897327689494307	6.561802103384188	2.5229921758807756	2.5439665285848108	0.5565893726204065	0.3040651129921011	2.335464599866711	2.3786613911690013	1.0904387525818793
9.198464777014669	0.23173376722307953	4.4485870437570165	4.981611500480596	5.642751674520129	3.3362265896258174	6.460550590071955	2.5694498196492193	2.5436027026847694	0.5135447836109724	0.6440801234966549	2.237307462269981	2.3985090471983606	1.0456688358217145
8.485004793863839	0.2554414819287576	3.9575628808907024	4.782883394901751	5.550633660664705	3.4517616445836192	6.908726241070971	2.65030071795941	2.515738486402777	0.4315002368581221	0.7068225943622674	0.7271532899956249	3.3250370936308844	0.19482717748110343
8.334400317414891	0.09634779288036319	3.7605545663028614	4.670193543993023	5.807863715275656	3.5435152308234077	6.8105898755078185	2.6049509698584554	2.515738486402777	0.4315002368581221	0.591532839867009	0.3833970744117465	3.4556536574505197	0.12817378349149347
8.033908698342914	0.30182759045399343	3.6349145206536297	4.700821768144924	5.95833783999927	3.682231214571742	6.768203510380452	2.6049509698584554	2.4564270033686233	0.46908331440406814	2.1293330369183185	0.2953009072211464	4.845832125506093	0.862381453202291
7.806728088445609	0.3771320129971288	3.5288151643847345	4.655044937057479	5.953459394618765	3.68719825280006	6.788994369729133	2.5658945481551987	2.4912584587160045	0.5081397361072107	2.278906875868124	0.5109147664422697	4.855109056612647	0.9684662082068929
7.683838210090947	0.4461155272887473	3.4314701931597194	4.6984835442210136	5.951825643989908	3.7845432240248034	6.844534484419297	2.5658945481551987	2.4912584587160045	0.5081397361072107	2.320550711740531	0.5809080386891939	4.93514382527538	0.9112608702151436
7.403535209108363	0.6787424810754074	3.427232753126663	4.655044937057479	5.940268622426677	3.732618014330957	6.802185141921281	2.5204747866241384	2.4912584587160045	0.5511202611214382	3.7614576599959437	0.6951535704700316	6.177202481369406	3.4837252331747908
7.281960631777236	0.8543190812345318	3.427232753126663	4.709046959885548	5.928534012001994	3.732618014330957	6.819080276861847	2.5595312083272947	2.432095911372177	0.5120638394175931	3.810440919421649	0.6824904499472905	6.186110294732434	3.7682915918776643
4.874032026685274	2.282376270252281	2.7128143061783416	4.443593990759361	5.921833831390515	3.628364213658634	6.918491404280611	2.5153740786774925	2.484181694461944	0.5120638394175931	4.2370364785930645	0.6403967961565998	5.5429231024759655	4.784047006219088
4.221482067750789	2.6438042881219057	2.4786929929836985	4.386593362889167	5.859871022426446	3.5787303290137937	6.986488206115092	2.5140413283221346	2.484181694461944	0.5175329509166045	4.482173447754199	0.5002923234531003	5.198571200153149	5.076753164978023
2.588112534870088	3.7087288924243107	2.382715170320854	3.914126256973536	5.893323025020202	3.511981400351137	7.141260120834915	2.331378523730195	2.51901314980914	0.560634066521136	3.5505098776695223	0.8724659657905052	4.727401923117345	3.806174915918234
2.0891982638126163	4.110515212195335	2.4494325869506164	3.7502808890571933	5.919636551838661	3.553634078495207	7.27460259311532	2.2855364767690984	2.487390871459921	0.560634066521136	4.272244318532213	1.006553067429546	3.6937355538337346	1.7842842173157558
2.2584745774941193	3.8996135028791588	2.4657833196947894	3.6923047606783803	6.065908570789232	3.6440693243292364	7.232599062414794	2.2413935908061497	2.427991291671199	0.5120638394175931	4.7279878188422515	1.34327751687699	3.0256188629181993	2.3774003748204207
2.2838084148073805	4.030125380498073	2.9858347077204552	3.328099087585095	6.149575019280867	3.786731961275573	7.609890910732629	2.1954835775760486	2.427991291671199	0.46908331440406814	3.987978364975965	1.401578647084369	2.2994446217020306	2.187268422026537
2.5415066716087606	4.042437707816424	3.2600124267528594	3.323931952672482	6.092776915583745	3.8769233116805983	7.716978130544651	2.1953489373967536	2.3686574016669235	0.3393563933463417	3.684582284146957	1.0073486822137163	1.9474939160197648	1.662788660538772
2.4579381652989523	4.085556946149215	3.4253754777641214	3.118119633684408	6.029828225131224	3.380245316612221	8.001451438099787	2.7426426490379283	2.344292638045788	0.3393563933463417	2.993947916452791	1.4235603767063219	0.6269611005854211	0.24267016427881222
1.358931548497044	4.519596873350266	3.009692487622266	2.8688359342249043	6.074365425459738	3.6982188031204704	8.219285996547686	2.3785547813393926	2.3168440963036505	0.30175839863013876	2.386075418273242	0.5894686270754729	0.9805260395890824	0.8665357805527435
2.978852981215662	5.687084844663444	2.5047108724322404	0.20352099101503995	7.009428498345203	2.9066099298917494	8.495838302570492	1.5978427069377927	2.1664688142095514	0.11790387881920672	1.9049247724556724	0.8382166212929747	1.1264411673213683	2.1077808791701163
1.474141194504327	5.096760324006274	2.492766796633696	1.1298523328678733	6.4679483761570875	2.8236328527430685	8.555257254626838	2.0266216583711363	2.04784740553679	0.10911701178121924	2.545406015939372	0.4002313219475973	0.25343855831417006	0.4517516149741757
3.5562852161677516	5.51926565422455	2.3044723265046856	0.3414918884490337	6.99620149979981	2.4232031083985293	8.911516613012994	1.8792690088084607	2.04784740553679	0.07006766640284752	1.222205462566778	0.5912366073406092	0.2365643892684758	1.5499013616666444
4.205699303923729	5.599188268042249	2.175263493636013	0.7817745295168224	7.218814687517061	2.367870153445313	9.030079877847555	1.8354957752438856	2.04784740553679	0.07006766640284752	0.8477424245716115	0.8923235698306989	0.03835987944085097	1.2033973546269379
3.09950755878546	5.190398035917705	2.200693953583926	0.10980347645426282	6.619583589577731	3.0390256451607507	9.29942960009873	1.600704233770416	2.142121678401416	0.07006766640284752	1.1128875327442327	0.07762119296015746	0.25671522672135555	0.592778981933709
0.452261881109632	3.8756533003713622	2.8597052307672097	1.468209950715011	6.628232286808905	4.429044760537164	9.171434106203844	1.6938432051128638	2.166613134617333	0.025012741752241052	2.0614877713621103	1.5980345918760182	1.0156520712998056	0.30110097929813257
3.8400022430178744	2.8121658207770657	4.428775063406428	2.2233930003887545	6.275119698939341	5.037813546853447	9.318857824410653	1.610852054386054	2.2258877409223365	0.09578021755829759	1.069965416409258	0.13831302197114695	0.8713090008021308	3.088513330983377
5.403183299083494	2.4791996264561345	5.1417613439996845	2.74062158154022	5.975798718807308	5.219430790123739	9.386807391085384	1.7061457767036912	2.260823432116701	0.22493499953657115	0.316331372686565	0.4287123221132131	2.2086460683037226	4.267160270952218
5.735059236518775	2.4500981846013836	5.200715596012041	2.9844418251079983	5.776226830585732	5.176467465013713	9.378892032603295	1.761732333927694	2.320065760261223	0.3078870924318167	0.3132564213860378	0.7450529342202922	2.4735460894625123	4.511777994126265
4.747866421435171	2.5113632671628916	4.370444171650902	2.888785516947378	5.8781365085505	5.228829780819473	9.378892032603295	1.7156233879261196	2.320065760261223	0.3128266480609119	0.8388963382783426	0.7820147396236995	0.2903775230404284	4.390668913076399
4.516746206983797	2.665678326619106	4.324194408451815	2.8582301251512288	5.831534947004816	5.056498282331856	9.327565062940781	1.7594709634092234	2.2882026138276528	0.44134876403295886	0.5986755966344176	0.49569805423821095	0.2802354857470495	3.929618541488908
5.4788923385425	2.5768779991656516	4.816022163178263	3.2397481745301078	5.629321027801123	4.199158312165851	9.378892032603295	2.847442033413026	2.2290225618342516	0.44134876403295886	0.3155429593465226	0.8275147361574239	1.025165302147174	5.00372719402245
5.605164763071689	2.513671076165935	4.9686652069509725	3.1501706322867493	5.526897951881315	3.9763124798510945	9.481315108523049	2.9807103234843586	2.2290225618342516	0.44134876403295886	0.06641998295070035	0.6374651055857018	1.7619607753851045	4.896402695254328
5.875071225119345	2.508001805931395	5.277946591546647	3.105126439503919	5.527061235877036	3.792112751514047	9.430142017381296	3.0250870671791033	2.2290225618342516	0.5280716112484004	0.6354344011778572	0.3557528446926378	1.7692561897480155	3.886473474898928
6.177169344107774	2.3880889509801557	5.460131855583723	3.105126439503919	5.527061235877036	3.792112751514047	9.430142017381296	3.0250870671791033	2.2290225618342516	0.5710821587438301	0.8661862941888172	0.7562504179489958	1.9457943583361133	3.5540016029388246
5.903656162581618	2.1618412774417908	5.453600932278714	2.6118965077446767	5.873221764366744	3.7331890766528026	9.430142017381296	2.9369413387705867	2.2290225618342516	0.5763549944782589	1.2118131254973263	0.599755912829804	2.2119052041275338	1.192426962114963
6.096748552628017	2.1543643712192293	5.455069736653895	2.7960431871935625	5.772721407801815	3.73589087826956	9.516290687354658	3.069058951179451	2.2259534672132273	0.5763549944782589	1.9736778500493817	1.7669087383728386	2.5632060753826424	1.199053203232277
6.441296382203228	2.0974348027523133	5.608585635467412	2.9301455494882247	5.8157109909397215	3.9580042945660114	9.414170823982936	2.9810478971777905	2.2850837474471652	0.5763549944782589	2.403882580774598	3.2384250325510715	1.5228168280069898	3.023461970338056
5.631641236437738	2.5266168309431034	5.742797281899528	2.4154607854814127	6.112633622519035	3.777363125864737	9.422141460323818	2.892767289558359	2.194046983002801	0.5763549944782589	0.3392087153299391	3.6284192030900138	2.9395031587752696	3.2461529225177146
6.649340687981177	2.250701131896622	6.347484634122341	2.5525571857555036	6.11647137860111	4.7250877557489	9.457044878782087	2.129745800744499	2.15914356454464	0.39845152272410017	3.049257803388909	3.2831185498178916	1.9116056836049704	2.059170540484268
7.324052372029094	2.0158057044199458	6.688920920204439	2.6509371562446042	5.966931764219361	5.0470627445469605	9.508204522674973	1.8077708119466445	2.15914356454464	0.39845152272410017	3.6931687471218093	3.716502690424502	2.86461076202262	2.920353209622485
7.538940451881628	1.9411006460578468	6.6871126682969875	2.79292842964249	5.869790186312912	5.184059864058794	9.449113938341895	1.7156233879261196	2.159120039696308	0.44134876403295886	3.521322110853285	3.75575112904398	2.929597529929685	2.4102755583862314
8.103873332993334	2.002070409256452	6.963082972876714	3.142860769372806	5.5198578465826085	5.184059864058794	9.414170823982936	1.7156233879261196	2.226012791970595	0.4362186256656624	4.230265255533055	2.7166033993984646	1.737274152470612	1.0696368406001895
8.162051351451392	2.0945175573912387	7.014047410698849	3.2425214981436445	5.412145617910801	4.4014139362204	9.312199759974414	2.403535893228624	2.2850709180576705	0.437154054222841	4.552209988287425	2.324968197821803	1.722403993787668	0.9634333348790881
8.200682641068326	2.238661705385456	7.140941327648317	3.298403018805255	5.312063019119833	4.7071575970186075	9.174776208846687	1.9512223640708273	2.2611204979620942	0.3943768977200631	5.055699407528453	0.8649152226542063	1.3408320106197578	1.6561078977664498
8.200682641068326	2.3909981892065932	7.191676824169032	3.400004006105851	5.365384857590122	4.7934672202889095	8.969117886555553	1.8141772442797872	2.2611204979620942	0.3516560771450414	5.055699407528453	0.7661981849616617	1.2691376419742657	1.439693033067341
8.243075023150794	2.441837376851813	7.284725195086273	3.400187204916347	5.263015772490583	4.882805784586626	9.020647784009654	1.674182691147236	2.202181106604267	0.30899152868924645	5.185940248722607	0.9573357784128259	1.4025265683242467	0.63128463212145
8.138650231133257	2.5946257600560516	7.320932428935113	3.4123435622538913	5.213364210887276	4.011657346162125	8.917510962409194	2.4046991037056396	2.14330751944148	0.27119647516849604	5.185940248722607	0.6712371859111512	1.474042776106952	0.17573815214205368
8.037822975510785	2.652661860602204	7.32892796710441	3.361556869008402	5.308042379942505	4.278199111090343	8.8822015522136	2.1314107707261747	2.0842099010624664	0.18481239515939882	5.42784592305272	0.36075821236378464	1.79129462565307	0.5642231390583213
8.018402482651503	2.652661860602204	7.359943535039073	3.311120808214224	5.411612194265965	3.909546108896429	8.778631737890134	2.449627712126055	2.143083488225503	0.14225353650279643	5.42784592305272	0.1626503426273023	1.79129462565307	0.8153905000729461
7.975847049015629	2.7033202893452577	7.362552918837145	3.316614419523551	5.360953765522795	3.7294986564564643	8.872777286729423	2.5845103471321678	2.048937939386006	0.18481239515939882	5.362549843990429	0.16522537678282903	1.7940762864480657	0.984860523436467
7.654358037687155	2.826270081947006	7.356162245896865	3.124465873737312	5.610655048034529	4.036683527561051	8.6742738371202	2.1755048037143485	2.048937939386006	0.10312349593021146	5.471535766217351	0.42981011131747426	1.7968368249738418	0.6790880616687827
7.596565830965163	2.8333136372014134	7.356162245896865	3.073717222269558	5.703895756250685	4.217852301941817	8.631781780371696	1.9943360293337076	2.107877330743661	0.06062080953968971	5.464300399109107	0.42981011131747426	1.7995763367969357	0.21417622495094574
7.475336255947533	2.954364677868182	7.356162245896865	3.0735386879187785	5.756175464787716	4.308850151869334	8.57968060618581	1.9862236284302257	2.107877330743661	0.06471121807897814	5.644505944008852	0.4929222202604905	1.7907852210255621	0.23271588526803455
7.417812454902621	2.910837826167747	7.356162245896865	2.972488035173556	5.805124943346789	4.3109309561971525	8.631781780371696	1.9841428241022514	2.107877330743661	0.06471121807897814	5.702029745053706	0.4742531320344752	1.722862979222557	0.12520464022819244
7.253881863641775	2.880990566656095	7.313294791137407	2.821577639160567	5.956035339359704	4.448165343322791	8.631781780371696	1.8859120936432914	2.107877330743661	0.10371487474182878	5.628849784221595	0.5753158695361031	1.7993792806863182	0.05088920762432996
6.937464282028733	2.8881193775020084	7.099544832620462	2.726038826910156	6.006161941181457	4.49459102271611	8.690984220878766	1.7940742038212443	2.080601708310984	0.10371487474182878	5.42897267478267	0.7156578227154459	2.2741854237833965	0.1979943126454911
7.091735363588013	2.8884714534251574	7.208403703751013	2.771803113261909	5.953785842859038	4.540003233144788	8.743008243277966	1.7940742038212443	2.080601708310984	0.10371487474182878	5.42897267478267	0.3357354854097015	2.2741854237833965	0.793305249684418
7.134730272677263	2.838520268382623	7.2513986128403	2.7218519282194897	6.003737027901452	4.586026968054616	8.743008243277966	1.7480504689115328	2.080601708310984	0.10371487474182878	5.365019735172707	0.17789199136755046	2.341494235498948	0.7818127394892421
6.822665058965188	2.859775670188199	7.155951169760575	2.5264895593929686	6.103376431855299	4.536397731508933	8.743008243277966	1.701956740584417	2.139563934562159	0.14610541004662364	5.294844221606135	0.032697162333602425	2.3446360641219623	0.27569030353678614
6.760851977863316	2.8100871403618743	7.094138088658751	2.476801029566648	6.101118005417382	4.536397731508933	8.829818724837347	1.7409007580886513	2.1047004092670707	0.18504942755011264	5.294844221606135	0.043435290187403164	2.3440481920117593	0.18168091347294293
6.760851977863316	2.7109716478656543	7.134891564493098	2.336932061235956	6.0965704399192155	3.8115420458912297	8.933481782831821	2.425002967871953	2.1047004092670707	0.1426588922465877	5.168118610329929	0.19861250268961655	2.79585376064483	0.23905786623935354
6.065315745218771	8.262402794557646	2.4818549804207346	0.28476793108273635	7.008073572837468	2.814838433540106	9.139886901634608	1.9617755962009786	2.0138113649417244	0.09215553254930799	0.6762502259493096	4.485240698803774	0.04758472362174721	3.2537135732621083
