0	1	2	3	4	5	6	7	8	9	10	11	12	13
9.129439139028905	3.3798336161631406	6.766340328144123	5.7429324270478865	5.538430761289344	1.422753934321198	3.2798239139736056	1.822542673275053	2.7064114017176624	0.04795088726677428	1.806487270135634	4.800433337758187	0.3184887053055508	3.3676232505188306
9.695882372385672	2.9689467243629077	6.871790625578785	5.7930384711697895	5.556380124698641	1.5166894512133702	3.32160493972897	1.8684195578653109	2.677283877918851	0.1312775186731156	1.8473002301290693	4.577655655138255	0.43525838316129556	3.6469548225693487
10.075291023213689	2.608432704779306	6.937197303612897	5.746526424380112	5.692778332571768	1.610642668021014	3.2480455315492827	1.8696070300309833	2.6507647956252636	0.21670009953425504	1.5834946274631363	4.63993478642118	0.43525838316129556	3.600905860883042
10.197275574264367	2.5989222071945464	6.938391231107945	5.857806550350968	5.671389709411358	1.708469185206359	3.2682843303711584	1.9121386348621148	2.590921357329018	0.17019758770219479	1.6431384612143047	4.585081056650025	0.5077985459512532	3.657414569350869
10.258613207257358	2.537584574201663	6.888013707316089	5.908184074142723	5.609942888072018	1.8064589600793912	3.3896453682006187	1.8708899317161989	2.5310071408385455	0.20745944352899873	1.581800828220992	4.528838461609998	0.5077985459512532	3.7136571643910097
10.329246809095014	2.3698779170527295	6.837545355777699	5.86157937037018	5.707015943383008	1.9523700074331	3.483371989704835	1.8206447936851549	2.467866205223556	0.16226188574309985	1.5764236423845452	4.475833588959419	0.5249089969040078	3.716743062509273
10.393318631008757	2.321185929620072	6.902711318536671	5.811793242092159	5.755707930815627	1.9512758665877707	3.483371989704835	1.8270977198120297	2.528207608063689	0.15580895961585373	1.5764236423845452	4.483564933914267	0.5249089969040078	3.773083539468262
10.329246809095014	2.2723899532373135	6.83863949662295	5.762997265709201	5.82634608906334	1.9991065120584477	3.5551705183577256	1.7792670743412557	2.4650409968561773	0.15580895961585373	1.5764236423845452	4.419493112000573	0.46722222676619346	3.723071217003919
10.329246809095014	2.2723899532373135	6.787990781623902	5.8136459807083645	5.764860730419182	2.0539402089464125	3.616655877002033	1.7750820924524435	2.4650409968561773	0.15580895961585373	1.5764236423845452	4.419493112000573	0.46722222676619346	3.723071217003919
10.329246809095014	2.1623781889988254	6.787990781623902	5.70363421647	5.835144201602311	2.0539402089464125	3.6563841700571476	1.7750820924524435	2.4047468596344923	0.20599933315102836	1.5764236423845452	4.419493112000573	0.5249089969040078	3.723071217003919
10.39041182616464	2.1012131719293996	6.787990781623902	5.70363421647	5.835144201602311	2.0539402089464125	3.6563841700571476	1.729813834093106	2.4047468596344923	0.20751949590621427	1.5152586253151734	4.363048411671164	0.5249089969040078	3.729410061276656
10.454483648078389	2.1012131719293996	6.852062603537624	5.70363421647	5.874872494657344	2.097658871230112	3.6766958851017986	1.6860951718095547	2.3447068515347005	0.20751949590621427	1.5152586253151734	4.4271202335848505	0.5249089969040078	3.729410061276656
10.39041182616464	2.150136801322533	6.839737551654523	5.700811075832739	5.825948865264202	2.0459121011995642	3.6766958851017986	1.6860951718095547	2.3447068515347005	0.20751949590621427	1.5152586253151734	4.310160915320356	0.5249089969040078	3.7822975576274676
10.39041182616464	2.211224936167754	6.891575968823122	5.7100607935091	5.764860730419182	2.0420504270218793	3.6766958851017986	1.6381184288179882	2.4050009887562447	0.20751949590621427	1.4500022093138216	4.310160915320356	0.41160338613852426	3.7822975576274676
10.39041182616464	2.211224936167754	6.943506191722919	5.658130570609295	5.764860730419182	1.9901202041223978	3.6766958851017986	1.6381184288179882	2.4050009887562447	0.20751949590621427	1.4500022093138216	4.310160915320356	0.46917582755635834	3.728810627223216
10.39041182616464	2.211224936167754	6.943506191722919	5.658130570609295	5.804503907198557	2.0381701459459736	3.73063404117799	1.590068486994354	2.251125518679211	0.20751949590621427	1.4500022093138216	4.310160915320356	0.46917582755635834	3.728810627223216
10.454483648078389	2.211224936167754	7.007578013636579	5.658130570609295	5.743141966611608	2.0381701459459736	3.7919959817649658	1.590068486994354	2.251125518679211	0.20751949590621427	1.4500022093138216	4.374232737234081	0.46917582755635834	3.728810627223216
10.454483648078389	2.211224936167754	7.059600200819443	5.606108383426583	5.743141966611608	1.9861479587631885	3.7919959817649658	1.590068486994354	2.251125518679211	0.20751949590621427	1.4500022093138216	4.374232737234081	0.46917582755635834	3.728810627223216
10.454483648078389	2.211224936167754	7.059600200819443	5.606108383426583	5.743141966611608	1.9861479587631885	3.7919959817649658	1.590068486994354	2.251125518679211	0.20751949590621427	1.4500022093138216	4.374232737234081	0.46917582755635834	3.728810627223216
10.39041182616464	2.211224936167754	6.995528378905675	5.606108383426583	5.743141966611608	1.9861479587631885	3.7919959817649658	1.590068486994354	2.1908955168946087	0.20751949590621427	1.4500022093138216	4.310160915320356	0.46917582755635834	3.7822975576274676
10.39041182616464	2.211224936167754	6.995528378905675	5.606108383426583	5.804503907198557	1.9861479587631885	3.73063404117799	1.590068486994354	2.1908955168946087	0.20751949590621427	1.4500022093138216	4.310160915320356	0.46917582755635834	3.7822975576274676
10.39041182616464	2.211224936167754	6.995528378905675	5.606108383426583	5.804503907198557	1.9861479587631885	3.73063404117799	1.590068486994354	2.1908955168946087	0.20751949590621427	1.4500022093138216	4.310160915320356	0.46917582755635834	3.832403413683986
10.39041182616464	2.211224936167754	7.046168226125946	5.55546853620635	5.804503907198557	1.9791396907601055	3.73063404117799	1.5012299906871818	2.1908955168946087	0.2527264129964736	1.4500022093138216	4.310160915320356	0.46917582755635834	3.832403413683986
10.39041182616464	2.211224936167754	7.046168226125946	5.55546853620635	5.804503907198557	1.9791396907601055	3.73063404117799	1.5400546822261991	2.1908955168946087	0.21390172145915232	1.4500022093138216	4.310160915320356	0.46917582755635834	3.8859777755943496
10.39041182616464	2.211224936167754	7.046168226125946	5.55546853620635	5.804503907198557	1.9791396907601055	3.7907711109881403	1.5400546822261991	2.1307584470844168	0.21390172145915232	1.4500022093138216	4.310160915320356	0.46917582755635834	3.939645822736758
10.39041182616464	2.2600209125505293	7.046168226125946	5.604264512589214	5.755707930815627	1.9791396907601055	3.7907711109881403	1.5400546822261991	2.1307584470844168	0.21390172145915232	1.4500022093138216	4.310160915320356	0.46917582755635834	3.99340770664527
10.461174432572525	2.1892583061425044	7.0967161223448105	5.553716616370498	5.755707930815627	1.8805489114375753	3.7907711109881403	1.5880975653291531	2.1307584470844168	0.21390172145915232	1.3792396029059344	4.310160915320356	0.46917582755635834	4.047263578722743
10.461174432572525	2.1892583061425044	7.0967161223448105	5.553716616370498	5.795266226728898	1.8805489114375753	3.751212815074721	1.5880975653291531	2.1307584470844168	0.1702105010781661	1.3792396029059344	4.366598840700945	0.46917582755635834	4.040811094679796
10.461174432572525	2.1892583061425044	7.0967161223448105	5.553716616370498	5.795266226728898	1.876151691222902	3.751212815074721	1.547358391464519	2.1307584470844168	0.2153468951580665	1.3792396029059344	4.366598840700945	0.46917582755635834	4.094753914903413
10.461174432572525	2.237950293575296	7.0967161223448105	5.602408603803074	5.746574239296317	1.8282617323236237	3.751212815074721	1.5952483503640424	2.1307584470844168	0.17171248987255683	1.3792396029059344	4.366598840700945	0.46917582755635834	4.094753914903413
10.461174432572525	2.237950293575296	7.0967161223448105	5.602408603803074	5.746574239296317	1.8282617323236237	3.7177854818438845	1.550173051827292	2.1336173351851273	0.21678778840802693	1.3141049905237558	4.366598840700945	0.4040412151742126	4.094753914903413
10.461174432572525	2.1892583061425044	7.0967161223448105	5.553716616370498	5.856674476159182	1.8282617323236237	3.71662827546199	1.550173051827292	2.073366292136851	0.21678778840802693	1.3792396029059344	4.366598840700945	0.46917582755635834	4.094753914903413
10.461174432572525	2.1892583061425044	7.0967161223448105	5.553716616370498	5.856674476159182	1.8282617323236237	3.71662827546199	1.550173051827292	2.073366292136851	0.1732101379828074	1.3792396029059344	4.422932759954359	0.46917582755635834	4.038419995650069
10.461174432572525	2.2990949702534804	7.147172239308009	5.613097163518052	5.746837812048232	1.777805615360184	3.71662827546199	1.550173051827292	2.073366292136851	0.1732101379828074	1.3792396029059344	4.422932759954359	0.46917582755635834	4.038419995650069
10.400031565620226	2.3602378372058195	7.147172239308009	5.613097163518052	5.746837812048232	1.777805615360184	3.71662827546199	1.505158780554254	2.1336433741227725	0.21822440925712605	1.3867991252690453	4.422932759954359	0.35802004155021083	4.038419995650069
10.400031565620226	2.3602378372058195	7.147172239308009	5.613097163518052	5.746837812048232	1.777805615360184	3.71662827546199	1.505158780554254	2.1336433741227725	0.21822440925712605	1.3867991252690453	4.475833588959419	0.35802004155021083	3.9855191666451395
10.451397449926723	2.3602378372058195	7.1985381236145685	5.613097163518052	5.8083307415113	1.777805615360184	3.65513534599906	1.505158780554254	2.1336433741227725	0.21822440925712605	1.3216405736290298	4.527199473266009	0.2928614899093355	4.0395560871927785
10.38746582626802	2.3602378372058195	7.1346064999558205	5.613097163518052	5.869908384327313	1.777805615360184	3.5935577031830865	1.505158780554254	2.1336433741227725	0.21822440925712605	1.3216405736290298	4.4632678496072655	0.23519250234390793	4.09368725812719
10.38746582626802	2.3602378372058195	7.1346064999558205	5.613097163518052	5.869908384327313	1.777805615360184	3.5935577031830865	1.505158780554254	2.103057688233852	0.17470345335333443	1.3216405736290298	4.4632678496072655	0.23519250234390793	4.147912829362271
10.38746582626802	2.3602378372058195	7.1346064999558205	5.613097163518052	5.830466510705396	1.7299883910595566	3.6329995768049574	1.5141238886941746	2.103057688233852	0.21355556951320165	1.4403824698582297	4.516272722257683	0.1803469016299238	4.203642898970051
10.323648658474331	2.3115697675566893	7.020333215198872	5.6148852108322185	5.839607724121826	1.7368582579187137	3.6725264330378464	1.5127479013439808	2.103057688233852	0.2585178069701985	1.45207980321962	4.55877829584623	0.3339721786477982	4.206434496110552
10.323648658474331	2.2627975828918774	7.020333215198872	5.566113026167446	5.84876783273315	1.7368582579187137	3.7121385090911407	1.5127479013439808	2.103057688233852	0.2585178069701985	1.5174827811880065	4.55877829584623	0.4456703691302041	4.261134312056298
10.26235436776406	2.372864058267113	7.020333215198872	5.6148852108322185	5.799995648068414	1.7846822426382036	3.7121385090911407	1.4649239166244667	2.103057688233852	0.2585178069701985	1.7757215335907106	4.7190481458797935	0.7253390197822183	4.375795960500335
10.19865150666503	2.372864058267113	6.956630354099839	5.6148852108322185	5.799995648068414	1.7846822426382036	3.7121385090911407	1.4649239166244667	2.103057688233852	0.2585178069701985	1.8416154361075605	4.76525468919585	0.7194680863977441	4.370921363866066
10.137205369803285	2.667035903577759	7.163679633244491	5.640561640136735	5.443966018813672	1.57763296349364	3.8354424298965477	1.5037849578331224	2.042733495623507	0.13278469563945453	1.9690786345086604	4.872848499577482	0.8945397820610907	4.3799657412851225
10.07361666563195	2.7770621434288674	7.150445577161078	5.70023323189994	5.272415918219022	1.570857805090665	3.8969662906401097	1.460205468148091	2.042733495623507	0.13278469563945453	1.981715439341215	4.860982755570996	1.0637694685644146	4.439658459315188
10.07361666563195	2.8870377968166023	7.150445577161078	5.810208885287436	5.1010017563433925	1.6143645601595717	3.958404799128347	1.3718062910279156	1.9824738401414244	0.1776771176926007	1.981715439341215	4.915146408808795	1.0637694685644146	4.441347954820001
10.010141968032727	2.9487560529607744	7.189607866137934	5.769290154855617	5.285549790236353	1.6030376034984035	3.7121385090911407	1.280496261113468	1.9824738401414244	0.1776771176926007	2.3813225713971686	5.235219538992254	1.400691261244302	4.7281809601140345
10.010141968032727	2.9487560529607744	7.189607866137934	5.769290154855617	5.3869027818862705	1.6030376034984035	3.610785517441023	1.280496261113468	1.9824738401414244	0.1776771176926007	2.4483597346508925	5.290137018068776	1.4578273362085912	4.673263481037538
9.845450711280886	3.0103544590654643	7.086515015490878	5.769290154855617	5.454018808762561	1.6463920970942412	3.5102156677195766	1.2371417675169913	2.0159276629867207	0.1343258822716706	2.8470223694763632	5.463255445432905	1.7810537728471878	4.91373631382023
9.79373276313865	3.0103544590654643	7.087263186509624	5.716824035694511	5.476550150718567	1.593925977933213	3.4541599776117415	1.2371417675169913	2.0494520111385497	0.09103109897840528	2.9295033997482895	5.522783871536712	1.8894879833288047	4.9765077848776
9.72288317942216	3.143026352283415	7.139821339591659	5.7260881921139095	5.454399039553505	1.5413678248510696	3.3541500339861208	1.2371417675169913	2.109790756427572	0.09103109897840528	3.2508383925953743	6.0856198336684	1.9552689975499795	5.476833566704081
9.545823202396019	3.1565144450382774	7.077183862507662	5.625153784926757	5.502683106046421	1.4887174841566342	3.3541500339861208	1.2371417675169913	2.0495956676597658	0.047792706963551576	3.3280366656068154	6.084232190879954	1.9760190246491205	5.615187260150937
9.423134482167583	3.2891850240974345	7.130790805756985	5.581528700508109	5.480315426978736	1.4743553916057663	3.2542969285029346	1.1459260014972128	2.1098636780576037	0.047792706963551576	3.5370788528670913	6.666773601496533	2.6966815009112124	6.70100872243346
9.371048386215582	3.351242359615779	7.131632534634509	5.590658211196757	5.457757325643848	1.4646298052054614	3.2147976943199734	1.1027237630680078	2.1098636780576037	0.004610645198984313	3.6064350920392036	6.7925529897885095	2.761106022675806	6.841113820159729
8.937998377336163	3.678504633842315	7.016703410472614	5.599799600706001	5.395595309794919	1.5076784709835382	3.1546004276345205	1.0066544709498992	2.2905156889929237	0.004610645198984313	3.9733843475484982	7.640622177482284	3.560555340518523	7.09509927975731
8.875708314141372	3.740794697037147	7.069816991562139	5.546686019616572	5.333473019543499	1.502708178998047	3.2167227178858786	0.9585111818460805	2.350839881603467	0.004610645198984313	4.105620675829768	7.706135127793415	3.6516041772643075	7.181221838248004
8.391291812720173	3.951288390688314	6.849100872769633	5.4934793306388645	5.395595309794919	1.5460058334454694	3.188255744447827	0.8171752381004813	2.3171845647901628	0.049442245578266306	4.20866340164281	8.185746925719018	4.482461888870707	8.382337257105618
8.083190288370899	4.153385554591211	6.84651433753948	5.390061505422499	5.395595309794919	1.4909492538339921	3.188255744447827	0.7688139924963414	2.3171845647901628	0.049442245578266306	4.410760565545641	8.205480277278852	4.577990170090454	8.280194423299806
7.869768807174435	4.215652369152074	6.739961131232692	5.345460045093917	5.333328495233886	1.4810220952028341	3.188255744447827	0.6718728762372548	2.3775732643077543	0.049442245578266306	4.410760565545641	8.83848034523391	5.490870282188213	8.253669072425414
7.816117363903677	4.229769176736895	6.793552097014722	5.252334443625771	5.319211687649099	1.4710129373136125	3.188255744447827	0.5746396250728527	2.4380264398732447	0.09262430727867287	4.5346645061407	8.858487299894211	5.421476187856511	7.703467377487537
7.144419667770692	4.513504177256826	6.513207157387608	5.144716687639904	5.319211687649099	1.4178197517338844	3.188255744447827	0.47544420733996073	2.4380264398732447	0.1373951546084228	4.484840986661392	9.406672712556338	3.499299250034058	8.599035656497051
6.056998013605291	5.111865539385661	6.115399224772898	5.053464328218175	5.2168467114063315	1.2071698404488167	3.131851370022099	0.4697277253486946	2.441126405749935	0.17471338503353545	2.9916452450737294	9.84151712993417	1.7229692972645436	8.943231472183339
5.686073089584907	5.440706817684469	6.002107449740592	5.124672457528628	5.091310502969785	1.201807158470494	3.131851370022099	0.42076232820162807	2.380625715754838	0.1373951546084228	2.606451675660559	9.882993307123238	1.4356986501561928	8.846509738408976
4.203527193945954	6.171769809383802	5.409496610004104	4.965800393325519	5.091310502969785	1.1351215278500442	3.071724855224916	0.3285758946184476	2.4407522305522553	0.1373951546084228	1.905791496319707	10.084207238836727	1.5062614886794894	9.21290583495656
4.074087321705278	6.237784438400496	5.400676035233834	4.911195724871898	5.091310502969785	1.1296205113643054	3.045410732291004	0.2794722426520104	2.4670663534860386	0.1373951546084228	1.604616677247664	9.836826333384273	1.067607475786756	9.344148769235
2.5792585766039293	7.210058453230472	4.982639617335175	4.806677412499178	4.989477116089339	1.123531392483468	3.147244119171626	0.2258138964856076	2.4670663534860386	0.1358626993005985	2.520834503775062	9.70956656220612	2.304538886636255	8.241731606251212
1.8366000827790505	7.717106085804733	4.851528946613746	4.702177221969973	4.927274575796892	1.1177568772498836	3.209446659464077	0.12708822119256433	2.436398825071957	0.1358626993005985	2.540782226586749	9.417727678820654	2.416607034833842	7.899394509991791
0.9759792463025269	8.153959396882408	4.490582355554829	4.639356287630408	4.888227930635865	1.2167797870387695	3.311314238964449	0.028065311407926837	2.436398825071957	0.1358626993005985	2.619355981927965	9.073605024573192	2.5365716202222623	7.882570573180376
1.523112711401452	7.967772522842407	4.906400788033237	4.584484446210833	4.888227930635865	1.2115310979655218	3.311314238964449	0.021557840959470494	2.436398825071957	0.1358626993005985	2.920431675121345	9.10975592376862	3.531379466334896	7.838304166609072
2.013503866422006	7.654285151465166	5.083304571676251	4.584484446210833	4.888227930635865	1.2181732817516848	3.311314238964449	0.016631575618746893	2.4969470607954927	0.09103109897840528	2.971704553348564	8.87776395811433	3.4690841053704813	7.874466973773788
2.0127398356785333	7.5283614804843175	4.956616869951678	4.584484446210833	4.888227930635865	1.2181732817516848	3.2513721096543144	0.016631575618746893	2.556889190105414	0.1343258822716706	2.3634557394378937	9.135012797741444	3.569315327939884	7.62561262678095
2.202670827368664	7.3384304887937395	5.011583906462398	4.529517409700287	4.888227930635865	1.2628478184244953	3.2513721096543144	0.0830099975983916	2.5262043879325913	0.1776771176926007	2.7840774588399655	8.855478405191164	3.6508235424556448	7.71334588509226
2.030600441133426	7.211109242230201	4.712192273663364	4.529517409700287	4.888227930635865	1.3627894573444566	3.2513721096543144	0.1829516365156777	2.5262043879325913	0.1776771176926007	4.182929454610334	9.27765086440835	3.6741942614343364	5.891365716584862
1.8528427496366058	7.147237518890917	4.4705628588273205	4.529517409700287	4.888227930635865	1.5060198556259798	3.2513721096543144	0.28128961274690595	2.465608575383738	0.13278469563945453	3.8791423656422688	9.205563354723608	3.376580170675567	5.401205460557819
1.3706566236800275	7.210544623848536	4.001988736902962	4.57921251062592	4.888227930635865	1.6059374307960266	3.2513721096543144	0.3315120869908274	2.465608575383738	0.13278469563945453	4.582911830382639	10.125365065063413	0.7315007625401176	2.5262809807586786
0.8123722325368203	7.4017404064081855	3.6349001283195133	4.57921251062592	4.888227930635865	1.6059374307960266	3.285086027439815	0.3315120869908274	2.4318946575979647	0.13278469563945453	4.538088071737733	10.047341513296894	1.090413760124927	2.863680579436207
1.3187751510846233	7.1443404303222815	3.9865859787393716	4.47652960266779	4.887563300271892	1.4907313943743548	3.2229297234646257	0.3818098928656702	2.4318946575979647	0.13278469563945453	5.081296068472897	9.16519867798892	1.522687985917211	1.2388427609029964
2.738719751663368	6.155581501749491	4.3604539629733905	4.533847290439577	4.824636589870643	1.4851223717448974	3.2229297234646257	0.3818098928656702	2.4318946575979647	0.1761924439370018	4.994336021845341	9.513264190921511	0.45673431047366836	0.7722845617698045
3.703161661380392	5.679037091632128	4.840785202940383	4.541413550072369	4.863517804036176	1.4296560297257184	3.121015907647213	0.3818098928656702	2.4318946575979647	0.1761924439370018	4.086269727051605	6.885841969481076	1.0228578077124915	1.294420691616193
4.514470360784478	5.453723482385677	5.378694770875407	4.5894990722947036	4.8154322818135835	1.4800292591552038	3.121015907647213	0.4321831222951067	2.492490470146693	0.1761924439370018	4.671200120354861	7.546246570011287	1.0370876726108096	1.252027336274811
4.416771387733938	5.7271226138546325	5.659687251927565	4.484206749661152	4.8154322818135835	1.4176135518273811	3.121015907647213	0.4750597376009219	2.492490470146693	0.219656765761197	3.16071795859439	7.452587347099516	0.653635797215572	0.07850093811628932
4.461077473582459	5.862915801328141	5.83978652524968	4.484206749661152	4.87772092523622	1.4176135518273811	3.0587272642243937	0.43625958676565174	2.492490470146693	0.18085661492474775	3.14459975281123	7.718067083453127	0.7878444261619786	0.3865810390411778
4.7136774690940655	5.668353095750514	5.953472360320741	4.42855820452378	4.87772092523622	1.4047662577570446	3.0250133464387274	0.47906083783304965	2.586865208245637	0.1373922931033098	3.3899582145896985	7.421142292307048	3.8868265751490996	2.530349455947842
4.959858715142785	5.459287533489131	5.999567402425016	4.419578846206833	4.892715751446338	1.4612057151803683	2.9651417914313383	0.484540508517906	2.64673676325297	0.0924479742549319	2.914990292847024	6.492595155862303	4.022207604074724	1.6075479166568294
5.017522935552192	5.459287533489131	6.106768483730159	4.370041985311184	4.892715751446338	1.4543823785484995	2.9651417914313383	0.5272540327809583	2.64673676325297	0.0924479742549319	2.5299770402348423	5.9769413937196125	3.425531451402533	1.4900365336045045
5.08035871315321	5.444355269009899	6.16239477918801	4.362319202975222	4.844812238324524	1.3987560830908403	2.9651417914313383	0.5272540327809583	2.7074625597877806	0.0924479742549319	2.0320774538926725	5.490998636161079	3.6153681279872076	2.278930000878002
5.08035871315321	5.444355269009899	6.211824287963798	4.312889694199375	4.907187016241437	1.4424388203111649	2.9027670135146217	0.6203662787776881	2.7074625597877806	0.0924479742549319	1.88056031905057	5.422183539501219	3.4638509931448693	2.9796777660723444
4.891327698988565	5.497259218585327	6.0907101867933715	4.297876730780631	4.922199979659913	1.4424388203111649	2.9027670135146217	0.6203662787776881	2.7074625597877806	0.0924479742549319	1.807555700013285	5.16389026623378	3.3229294611135938	2.4251262588228877
5.006553099289146	5.449431766174951	6.205935587093944	4.250049278370293	4.970027432070539	1.4424388203111649	2.9027670135146217	0.6203662787776881	2.7074625597877806	0.0924479742549319	1.7976493701245395	5.137156835753012	3.313023131225039	2.002653878260568
5.063974932444297	5.386696289197401	6.2633574202490685	4.187313801392566	5.032762909047927	1.4424388203111649	2.9027670135146217	0.6203662787776881	2.7074625597877806	0.0924479742549319	1.787791540872538	5.325157940956268	3.1617203989633325	2.062591233987896
5.121269928925987	5.386696289197401	6.265037462711476	4.242928755412136	5.032762909047927	1.4475799001272363	2.9027670135146217	0.5698924045741648	2.64673676325297	0.0924479742549319	1.5358625558276087	5.178774160614914	3.3413607807263492	1.578078347917705
5.057996764482657	5.386696289197401	6.146245149449816	4.298447904230446	5.032762909047927	1.5030990489457678	2.9027670135146217	0.5698924045741648	2.64673676325297	0.055107038537242435	1.3795513036619336	5.240183052696516	3.6022444333065256	1.4932731983429104
5.115178035643313	5.386696289197401	6.092674964931712	4.409199359909224	5.072267057925401	1.5131276711059891	2.8632628646371447	0.4691695710559763	2.64673676325297	0.011690739206135652	1.297700960185823	4.894115713665922	4.391490865628478	1.3704910787147784
5.177028586503094	5.318779376203242	6.031376008562629	4.464431954143795	5.072267057925401	1.568360265340663	2.8632628646371447	0.4691695710559763	2.64673676325297	0.011690739206135652	1.1567768092261848	4.688388036353727	4.38220006384442	1.3122738993600203
5.353883956941258	5.256148725486593	6.15309401522722	4.45693866720069	5.134897708642242	1.5230740862659438	2.8632628646371447	0.3687460282086015	2.64673676325297	0.011690739206135652	1.1567768092261848	4.541961165950321	4.384383817915351	1.0594573222647605
5.598376205804087	5.188082858423276	6.219530783780494	4.566928280446908	5.174315935824933	1.6330636995123835	2.8238446374542097	0.3687460282086015	2.677373800215843	0.011690739206135652	0.8940544461027203	4.195603467859775	4.125869246668737	0.6069685117871657
5.598376205804087	5.125556920750355	6.1646782452585365	4.5592548812959866	5.174548314773749	1.537840522884245	2.886138196178437	0.21867031305675388	2.677373800215843	0.011690739206135652	0.8940544461027203	4.202024905778269	4.594306659351342	0.5441146681791109
5.598376205804087	5.125556920750355	6.055256980313384	4.668676146241094	5.174548314773749	1.6400461491152434	2.886138196178437	0.21145467434444984	2.616760745113019	0.011690739206135652	0.8288376993894487	4.204184598328772	4.597793059778415	0.616397579228449
5.654791882248165	4.986601841462089	5.839768284728089	4.8016254389822315	5.290709099560926	1.713232096033178	2.9089324906792724	0.01273624922841706	2.616760745113019	0.011690739206135652	1.048593706594581	4.340114849917571	4.882946924445724	1.734276075236124
5.530310338740662	4.930609251738743	5.6752473151449925	4.785672275334516	5.4147675563478135	1.6730735140172182	2.9688040456865825	0.13552762591872872	2.556889190105414	0.011690739206135652	1.1902459213219916	4.149080745301422	4.95653327211003	2.0084452321412014
5.972951227728538	4.5661383704375496	5.591569642284591	4.947519955881417	5.699786144055617	2.1061353437686	3.087188451906814	0.2340025528598954	2.5231752723196577	0.011690739206135652	1.6214245363061501	3.6242491520918887	3.906816384103307	1.643448747458225
5.893014646725747	4.6402503706129155	5.540920152587616	4.992344864750909	5.699167910309911	2.1630863085988135	3.149060182236019	0.328135163320921	2.5231752723196577	0.010101868736994566	1.8215049655810462	3.934185960321865	3.693398649323187	1.8277747062514225
6.076047567190126	4.3372544317328945	5.28806618773754	5.125235811185572	5.79826485141216	2.1800380844778564	3.2331066605576906	0.6272177532994154	2.493294565010405	0.04744280441658575	1.9588413588667482	3.993613326258071	2.5961969431867176	1.406319864693643
5.881408721250064	4.3548978450353415	5.180300349020187	5.056006217265269	5.796776875819042	2.183856073820125	3.4160765089821945	0.6757527667224084	2.4027277604507895	0.04744280441658575	2.15161933227267	4.190035814862251	2.5809175874525105	1.2500151733809053
5.881408721250064	4.294260086139807	5.130494492449943	5.045174314939891	5.796006385284399	2.1368088646292085	3.477484758412464	0.7726058324836935	2.4333952888649413	0.09090712624257868	2.15161933227267	4.442548338929804	2.5809175874525105	1.3005795027051503
6.4343662420903485	3.795731318643754	4.8991283913105335	5.330969169423703	5.759640207251594	2.459505740024496	3.743593838488218	0.9654467136152991	2.4333952888649413	0.12818277975362435	2.5850712392091313	4.598474386944958	2.3787509887217193	0.80038066078893
7.330176087574429	3.0064198341590065	4.990890395084567	5.345705526648862	5.792676798854273	2.595100623110719	4.308505472134435	1.3525869243203223	2.4333952888649413	0.1746766552718712	4.4217438248834355	5.466131480921099	0.8369106808051758	3.211545372152448
7.6146484552470515	2.610621127401309	5.062683068055329	5.162586514593219	5.966888898827209	2.608617192263142	4.468409868623904	1.4900678395748195	2.4333952888649413	0.1746766552718712	4.480482171330853	5.506669530669282	0.008720269538346247	4.381446975750502
8.691806056441436	1.6224730426794973	5.143464742559465	5.1708143565615154	5.892142353493843	2.4941826996591425	4.885645700485013	1.949084246955409	2.3729592618108795	0.1808118689905774	4.814231706484953	3.6408348104074046	1.3825451410808787	5.977588445810888
8.804695303182044	1.503347693759084	5.096151697202636	5.2118912997384	5.791676058176165	2.5470935312100047	5.044501490404446	1.950825879114473	2.403609454713647	0.18834148089043207	4.806634984655815	3.51777571947335	1.657566959125999	5.860146732222276
8.86528668008832	1.3844669984103701	5.046549193332054	5.203204485166555	5.849965376618778	2.5966960350806634	5.044501490404446	1.950825879114473	2.403609454713647	0.18834148089043207	4.746043607749433	4.694249943696655	1.7574459887392424	5.839826709019749
9.021059808051852	1.0285076816606185	4.80861904690648	5.240948442805497	5.676693748828241	2.7617377427596765	5.6073331297095415	2.090041048471322	2.370008759949102	0.2777878782431469	2.787877382712287	6.9501664179197835	4.298195174625443	8.071507430650353
9.504794901049728	0.08916106612556383	4.533107661660652	5.060848305516813	5.4371528120202814	2.894378801984539	6.323725059907692	2.2196545358320448	2.4031845382483787	0.4492484804935273	1.480901414981054	4.490341896953042	1.7504062993008551	4.592447791384843
9.675639863754826	0.20615849897129826	4.3922683502464706	5.077213014537137	5.400486660497066	3.133161457586707	6.53642568683102	2.0454225544899645	2.4031845382483787	0.5770969906549409	0.6777297861994137	5.042664598854916	1.98050538441854	4.546453950933898
10.168443684581488	1.0286600204871008	4.30817114563142	4.83161251846347	6.011794869640191	3.056169072575147	6.172826632825271	2.2181090713581217	2.496770011041548	0.6206179465571272	0.536187010214962	2.519662683847096	1.6636553412390944	2.7616115286952323
10.301922462941612	1.2530384448736087	4.2375498278995885	4.811334190168518	6.120433349072873	3.248388588483721	6.16241450146152	2.1271548819398034	2.5030357054777266	0.627702183402947	0.22178738047018878	2.0688164961585747	1.4196039004662282	3.0377769274039323
10.273726879646293	1.5614065045952237	3.810755902621964	4.901564472429452	6.045313058238104	3.463512372922975	6.392148363395712	2.310629439482787	2.6567901940993472	0.3673737279736729	1.1594204675137987	1.7936089972998204	3.0907335626045964	1.4368406267282807
10.192921536528514	1.5561152538699818	3.628084595808742	5.008721686850009	5.813453159151436	3.4727776210940666	6.584592171326438	2.4476379339444407	2.5996874597298563	0.3662126028616692	1.2829444100907148	1.6485569570161898	3.1152595254577946	1.4408325254648573
9.03081367945816	1.3733168245716232	2.9092514225981465	4.748245432288122	5.955384050571572	3.662548699908561	6.969088931749708	2.4452856330434773	2.565562619298629	0.41062038179807014	2.1263061118157074	0.5297557290797653	4.257319989553586	0.2760197620798872
8.721015338436963	1.2825752663689578	2.561808234159401	4.876631837908477	5.789615693419168	3.893611021702372	7.133551397179617	2.439966141802319	2.504742832826333	0.37174408093786804	2.640944763881696	0.17802721181711934	4.247129572327228	0.5406334231552056
8.34485815567041	1.2181054131724525	2.4016421687022222	4.725110573795638	5.671512806891565	3.867209151070931	7.50957566471306	2.6171678685885817	2.504742832826333	0.24666670098597004	3.1368128569369067	0.6143564707422278	4.23243751281173	1.0678587313931267
8.159794317767014	1.1407909619924834	2.3522585918695205	4.666744763905113	5.72537552966925	3.907044970424723	7.5436713968965385	2.6172889351993565	2.3793628547697585	0.2022067279087659	3.820553899175267	0.8402997152128123	3.9171150218087947	1.1591041520604002
6.965317196384443	0.2121629422583251	2.179647317358126	4.573506936766413	5.2720857578099904	3.76946823681935	7.996961168755791	2.750728765180237	2.259055839663911	0.016319873901258945	3.445761608195785	1.8673868932416824	6.065972566823975	2.445495245142254
6.337827172524244	0.2884135840456884	2.2551869296077642	4.3710538269616315	5.258917583990503	3.62078367308585	8.063897888646602	2.750728765180237	2.1990004940190233	0.05934901106912734	2.8983657925283675	2.1096681936958266	6.219562605481198	2.5992158625303357
6.027896684770607	0.5851085438442049	2.242704004167918	4.370301224448021	5.154366747341847	3.6162873220693053	8.212082242435475	2.7490205081543575	2.136491298766166	0.1039900991987995	2.922795478493798	1.9919912913535502	6.231543881936635	2.7802213864874536
0.5349920656437211	2.4744292235590537	0.05493759173776749	2.954483697459161	5.883978943865056	3.313220645611961	8.127758518749625	2.3262597277969603	2.1052738832171074	0.1486916965369443	4.206235924672762	2.4520599065465496	4.91814789129321	4.089490995907388
2.1579425164711554	1.9426472186172585	1.6116279088856582	2.488961826202036	5.851958062104121	3.7366916339823124	8.523140104145373	1.9475509145466245	2.236253447024379	0.19345387165786165	4.833110940028486	2.068061964058943	4.38965735262109	5.520408959886017
1.2302917646866698	3.079127777388704	1.667174792581985	2.6422447494932366	5.805958304622679	3.8285964173977844	8.415856938335633	1.9004689525052234	2.236253447024379	0.2812495556124188	4.269398266937425	2.271480170332358	4.3816345322616375	4.832656535734637
0.409463796163339	4.324474759962494	1.5793108879756756	2.3357000758229325	5.479593470944061	4.069597373025915	9.055945385794118	1.6711283403710637	2.2702185603484435	0.31498352185456785	4.028433398757719	2.041004781746747	2.4014242488312463	2.7538858988279946
0.7480174003746508	4.568273758844691	1.392216775628537	2.4280395828410106	5.528402622737033	4.255760732157176	9.108623023010225	1.6340896799302824	2.3015014507180416	0.270281924518179	3.984813852991069	1.7589578810696236	2.1752136879563464	2.828557190280353
0.9126658515689526	4.5633513830967445	1.2263163530409626	2.4243691784867254	5.6747123712526415	4.347168482141315	9.013507094652553	1.5902053457498455	2.3615567963629114	0.35584938957844076	3.862580116195208	1.1766450994118958	2.2945939516499223	2.6406614562238895
2.1220669634748406	5.718231883215293	1.378833924059423	2.2173309956807405	5.7698210290496315	4.397717048083349	9.22368262902351	1.6379027891697453	2.3015014507180416	0.4361686743121717	3.63906861547126	1.8420916839243022	0.2700385193274506	2.942645212999451
3.1701174201814166	5.763813721556798	2.05741446549718	0.5362818358773508	6.216609175611987	3.3080273766546764	9.17438505554475	1.5979529275185633	2.4554205043574897	0.5115763623568028	2.624513844461605	0.6661711497997109	0.6400424802195088	2.4579482304184515
2.9996893005449037	5.599564716758961	2.2604489051540395	0.3394265110603318	6.3113250205648965	3.154850264034113	9.079669210591764	1.509633627188797	2.39543063342854	0.46693527422438996	2.682521170787177	0.43084243757713153	0.3252554608412318	2.882399886695118
4.912741961073915	6.451745639251388	2.6266662604314472	1.0876625822537993	6.690512884217376	2.609009473326578	9.47842700390228	1.4660278823348694	2.4551275342182652	0.4570422520696627	1.2333381677302564	0.5515668792968681	0.7101091709765942	2.624168916009454
4.642219648660936	6.280140721436672	2.3772548627339543	0.7393337899581621	6.747020538896472	2.8148151261701546	9.323001954624903	1.509633627188797	2.395203162301919	0.4570422520696627	2.093791565458272	0.35805786571938547	1.7129721018356883	2.1055818733265568
4.83511743376077	6.618985458237446	2.128463688467498	0.34459566398989516	6.549188210324684	3.158890834399308	9.315262218241257	1.4589901813587534	2.3068925845655697	0.5016833402019989	1.749388728010889	1.068696398796363	1.0005399881530985	2.7316172514546464
5.198921805003749	6.725021052224805	1.9670140761568828	0.4409148289355769	6.593478063030624	3.111195127353363	9.418801890647757	1.558196248572227	2.2472752374411815	0.5493645681050258	1.2920407654875734	0.9623008745077449	0.831441485179633	2.7824036184016747
4.372402306649522	6.33976032777618	1.7220017284544036	0.24535629267385364	6.40350879750187	3.749339506164482	9.4189747065544	1.5106689704674583	2.222379269793398	0.6346510596271415	1.7738100467666098	0.1802781475852653	2.319214273744587	0.9749250884377688
2.7072176528408853	6.226395077068875	2.741008527138794	0.7781688970895463	6.353645876440811	4.331481149068375	9.41104462296541	1.463069354844762	2.2224806890848683	0.6346510596271415	0.28814582681435513	0.2035205115222774	2.0675952880441493	0.3106898491706912
3.077666796588029	3.855962766731167	5.204491606305936	1.7291379570131942	6.112149983025666	4.9016476161727045	9.445876385588143	1.6966582616950265	2.3134879258483374	0.6772099182846828	0.31435013583354243	1.142161089538501	0.3976133688445947	3.9140253524240176
4.416562805203196	3.433725303376181	5.692667484815067	2.157620623764383	5.974081248105199	5.041626942198384	9.412508528936947	1.8383923067675285	2.2788437387334994	0.7197126046808335	0.36247278404728495	0.742680662687717	0.06164367304028805	4.6259111715253995
4.8475876715167425	2.6385237803618082	4.930411822228402	2.555699629650043	5.835064474130455	5.7022522341118975	9.739324083086375	1.8821054165177025	2.3973043543362795	0.7197126046808335	0.1752998465432514	0.250886973416651	0.9943319206060519	4.000442473127176
3.8639602732588725	3.1600337037864206	4.445970879648373	2.5780230973968097	5.836842984525972	5.632213730749405	9.739324083086375	1.9762458980222928	2.428839863639524	0.7197126046808335	0.1355090087090644	0.2951635105539353	0.43125264895580645	3.866073256672354
5.371510449861604	3.112031914066865	5.718399915299031	2.7651424486296885	5.5989100923670865	5.834649373021211	10.021113559375316	2.0639088401458285	2.4879625126720204	0.7621591832665713	2.467682426057315	2.7811560841979173	1.698887629814295	3.1284725659026473
5.264743126219992	2.9647532863283	5.651479031742994	2.5780173808055378	5.547375888070591	5.643034579388919	10.055873248274828	2.016864361657399	2.453202823772329	0.8891629178260085	2.567151781257507	2.475575928521172	1.5059247001967564	3.426791646194963
6.2664951442219365	2.8786514894168844	6.335193532543647	2.809953101095055	5.385425538378002	5.669723751202505	10.012577049491345	2.016864361657399	2.5752580931277778	0.8935391854871333	2.640562199009598	0.9507111769410955	1.5637928858857546	2.049341202861888
6.44077858218971	2.7951058637665267	6.426152311614851	2.809732134341606	5.369497786738751	4.446692166189744	9.851217164824346	3.0866706887353472	2.6900382137864476	0.9778055233721115	2.2875560385890803	1.2720385767691487	1.3178271985396108	2.0100376372942566
5.959161550557354	2.9204618976670496	6.214188540374478	2.6654349078498614	5.511602539814633	4.4411297785966335	9.757385357444814	2.996208795532982	2.8086320330684766	1.0198553123391934	2.4662830744076896	0.004084337210265707	1.3172174542828363	2.8204990560698366
6.773610999334853	2.8651233100022186	6.748550046896292	2.8901842624406022	5.511602539814633	5.030499468442736	9.757385357444814	2.586947372144827	2.8680257149927417	0.8910590811690055	3.133496055072193	1.9901526635101925	1.7191009508753576	2.559552966861622
6.23496965850124	2.8157059358553447	6.209908706062641	2.8407668882941426	5.603985442536348	5.3068988202756575	9.655519735414964	2.310548020311977	2.9269258084469527	0.8488980973543869	3.133496055072193	3.660567711322137	1.0858575938585504	2.9474841762540134
6.393381614344136	2.431780762184454	6.1233857711250925	2.70177660540362	5.653315309087295	5.402913960360031	9.655519735414964	2.12487246388817	2.986383975307906	0.8066814192236311	2.679306764462093	4.0232285754271535	0.7717435861892019	2.781501856818159
6.381498804314979	2.4878533471062894	6.212525259754587	2.656826891666589	5.704156005020236	5.404560225187328	9.604679039482114	2.0782764853238294	2.986383975307906	0.7644089822766602	2.9758438698018246	4.049352224913458	0.9482607806703887	2.9469876730095415
6.84742909414242	2.6547269226587584	6.611917660344718	2.890238356456395	5.656229260327161	5.590044945283993	9.604679039482114	2.0782764853238294	2.9269258084469527	0.7644089822766602	3.6396938949395237	4.314045858346849	1.2334572698597808	2.842678168288215
6.642381873760242	2.7227356128458546	6.474833335543624	2.890284151062613	5.707137570513673	5.68766606568919	9.604679039482114	2.0316094697113596	2.9269258084469527	0.7220807220849851	4.002543789242285	4.515245284156002	1.4773901637888194	2.693938630025571
6.771437417929166	2.6717393412646007	6.508175454973043	2.935001304220771	5.851913991503471	5.783379490428652	9.510898890073534	2.0316094697113596	2.9269258084469527	0.7644089822766602	4.2475002395107175	4.149223942303233	1.590973207048428	3.521768304525529
6.814269890299907	2.6717393412646007	6.551007927343871	2.935001304220771	5.851913991503471	5.783379490428652	9.510898890073534	2.0316094697113596	2.9269258084469527	0.7266306007442832	4.371208812045149	4.22226807831794	1.7146817795827731	3.6005375948990985
6.722294231287243	2.7829643461983617	6.570257273264832	2.935001304220771	5.9028938950940315	5.783379490428652	9.459918986483059	2.0316094697113596	2.9269258084469527	0.6843087013430987	4.544483635219224	3.9049732991864152	1.8390414185124144	3.1471602502613987
6.351298148619406	3.1303324823981797	6.546629326796845	2.935001304220771	5.9028938950940315	5.783379490428652	9.459918986483059	2.0316094697113596	2.8675321265229012	0.6843087013430987	4.767882578496176	0.3131177095532443	1.8409264350111618	1.870150141671412
6.253348000922667	3.1852411865108903	6.458987751364661	2.979601436068897	5.9028938950940315	5.784307435378472	9.459918986483059	2.075281656609573	2.8675321265229012	0.6419310053464992	4.699342796918758	0.44824856556358095	1.7149633156851258	0.017359917613764434
5.334157809886116	3.8005019435335297	6.199658449198853	2.935001304220771	5.9028938950940315	5.6492874966363535	9.459918986483059	2.1211208158864303	2.8675321265229012	0.5973503577286094	4.705096977266127	1.3175569891703938	1.8600155298407106	1.8931640784168822
4.8368810483820575	4.0284150277449235	5.979704300804476	2.8855917753224616	6.003359569533619	5.6492874966363535	9.467762934396275	2.1211208158864303	2.8086320330684766	0.5973503577286094	4.560691710711787	1.9361613220282963	1.7465643708311995	1.9853254726504785
5.0063875642926865	3.921704586916702	6.0425003758869344	2.8855917753224616	6.054492046921878	5.5561485252939	9.416630457007985	2.2142597872286074	2.8086320330684766	0.639728053725494	4.4539812698836725	0.2387049250516561	1.7465643708311995	1.1382797274797831
5.2205785370263005	3.86392995873844	6.149507191544062	2.935001304220771	6.056291416937744	5.509685709666984	9.365421558093834	2.2607226028557705	2.8086320330684766	0.639728053725494	4.4666532887858645	1.8687227035028158	1.9326160439329658	2.117399388437499
5.201772618077581	3.914926230319957	6.181724401152012	2.934974447245572	6.150646866748129	5.458662581110273	9.25472629695413	2.2607226028557705	2.8333692547405773	0.6820499531276351	4.346797112807172	1.8284948391827383	1.8739782920646793	1.7682288312754144
5.343358293687822	3.861155756553618	6.269539602996088	2.934974447245572	6.202071216756322	5.458662581110273	9.20330194694601	2.2607226028557705	2.7739755728164766	0.6820499531276351	4.293026639040841	2.3483477678156874	1.8127598679542727	2.3571199965649554
5.406806066705585	3.7977079835359517	6.269539602996088	2.934974447245572	6.202071216756322	5.458662581110273	9.20330194694601	2.2607226028557705	2.7739755728164766	0.639728053725494	4.049482456326276	2.3109487135326705	1.7549588878273912	2.278857416714666
5.372900247924501	3.74529199118643	6.316034309586822	2.8021579295240966	6.200577826042744	5.324352672675465	9.14444137563715	2.2607226028557705	2.8328361441251473	0.639728053725494	3.5164731759634607	1.7123169784777827	1.5791350156183894	0.8802707010674272
5.372900247924501	3.74529199118643	6.316034309586822	2.8021579295240966	6.200577826042744	5.324352672675465	9.14444137563715	2.2607226028557705	2.8328361441251473	0.639728053725494	3.2818591211073844	0.4294761342981716	1.591023141942755	1.3280412869642009
5.426929083043477	3.742081197398305	6.411948726070824	2.757061554371057	6.149759784711961	5.228438256191508	9.14444137563715	2.2607226028557705	2.892229826049468	0.639728053725494	3.1082838299116258	0.0842105717423472	1.5312826250113787	0.4237648307876084
5.446243971683293	3.678714204861244	6.412916362045964	2.7120418144986504	6.149759784711961	5.323020303288672	9.14444137563715	2.1211208158864303	2.892229826049468	0.639728053725494	2.928620082012161	0.42899750013868354	1.5341835611219554	1.367145652355766
5.50041147020193	3.624546706342792	6.458016247734552	2.6669419288101563	6.149759784711961	5.324596776654211	9.14444137563715	2.074444456832253	2.892229826049468	0.639728053725494	2.87445258349379	0.08299595590815062	1.5341835611219554	0.7462216249399817
5.50041147020193	3.624546706342792	6.458016247734552	2.6669419288101563	6.149759784711961	5.371344520078483	9.14444137563715	2.0276967134079764	2.892229826049468	0.639728053725494	2.87445258349379	0.009016263574229992	1.593576011741816	0.4822032289927926
4.6961420163574905	3.9600470945658364	6.454931485729526	2.201257625193681	6.297487498694869	5.147097976332253	9.14444137563715	1.9339866675200907	2.892229826049468	0.6775000744678924	2.3278034412209787	2.383984860635725	0.6820726208009441	1.0412950451942948
4.419345900991531	4.013149215666943	6.327982619336519	2.1045124973221983	6.297487498694869	5.097315353708647	9.14444137563715	1.8870241622722101	2.892229826049468	0.63511592667624	2.6104763285141255	2.030894127710655	0.911643386993347	1.3574245326388965
3.605363150758911	4.450790372527265	6.187446990224286	1.868706533061759	6.395537226604111	4.9595591173576805	9.20330194694601	1.8870241622722101	2.742811864007097	0.63511592667624	2.4241341532514338	2.924004110167605	0.307438435175307	0.6438739137744782
3.3358388054718673	4.657803939551797	6.221969148034929	1.7716735969889965	6.395537226604111	4.8625261812845615	9.20330194694601	1.8870241622722101	2.711583465150912	0.63511592667624	2.297739099896262	3.285273238599491	0.025970185203882813	1.4231202952350535
3.376052056200566	4.666572117414503	6.1710186205175015	1.8716055530972504	6.346555798012747	4.913476708802031	9.20330194694601	1.8870241622722101	2.711583465150912	0.63511592667624	2.311765564432231	2.4312361581096833	0.08955857815940635	1.0007319520099136
3.528926787790981	4.715640416732364	6.323893352107916	1.920673852415126	6.297487498694869	4.866514203554002	9.20330194694601	1.9727781637913944	2.6521652562769393	0.7162915707392876	2.5847054155078077	1.912816025834741	0.24964075221823262	1.1504962470192819
