0	1	2	3	4	5	6	7	8	9	10	11	12	13
10.425961380826541	2.36613379609246	7.083890535470905	5.708204641447973	5.347081600299346	2.035963810365481	4.089679061974425	2.114586280893108	2.401426709984722	0.11199164563494234	1.6402713613786173	4.79149004972222	0.3947637412283732	3.73300891246367
10.425961380826541	2.36613379609246	7.083890535470905	5.708204641447973	5.347081600299346	2.035963810365481	4.175185892634966	2.114586280893108	2.3159198793245332	0.25004624475865556	1.6402713613786173	4.680317053365541	0.3947637412283732	3.893957829592804
10.376285022778427	2.3547052012510283	7.0342141774227755	5.696776046606589	5.419204854125411	2.035963810365481	4.1742922083997565	2.114586280893108	2.2561189045752603	0.25004624475865556	1.6402713613786173	4.574903655963999	0.3947637412283732	3.9993790377976435
10.376285022778427	2.3547052012510283	7.084871163114099	5.646119060915212	5.439579514245802	1.9853068246741674	4.180004611092635	2.114586280893108	2.199147807416848	0.2940414535548603	1.5870600772055157	4.630640695317426	0.39832511894299955	3.9436419984440483
10.376285022778427	2.403660430629644	7.0337622823245045	5.746183171083396	5.451526518241647	2.036415705463795	4.145274967916657	2.114586280893108	2.233087482482543	0.2940414535548603	1.5232188452245985	4.630640695317426	0.3344838869638097	3.993234594316114
10.376285022778427	2.403660430629644	7.0337622823245045	5.746183171083396	5.451526518241647	2.036415705463795	4.145274967916657	2.114586280893108	2.233087482482543	0.33809403741539035	1.459496263424154	4.630640695317426	0.27076130516316654	4.046124203925564
10.368104161273232	2.411841292134875	7.0337622823245045	5.746183171083396	5.451526518241647	2.036415705463795	4.111391603396668	2.114586280893108	2.2068585817383655	0.33809403741539035	1.4040730200468008	4.630640695317426	0.20715720028104376	4.099105354805312
10.368104161273232	2.411841292134875	7.0337622823245045	5.746183171083396	5.451526518241647	2.036415705463795	4.171533495821331	2.114586280893108	2.115767817539042	0.33809403741539035	1.4040730200468008	4.630640695317426	0.2638348951721418	4.148594267108063
10.368104161273232	2.362886062756324	7.0337622823245045	5.697227941704742	5.500481747620295	2.036415705463795	4.1376220438013585	2.114586280893108	2.149679269558991	0.33809403741539035	1.3405872182945455	4.630640695317426	0.20034909341949986	4.148594267108063
10.31831817723316	2.362886062756324	6.983976298284463	5.697227941704742	5.500481747620295	2.036415705463795	4.1376220438013585	2.114586280893108	2.149679269558991	0.33809403741539035	1.3405872182945455	4.580854711277339	0.20034909341949986	4.148594267108063
10.31831817723316	2.302524084805236	6.983976298284463	5.636865963753883	5.560843725571219	2.036415705463795	4.1376220438013585	2.1600583676151324	2.149679269558991	0.2926219506921966	1.3405872182945455	4.580854711277339	0.1524194034253305	4.148594267108063
10.31831817723316	2.302524084805236	6.932957632576254	5.687884629462092	5.560843725571219	2.0874343711719843	4.1376220438013585	2.1600583676151324	2.149679269558991	0.329919680306336	1.3405872182945455	4.580854711277339	0.1524194034253305	4.148594267108063
10.31831817723316	2.302524084805236	6.932957632576254	5.687884629462092	5.560843725571219	2.0874343711719843	4.1376220438013585	2.1600583676151324	2.2098379584509895	0.329919680306336	1.3405872182945455	4.525117671924019	0.20898650337349597	4.204331306461642
10.31831817723316	2.3515010361775732	6.983526004200252	5.686293209210377	5.552236195815553	2.036865999548451	4.09725262218491	2.1600583676151324	2.2098379584509895	0.329919680306336	1.2772195453695787	4.525117671924019	0.1456188304465707	4.204331306461642
10.31831817723316	2.3515010361775732	6.983526004200252	5.686293209210377	5.552236195815553	2.036865999548451	4.157508952691584	2.114586280893108	2.149581627943998	0.3753917670290543	1.2772195453695787	4.525117671924019	0.1456188304465707	4.204331306461642
10.31831817723316	2.3515010361775732	6.983526004200252	5.686293209210377	5.552236195815553	2.036865999548451	4.157508952691584	2.114586280893108	2.149581627943998	0.3753917670290543	1.2139698264603263	4.525117671924019	0.13884171255502822	4.2537287109111155
10.31831817723316	2.3515010361775732	6.983526004200252	5.686293209210377	5.6534351174829895	2.036865999548451	4.05631003102403	2.114586280893108	2.149581627943998	0.3753917670290543	1.2139698264603263	4.525117671924019	0.13884171255502822	4.2537287109111155
10.31831817723316	2.3515010361775732	6.983526004200252	5.686293209210377	5.6534351174829895	2.036865999548451	4.05631003102403	2.114586280893108	2.149581627943998	0.3753917670290543	1.2139698264603263	4.525117671924019	0.13884171255502822	4.2537287109111155
10.31831817723316	2.2912637424960582	6.983526004200252	5.626055915528798	5.713672411164517	2.036865999548451	4.05631003102403	2.075614715205278	2.2098053131728634	0.37706560310327314	1.2139698264603263	4.525117671924019	0.13884171255502822	4.2537287109111155
10.31831817723316	2.2912637424960582	6.983526004200252	5.626055915528798	5.713672411164517	2.036865999548451	4.116637715045737	2.1210963966612755	2.1494776291510798	0.3315839216459599	1.2139698264603263	4.525117671924019	0.13884171255502822	4.2537287109111155
10.31831817723316	2.2912637424960582	6.983526004200252	5.626055915528798	5.713672411164517	2.036865999548451	4.116637715045737	2.1210963966612755	2.1494776291510798	0.3315839216459599	1.2139698264603263	4.580854711277339	0.13884171255502822	4.197991671557736
10.31831817723316	2.2912637424960582	6.983526004200252	5.626055915528798	5.713672411164517	2.036865999548451	4.116637715045737	2.1210963966612755	2.1494776291510798	0.3315839216459599	1.2139698264603263	4.580854711277339	0.13884171255502822	4.197991671557736
10.31831817723316	2.2912637424960582	6.932598032624541	5.676983887104573	5.774673198531124	2.043824589581099	4.055636927679131	2.1650657782042435	2.1494776291510798	0.3315839216459599	1.2139698264603263	4.580854711277339	0.1868027004535261	4.046124203925564
10.31831817723316	2.2912637424960582	6.932598032624541	5.676983887104573	5.774673198531124	2.043824589581099	4.055636927679131	2.1650657782042435	2.1494776291510798	0.3315839216459599	1.2139698264603263	4.580854711277339	0.1868027004535261	4.046124203925564
10.31831817723316	2.2912637424960582	6.983526004200252	5.626055915528798	5.835759575888759	1.9928966180053882	3.9945505503216374	2.119584096748324	2.1494776291510798	0.37706560310327314	1.2139698264603263	4.525117671924019	0.1868027004535261	4.1018612432789805
10.31831817723316	2.2912637424960582	6.983526004200252	5.626055915528798	5.89693158433481	2.036865999548451	3.933378541875612	2.075614715205278	2.1494776291510798	0.37706560310327314	1.2139698264603263	4.525117671924019	0.1868027004535261	4.1018612432789805
10.31831817723316	2.2912637424960582	6.932598032624541	5.676983887104573	5.89693158433481	2.087793971123933	3.933378541875612	2.075614715205278	2.1494776291510798	0.37706560310327314	1.2139698264603263	4.525117671924019	0.1868027004535261	4.1018612432789805
10.31831817723316	2.2912637424960582	6.932598032624541	5.676983887104573	5.89693158433481	2.087793971123933	3.933378541875612	2.075614715205278	2.1494776291510798	0.3397104382814128	1.2139698264603263	4.525117671924019	0.1868027004535261	4.1018612432789805
10.368104161273232	2.2912637424960582	6.982384016664554	5.676983887104573	5.958189264301282	2.087793971123933	3.8721208619092122	2.075614715205278	2.0892539439226514	0.3397104382814128	1.2139698264603263	4.574903655963999	0.1303145569226058	4.1018612432789805
10.368104161273232	2.2912637424960582	7.033311988240272	5.626055915528798	5.958189264301282	2.036865999548451	3.8382248224054383	2.075614715205278	2.1231499834260705	0.3397104382814128	1.1605152585921596	4.574903655963999	0.07685998905419077	4.05227455518057
10.368104161273232	2.2912637424960582	7.033311988240272	5.626055915528798	5.958189264301282	2.036865999548451	3.8382248224054383	2.075614715205278	2.1231499834260705	0.3397104382814128	1.1605152585921596	4.574903655963999	0.07685998905419077	4.05227455518057
10.368104161273232	2.2912637424960582	7.033311988240272	5.626055915528798	6.0195326555501305	2.0844964485884674	3.776881431156444	2.027984266165355	2.1231499834260705	0.3397104382814128	1.1605152585921596	4.570759756364873	0.02027713374858265	4.10940569313931
10.368104161273232	2.2912637424960582	7.033311988240272	5.626055915528798	6.0195326555501305	2.0844964485884674	3.776881431156444	2.027984266165355	2.1231499834260705	0.3397104382814128	1.1605152585921596	4.622554438502236	0.02027713374858265	4.0576110110018835
10.368104161273232	2.3515010361775732	7.033311988240272	5.686293209210377	5.959295361868585	2.0844964485884674	3.776881431156444	2.027984266165355	2.1231499834260705	0.25822617985887153	1.2139698264603263	4.674450291576504	0.0397186551942778	4.009127915927029
10.305008319683024	2.4003750251958205	7.02069462251653	5.684688722362278	5.910421372850187	2.0340179727218213	3.7429138430395725	2.027984266165355	2.096958882651197	0.25822617985887153	1.2139698264603263	4.611354449986328	0.09658641120458611	4.062305341689979
10.243940153933845	2.461443190944742	7.071711534354243	5.633671810524534	5.910421372850187	2.0268914903550765	3.776881431156444	1.9386740338349493	2.0629912945343674	0.3036459827185228	1.411747491752016	4.715450514371695	0.3704192013276724	4.386965619576763
10.182724350659141	2.5829773981599793	7.071711534354243	5.693990214464701	5.850102968910047	2.0268914903550765	3.776881431156444	1.9386740338349493	2.0319773990543846	0.3036459827185228	1.5365882921831073	4.819953800350502	0.3645417306470802	4.340903099355914
10.119738002633907	2.5829773981599793	7.00872518632907	5.693990214464701	5.850102968910047	2.0268914903550765	3.776881431156444	1.9386740338349493	2.0319773990543846	0.3477175401695735	1.600332069130439	4.861879654745795	0.6493154600908777	4.344504247960532
10.119738002633907	2.5829773981599793	7.00872518632907	5.693990214464701	5.911532110528382	1.9792670058705726	3.715452289538127	1.9862985183197353	2.0319773990543846	0.3477175401695735	1.6107455646522189	4.914489629899605	0.7558516509004811	4.395947800790103
10.058374166061608	2.644341234732366	7.059831988843575	5.642883411950203	5.951469537502216	1.9719837400465619	3.6151436912874892	1.9424749816291258	2.0322086410562163	0.3477175401695735	1.864478880595828	5.125960313321694	0.9166764132812466	4.402979126198197
9.996861899861663	2.8267989507024733	7.265161230248331	5.5584996203157315	5.729157519139507	1.8142729169561862	3.7165102598794904	1.8948565633142809	1.972133948698194	0.3477175401695735	2.1841640073289286	5.285651604729518	1.242272382679825	4.253812496300646
9.93398491247604	2.948156777176306	7.25384284195134	5.6282988477010925	5.485198621450241	1.8541439089059701	3.8730508578538583	1.8488467751355027	1.9381944219392644	0.3022977373086946	2.2490084142166977	5.276213475127804	1.2976767766212292	4.2554458479162385
9.822460008688035	3.0706517428784847	7.306003716658161	5.587108034908373	5.504380482898424	1.8913599718804155	3.759095596653625	1.7485775920625002	1.972133948698194	0.2566767717070049	2.649039411900019	5.439038841863128	1.5807940059692671	4.54273016286959
9.822460008688035	3.0706517428784847	7.306003716658161	5.587108034908373	5.544260429489621	1.9392568231988123	3.719215650062178	1.7006807407442777	1.972133948698194	0.2566767717070049	2.780600958453764	5.491084379262988	1.5106326304714206	4.609434522166826
9.709668316768937	3.0706517428784847	7.244950002374895	5.5353700572724565	5.565563156320083	1.9745912064650186	3.731852449990736	1.613608379842094	1.9982691142970848	0.21267214649000152	2.9919928769347655	5.815485268363828	1.981323700529733	4.62570799119476
9.659560097373852	3.0706517428784847	7.194841782979846	5.5353700572724565	5.6268310704682545	2.0180182689133006	3.670584535842541	1.5247709982174795	2.0584090435725004	0.2580824656654976	3.0584766942913593	5.9319724938227845	2.0401772317846714	4.516238925157318
9.559013541216052	3.1315890912475997	7.198044249554417	5.492558382909256	5.526003853825775	1.9576237397769094	3.6502180736090946	1.481416504621203	2.058525444803637	0.2580824656654976	3.098656056227616	6.616992806910197	2.319032980161542	5.022931007928675
9.383957177805186	3.254440357657702	7.136809558023533	5.501587977439423	5.424987521535052	1.8622578909433465	3.69019345613174	1.5247709982174795	1.9984507524460775	0.21413525554450916	3.1202870109334375	6.617870908829269	2.410246002012613	5.207631253109355
9.333383214509267	3.3030286180938067	7.1383383858827205	5.4980734467203805	5.376399261099067	1.8101550997884124	3.69019345613174	1.5247709982174795	1.9984507524460775	0.21413525554450916	3.187535547556787	6.624527380092591	2.3429974653894776	5.090430334354342
9.282698307380159	3.4381860678717664	7.1398478607547045	5.581036514497361	5.201180678315678	1.8013152113830386	3.6700696186806967	1.481416504621203	2.058635722902455	0.21413525554450916	3.4720394434474104	6.803891676583885	3.051697108613306	5.893986750482636
9.282698307380159	3.5612035021112436	7.192133988467418	5.65176782102399	5.078163244076217	1.7490290836702524	3.6700696186806967	1.481416504621203	2.027464223338634	0.21413525554450916	3.540078403636271	6.8616869284377575	3.201533459784889	6.021729056574269
9.056924620095097	3.7469385751143185	7.1952783103311075	5.608584884878436	5.077965127291337	1.6921220983397458	3.5484889554057566	1.4334753782629175	2.087577827854653	0.17024539983554063	4.036854710684881	7.285279018927566	3.3333772597883473	6.484481541759089
9.00590516397548	3.7469385751143185	7.194513848259717	5.558329890830098	5.117988343156605	1.6898807645214227	3.4484235062114674	1.3854617180330826	2.1476200611837752	0.17024539983554063	4.1215443215126	7.295988177271155	3.3843879567601873	6.695710928180321
8.7206756129759	3.878436060778338	7.145990276700594	5.453121397053746	5.117988343156605	1.5846722707454055	3.4484235062114674	1.3854617180330826	2.1476200611837752	0.17024539983554063	4.547806751200212	7.864433573480363	4.4040702864848145	7.642529290585254
8.657791459198332	3.878436060778338	7.185998351803476	5.35022916817329	5.15792577013047	1.5682417234182446	3.4084860792378273	1.2990000364791194	2.1476200611837752	0.17024539983554063	4.688163824047958	7.866712643769307	4.500644359075506	7.664926303587991
8.61697004843759	4.063866312701436	7.291710948228771	5.389125412910217	5.033258229552888	1.4556454800789782	3.2254761566759163	1.2027859189502275	2.1475355730726218	0.12641283773567097	4.679475819376998	9.710478255419808	5.279508570476915	7.237142875818848
8.565251238325411	4.174364220488784	7.343038320164461	5.396577138649639	4.922760321765751	1.4491036414561234	3.2254761566759163	1.1062815755251523	2.1475355730726218	0.12641283773567097	4.732932875922093	9.521158104619504	5.08199368457427	6.900723873392539
8.104007215792084	4.312356376180732	7.072976036269326	5.343387555703463	5.024144749712078	1.4927093929608248	3.158174291145512	1.0094862410742598	2.1134530106567944	0.12641283773567097	4.907347142641564	9.735777675699406	5.619126488417879	8.001712086525213
7.930267511092842	4.381127975962095	7.021290226396062	5.290105260658874	5.024144749712078	1.4825000578579148	3.158174291145512	0.9664132811322251	2.144670426206034	0.12641283773567097	4.976118742422902	9.640448965220498	5.602197420914907	7.945078308019736
7.693878581366934	4.636725160794087	7.022703263000105	5.307900479160844	4.8995062040878095	1.4241550733122295	3.158174291145512	0.9179149385556482	2.144670426206034	0.12641283773567097	5.017198214057866	9.318698124541456	4.829362713899318	9.248265965394166
7.456997003979988	4.830188686214996	6.970369778416647	5.316815911778217	4.837029439328639	1.4191649807210998	3.158174291145512	0.8693436990052791	2.144670426206034	0.12641283773567097	5.128053370851864	9.155976862002884	5.373662158475992	9.533982489145844
6.772892454005717	5.238066885368526	6.801546178243662	5.209413161130585	4.837029439328639	1.4579142749867	3.158174291145512	0.7231916540929119	2.204679855865731	0.12641283773567097	3.63391316779064	9.82863621790004	3.176478321584644	10.060755273125109
6.638117700284294	5.372841639089938	6.801546178243662	5.209413161130585	4.837029439328639	1.4579142749867	3.158174291145512	0.7231916540929119	2.204679855865731	0.12641283773567097	3.312036850869594	9.84002691965126	2.967456497376916	10.118155885706544
5.690934480615013	5.755331867857939	6.395994908160875	5.050271440312012	4.749170729576115	1.2995140910469007	3.197910766604252	0.7132472335595269	2.204679855865731	0.08749348709001144	2.0855043681239773	9.929267249077604	0.3702700573218302	9.630025926336716
3.075512839208351	7.247121175357114	5.380484010511709	4.942150004053773	4.709348592816057	1.2893403953488438	3.1778757036127687	0.6152994929994985	2.324611747975219	0.08749348709001144	2.5204127750499117	9.283578483294042	2.5669927276928535	7.356840592226225
2.5891884840015904	7.561863908562567	5.258489234044943	4.892563158518988	4.709348592816057	1.3379955126129641	3.1778757036127687	0.5170575302004342	2.324611747975219	0.08749348709001144	2.4115743912764764	9.341362013762692	2.8162392989433327	6.943909293262048
2.2765096719911044	7.859527328937948	5.35341232056024	4.782624680369025	4.6613312330645496	1.2785766071781957	3.211929359980883	0.4185205977329849	2.230483399249326	0.08749348709001144	2.905732815035112	8.677736502519933	3.1915230310217333	7.6051621113786965
2.396730266027468	7.796638564986777	5.465115989579146	4.728252841434931	4.599644612628904	1.2735840809970531	3.2736159804164697	0.36914128497953164	2.230483399249326	0.08749348709001144	3.0892817295921815	8.336198286209687	3.373259682626663	7.952718120067399
2.8176220691660228	7.609514251806688	5.745382995863099	4.68175332510975	4.537118674956245	1.3628170200839813	3.2138720404378343	0.17088289189527286	2.290227339227978	0.08749348709001144	3.3519981621731785	7.898040938994146	3.828496167652983	7.66620694716808
3.1198378923467494	7.48346483145558	5.968320866885118	4.6349818569171	4.474488024239381	1.303165247302617	3.247896783679086	0.12113254576701905	2.316277288344178	0.08749348709001144	3.296922604291422	7.8115566569001995	4.238314500625543	7.586979713933688
3.246315987249612	7.356986736552682	6.07248868130945	4.530814042492863	4.474488024239381	1.248822262491135	3.247896783679086	0.07130771614889267	2.316277288344178	0.13132604919563565	3.425406565084637	7.87081959160433	4.267034030279773	7.52771677922946
3.4370762426033443	7.166226481199051	6.023163536259036	4.580139187543465	4.536174644674869	1.4480697150824184	3.1862101632437905	0.07861459138549443	2.316277288344178	0.08749348709001144	3.5166817632284797	8.415468043811291	3.7619810992597547	6.260423022372849
3.3813908351652913	7.102360357927075	5.903612005549036	4.580139187543465	4.536174644674869	1.3980208845175872	3.1862101632437905	0.016835005825598156	2.316277288344178	0.08592528253794703	3.5916520449369806	8.51247035299094	3.6746016116996625	6.043869182483045
3.2899232987142417	6.971099173221386	5.673085075325038	4.587937396610414	4.535211688013765	1.3931324471720217	3.1244376429273717	0.033213824732423236	2.316277288344178	0.17376234837133278	4.8104516934225	10.055974216376493	2.3808139962663164	0.23469793198352296
2.8675436697141485	7.114910099474317	5.393039088129321	4.589414681059371	4.583144079381284	1.4926658034364142	3.1244376429273717	0.08333750518016513	2.3764172176198852	0.2177669735871302	4.718909480294798	10.311343236175096	2.6640995270146712	1.1387290820289955
4.104342759426923	6.061967587609472	5.582443448806446	4.583866898230205	4.645002535223987	1.53731664208252	3.062579187084747	0.1335361266515033	2.3764172176198852	0.2177669735871302	5.846019206991685	8.822124968284385	0.3409611786651424	0.7464243721663667
4.692213513767168	5.610252375828357	5.717046818426673	4.585419071168553	4.693040143986563	1.644727602382182	3.062579187084747	0.19135730525236128	2.345338111528495	0.2177669735871302	5.762734476090881	8.262508712663843	0.24359804557781603	1.1862787930769754
4.559394777748378	5.800620087585573	5.724910524539935	4.6351043407937995	4.693040143986563	1.701985001414365	3.062579187084747	0.19892943465710747	2.345338111528495	0.2177669735871302	4.594529604293049	6.939916570921223	0.1901319881750142	1.725525671514494
4.3604100248284485	5.999604840505324	5.724910524539935	4.6351043407937995	4.754984570298973	1.701985001414365	3.0006347607722215	0.19892943465710747	2.345338111528495	0.17376234837133278	4.2084092440536836	6.65020401204095	0.8243733937746366	2.093886788797444
4.481606115798722	5.935830582690331	5.837500256111182	4.579936442378004	4.754984570298973	1.6468171029985825	3.0006347607722215	0.19892943465710747	2.345338111528495	0.12981513824956029	3.9302468328298774	6.409378107471211	1.4751979790387633	1.0943897894493326
4.414226006417477	6.003210692071633	5.942428993292726	4.475007705196456	4.754984570298973	1.5418883658169444	3.0006347607722215	0.19892943465710747	2.345338111528495	0.0420927204382255	3.946069156002138	6.285484317453173	0.6928086693894916	1.0867490671529383
4.410842904769551	5.943308048045813	5.879143247619133	4.475007705196456	4.794689268595236	1.5847526490098511	2.9609300624758226	0.24179371784987405	2.345338111528495	0.0016826091656357844	2.606112324126284	5.1276185858867	4.101559484284338	0.0036743371682015375
4.470333588028916	5.931854973549157	5.879143247619133	4.5230453139590985	4.786270593832677	1.5343162364099543	2.9213111284759576	0.19135730525236128	2.345338111528495	0.045400766667528784	2.43813111567076	4.86913909962208	4.81579217608767	0.10151906197541223
4.761863602120863	5.8687986449882334	6.101943036340232	4.528719210768754	4.848221739137476	1.5324426080790465	2.859359983171052	0.1838097801107651	2.345338111528495	0.08906181379067199	2.1705138442203	4.183614628639167	3.2356305058189005	0.05932030359670623
4.875346851147051	5.806034568203264	6.215426285366436	4.465955133983856	4.8714065412382785	1.6332153738170252	2.8989392578552744	0.2845825458487429	2.345338111528495	0.08906181379067199	2.547588173488665	3.9615253846068597	2.41017513713279	0.21025152961011762
4.9948102414552356	5.680466490059904	6.271980570686486	4.403296160828615	4.934065514393444	1.6837146670485632	2.864914514613904	0.33508183907892636	2.3793628547697585	0.08906181379067199	2.0236304314256808	4.409182073407615	2.1489549582487895	0.31883188531839035
4.9948102414552356	5.680466490059904	6.271980570686486	4.403296160828615	4.934065514393444	1.6837146670485632	2.864914514613904	0.33508183907892636	2.3793628547697585	0.08906181379067199	2.153228352167536	4.605357425280523	2.0647312168121936	0.3027881864555342
4.9948102414552356	5.680466490059904	6.271980570686486	4.403296160828615	4.8944004424951535	1.6837146670485632	2.870483854328437	0.29623369759745927	2.4134585869531007	0.12790995526919516	1.8309977544782734	5.05332453555929	1.6792152973158725	0.8275613176757854
4.9948102414552356	5.617912506249007	6.271980570686486	4.340742177017789	4.956954426306192	1.6837146670485632	2.870483854328437	0.29623369759745927	2.4134585869531007	0.12790995526919516	1.6768578155561678	5.178138084670314	1.4572750421188057	1.5166720666869022
4.931741712508967	5.617912506249007	6.208912041740239	4.340742177017789	4.9172033160566135	1.6837146670485632	2.910234964578128	0.29623369759745927	2.4737102046693784	0.12790995526919516	1.6044009085932234	5.29630186211874	1.3848181351556597	1.5578430400438554
4.921302721901703	5.684795109139673	6.265355654023538	4.340742177017789	4.9172033160566135	1.6837146670485632	2.876068045278311	0.29623369759745927	2.507877123969121	0.12790995526919516	2.7268486007032346	5.481013813101862	1.0157489184125164	1.8249971105813823
4.844296530162033	5.755671828592755	6.266527603646355	4.33344075510843	5.019403535676718	1.7388623545104605	2.836316935028912	0.29623369759745927	2.507877123969121	0.12790995526919516	2.702710422246929	5.537333450186049	0.346641742897236	1.9647283003558398
4.704799972520552	5.889019997206338	6.322723565064292	4.271096404662544	5.081747886122628	1.7388623545104605	2.836316935028912	0.29623369759745927	2.507877123969121	0.12790995526919516	2.762514111440467	5.654998149630763	0.362776006603055	2.16525810609759
4.694712524841576	5.955180029807123	6.378796149986129	4.271096404662544	5.081747886122628	1.7815632140625133	2.836316935028912	0.33893455715027127	2.507877123969121	0.16539550751095747	1.7184051458578247	5.6444372677593675	1.0606803451917342	2.9235021108528496
4.628697895824892	5.958954951181718	6.378796149986129	4.208856697020452	5.143987593764736	1.832125084623775	2.836316935028912	0.38949642771169996	2.507877123969121	0.16539550751095747	1.5491053068929463	5.582956981373527	1.3705319445675364	2.929809967123281
4.8064887600396125	5.892940322165018	6.380562725795354	4.318866356409128	5.143987593764736	1.99277194601814	2.836316935028912	0.44013362971690045	2.447625506252921	0.16539550751095747	0.9506344885436732	5.166698754531717	3.4353843419386956	2.874472925987883
4.983935102641199	5.826780289564211	6.491849035796141	4.318866356409128	5.183652665663137	1.99277194601814	2.79665186313066	0.44013362971690045	2.447625506252921	0.16539550751095747	0.9177099860800911	4.887879765721165	4.278202816931352	3.078377174779575
5.16103960740453	5.698339367908037	6.4383454168486836	4.4210335584637575	5.245787847220293	2.1570743296296757	2.79665186313066	0.44013362971690045	2.447625506252921	0.16539550751095747	0.9948537660152075	4.362609051492588	4.490769644633562	2.245742565894724
5.097950644850165	5.761428330462415	6.2748940561273585	4.584484919185246	5.1837970425994415	2.269888488345881	2.8928095870511625	0.38949642771169996	2.4134585869531007	0.16539550751095747	1.1299154222376504	4.110651670486202	4.632015459456118	1.9279452624013396
5.142279186002317	5.688867747312681	6.263529484506113	4.567617448808802	5.3387267468159525	2.371411090185318	2.813657243528912	0.432109139232607	2.4134585869531007	0.16539550751095747	1.4158146572944468	3.5299471071986916	4.914697916968132	1.7012246365595771
5.142279186002317	5.565379197632724	6.209430094323396	4.498228289311518	5.462215296495906	2.374961515761486	2.813657243528912	0.3815601746271052	2.4134585869531007	0.16539550751095747	1.422683891423241	3.6561444071606157	4.856990892954158	2.2858897635967663
4.9667401839073	5.837090542701918	6.159578746574996	4.644251980034145	5.523463010238117	2.3924388380808375	2.875483411953879	0.1299399240561649	2.4134585869531007	0.16539550751095747	1.9488063030299836	4.19547864212188	4.8675777911569575	2.412354644274724
4.823951379891521	5.959961235393481	6.210098013668258	4.573814601616621	5.536152702133533	2.3389443794707807	2.937224327550676	0.07245223637056147	2.4134585869531007	0.16539550751095747	2.2115266703605307	4.443761825463528	4.9329968583038015	2.476254273548091
5.603756986124722	5.835945822184181	6.3997749425387465	5.039927865770388	5.474077067509613	2.5676861236132793	3.06045053345369	0.22606985491873016	2.4134585869531007	0.12172570177601806	2.44067033334861	3.722816258297002	3.8188094025167665	0.8857326139592852
5.890176519779251	5.6473261765417915	6.453471239063907	5.084031457256889	5.574729473201541	2.616575277737352	3.0208458939793137	0.28233205849843346	2.4134585869531007	0.08424890813693206	2.5989749033420617	3.948349653615355	3.5499393506888666	1.0080190712785386
6.145742524579005	5.165104079863019	6.218077600268729	5.092769004173277	5.742741442272278	2.7805026866765856	3.273052226451825	0.479240022594012	2.285151891858119	0.08424890813693206	3.363111979827914	4.563151443111176	2.2737311038564925	1.2959405645700814
6.3393313408313166	4.9135990388438255	6.12715735570512	5.125773023970142	5.680229380110532	2.6898260044794124	3.4563748020465006	0.7237312380215268	2.285151891858119	0.08424890813693206	3.605941084476661	6.069501160015912	2.161201096329657	2.4121735990877347
7.387757162946368	3.6558574115533395	5.863386217957342	5.180228356542232	5.483313157400752	2.765526995774496	4.06195079730016	1.1111453518417287	2.285151891858119	0.04682922508345857	4.778636429875214	5.376969775086519	1.4466122576344316	1.8550685382353869
7.6057605429632575	3.3557800390435353	5.765814296583125	5.195726285423686	5.641433298267268	2.7842399039184738	4.141874634775131	1.3459743509208508	2.285151891858119	0.0031199857477443387	4.67575960874889	5.116821605184765	0.7239048237316823	2.4660079041716876
8.311327379117888	2.4462189450609317	5.570768407574546	5.1867779166042824	5.626337639073371	2.718951895849776	4.618651203969333	1.818603754479872	2.285151891858119	0.0014380795117031747	5.130319433949054	5.034809686663747	0.19793723206005295	4.59430489018264
8.474891416769033	2.267899422877841	5.573065654857597	5.169725184789209	5.56597158098181	2.6347163925927033	4.796061917668261	1.9575015135956666	2.316277288344178	0.04389158854065695	5.123308308097473	5.483387364440373	0.12131305070452406	4.873727545797375
8.977714122955492	1.4515561903390688	5.442994802077969	4.986275511216719	5.6757839105805346	2.657174689916563	5.26548999900769	2.2791834697263322	2.316277288344178	0.18301762375747774	4.1635414408815885	6.445116229431649	4.883758783838977	8.851771284906158
9.081997830775752	1.3977837297922415	5.494536728177713	4.985244832390475	5.518402352657721	2.7058683349013104	5.422871556930515	2.229459145915353	2.316277288344178	0.14561587649100313	3.8118819132602346	6.843893265630811	4.841959721224251	9.550234446531528
9.192564914716266	1.051707633424928	5.151922000284069	5.092350547857136	5.16901687100452	2.968899953605203	6.058167207538432	2.314307017552915	2.256202595986497	0.23458483267144709	2.1308946400415887	5.235682004498945	2.6843575583132595	5.59947922629735
9.353063739937076	0.8140368028037446	5.058966653982927	5.108133888758	5.061193536797376	3.1158174582559504	6.284004638259369	2.2257751443728484	2.3158336722587753	0.36962771488823926	1.6895978699558611	4.728301224482877	2.6235226111918992	4.832076780579303
9.604103074874466	0.1819782387836163	4.730849784446271	5.0552315292131285	5.3976978903596144	3.2847240982685384	6.247183169116127	2.3135553261738018	2.349492820237448	0.45338999558618887	1.311733831250285	3.875536985882015	0.7071366829210013	2.940161962513752
9.663432755641145	0.04448429191968387	4.685814315211248	4.933134148503964	5.564830740303937	3.3763646437570465	6.247183169116127	2.2669502499206446	2.380644947832077	0.45338999558618887	1.3766198151966744	3.7769561961024567	0.5117236579236132	2.7797541231398046
9.797763393837831	0.35184226388896633	4.502280990364297	4.943640139584158	5.574893461585795	3.495435263532063	6.425755897733999	2.367621249263498	2.440175913596503	0.4484882211128297	0.19404780908574937	2.7447233969743783	1.7244269873598606	2.2529738135871566
9.853015358498778	0.5106560135317753	4.371445869834689	4.970913475132555	5.544430551849638	3.5939490620217858	6.622649024915516	2.4628110037676487	2.440175913596503	0.4484882211128297	0.16172786686708768	2.660237238091682	1.8371655971846772	2.3067484700004495
9.300526678473512	0.7347350944478374	3.8171781311883892	4.748613452836807	5.92351008042164	3.832556597937181	6.792094193731369	2.5893589305707327	2.3802774763813015	0.3720984534972456	0.9884239638392559	1.596796991208753	3.5205698328303514	0.1596899227296909
9.070601540996954	0.4891452924818134	3.8721989811669055	4.70925726734757	5.9254861752455765	3.7387774396963374	6.70147435418598	2.5893589305707327	2.4456309540740584	0.3283141677607904	1.0816123585020163	1.304170723295565	3.190668083585873	0.4354229571408011
8.567426345311823	0.4476882423142566	3.565829573916894	4.5539085290795	6.082820658367338	3.8178245712397234	6.954620480959311	2.765443670654597	2.3833004161623887	0.3283141677607904	0.10207787676177277	0.14159448280406345	2.5949927381939104	0.12335294137659208
8.514721537183693	0.49120368304588685	3.484358730809666	4.5391591233286075	6.177242162844704	3.9115328724079217	6.9686566834009716	2.765443670654597	2.32342158672832	0.3720984534972456	1.503345160879334	0.1756670293160124	3.755009191026464	0.15641788665772538
7.629096689789263	0.24215078176442362	3.2779073687872398	4.593340102766512	6.123061183406818	3.8693378979317865	6.934364718897894	2.762798334600833	2.417592380665391	0.4169387640269505	2.406884060624527	0.8285639041587247	5.684161871828129	1.0326183415376795
7.516029703018215	0.31296111146926714	3.3410106472787806	4.48798016720942	6.177242162844704	3.7738200353460956	6.900001364112493	2.8071372410674775	2.4519557354509445	0.4169387640269505	2.232436533353112	0.9773421357036357	6.0975998346809055	1.154894686004512
5.389283375693205	2.2095718499755344	3.1122854550213064	4.486569770647349	6.211810447509097	3.6248783178629864	6.717901758527013	2.8071372410674775	2.4519557354509445	0.4169387640269505	4.888036176767048	0.9198998043609888	5.106741886907431	0.6926166286621993
4.433156950083037	2.9394895350192014	2.9408025578912844	4.431843927211028	6.201332111263941	3.618281410952838	6.791825540794698	2.762798334600833	2.3923003194882533	0.4169387640269505	4.958702274202856	0.5255453241199622	4.734361200274825	0.7625750160352701
0.04770925190080546	4.2760459602274095	0.15447555498008958	4.1692796571543305	6.240192032293576	3.4761588186699353	6.823655844606688	2.8071372410674775	2.4551275342182652	0.4543977440164636	4.264405330644388	0.46917013042334604	4.515893170802693	3.4940109104897066
0.21442685530851244	4.326058282691868	0.37196906291726906	4.168516075083666	6.231923503049166	3.5160679837334516	6.781912051386529	2.7164521714687937	2.4551275342182652	0.4543977440164636	4.064506181997378	0.32156819334759446	4.639132899129739	3.2699839433065163
1.4443660992467098	4.609983968868591	1.992689944973847	4.061660123141648	6.0475688536565055	3.608975584850069	7.073122652721456	2.6235445703521965	2.4551275342182652	0.4543977440164636	4.017131919697325	2.9182765467808687	4.6425433803286795	2.6277603966139305
2.533605476778417	4.323213725405215	2.8991401165439763	3.9576790856393407	5.93550860731479	3.65147821641349	7.238471230475376	2.530349232698538	2.395203162301919	0.4543977440164636	4.301488487826328	3.125826798917817	4.592113549991759	2.1582831269153044
1.7569366986979007	4.811328746717618	3.0860192405072655	3.482246204908117	5.973539679441176	3.7424297845494827	7.641366308005283	2.484237975092777	2.1906678599027027	0.23479890146759086	4.590330932875959	1.1986935594910662	2.402588518137766	0.4148878823875198
1.5237561217167384	4.96228805661371	3.2210055626510523	3.2650386156793445	6.1218439107963265	3.8362350572223374	7.804074938551921	2.5741014520377563	2.1310713256636222	0.014465113348820825	4.189021289510049	0.6372683358512956	2.236861105840601	0.03457093842503464
2.2872811271965605	4.731544480035144	3.8575243377753905	3.1613012694563074	6.129380613161342	3.88300911826116	7.900275582410085	2.572350695312357	2.1310713256636222	0.11146248208868756	4.614829397765231	1.1576853581994695	2.0002693882082574	0.5846640775764725
0.29566302734967775	6.049305388406305	2.997458462237611	2.7561838988191427	6.133661904512453	3.83875666789007	8.219671765157504	2.6148264074185747	2.1023857463536975	0.19987476851637967	3.1795309783044545	0.0905304751575542	0.6474631557372874	0.6515753515363072
1.080676573856667	6.042143107342918	2.409884827576327	2.551581705909765	6.070762774736341	3.979743171693377	8.487173087842868	2.47383990361539	2.1023857463536975	0.24314583878986074	2.918361650389525	0.23459819109438287	0.20188202295117944	0.43503191715636913
1.174777227172106	5.9932299975767345	2.4699850503906857	2.348467720014411	6.074239929612033	4.067709418957361	8.636206516525494	2.3741041957213405	2.0427659290335805	0.28197978049775496	2.7853846356974272	0.2709203443228976	0.252244213917976	0.2058602489736433
0.6357928017119322	5.467864839800746	2.7326553198448393	2.099416718243518	5.95879056324124	4.302014880009253	8.95375655975044	2.1379848038320777	2.0427659290335805	0.37033053090643653	2.1195332355169585	0.7740939133778518	0.9940966916264858	0.02533449753776863
0.6768776601274318	5.408430889917503	2.830221226314838	1.901332003474981	6.164844117921819	4.347595344238997	8.848221813368287	1.9948384331325772	2.0427659290335805	0.40793929018966396	1.8892268195121318	0.721705875477352	1.072968115286105	0.06829110556586178
0.8365143932369873	5.160302834615361	2.9115891154511164	1.4121993259274888	6.570838350821737	4.238810973389825	8.70772112215298	1.9598321317123029	2.049616846964226	0.4908023546756507	2.2694913736048905	1.092266450807027	0.880045379146776	0.7112750425259748
0.24119635002771045	5.006467878881918	3.3048377202576846	1.4604338085975277	6.199013981630453	4.575919298484856	9.129232799894835	1.720645597837849	2.049616846964226	0.4908023546756507	2.3410923350625787	0.5652869584948349	1.0645788480393494	1.1388712381852917
2.43366808546582	6.208117343590559	2.708138757364768	1.06631050075976	6.441176863150323	4.436777205323018	9.174077629116967	1.812421060205542	2.1093658132662054	0.4908023546756507	1.914114661215995	0.6752665121306024	1.0105207394173992	0.5120659957049523
1.9127739932334509	5.794376957280624	2.6679640491238463	1.2136389149232594	6.338283823868238	4.633484421827791	9.278359177326356	1.7644307667917003	2.1093658132662054	0.4908023546756507	1.7161259072888913	0.1844157234014021	1.040421995294748	0.8503387423497988
2.7545596584923207	4.08824487318383	5.015173489481499	1.8276310421948911	6.2397016972654	5.144696022962283	9.278359177326356	1.7686291663256877	2.1093658132662054	0.4908023546756507	0.7432365817233241	0.45394201639876114	1.6241464562682677	2.5073557587373543
3.6219222648648572	3.5702848905033435	5.1348187972317945	2.0573883581363908	6.293026987803472	5.041836702279253	9.22625738995792	2.1024693061199056	2.1093658132662054	0.4531368479743566	0.9665529807789282	0.7754872210160352	1.79544146153171	2.661442362468938
4.448900331317855	3.29407893110602	5.1240828177933855	2.6188964446304976	6.389221298618391	5.41208346699295	9.13129086714502	2.294958415902378	2.1093658132662054	0.4531368479743566	0.1676363687482888	0.9236988119156259	2.3399303256937256	3.1807853006999425
3.9755021416560474	3.3649250364163676	4.722889597257901	2.617537580814583	6.397401349348719	5.419874376289239	9.166580810297196	2.343757658549027	2.1690423929267637	0.40793929018966396	0.3748987839070622	1.1365544098766842	1.84959325309862	2.668524191929852
5.394023683956909	3.119233864021773	5.619656039950826	2.89360150802762	6.189461152752952	5.602228257614664	9.374521006892985	2.4374677044367834	2.141330762628046	0.41348823564796067	0.6262108925388592	1.1886666822485359	2.9649561544258525	3.7410055483766587
5.140633076008918	3.174385839024536	5.511196735045697	2.8038221799878293	5.879877570372057	5.512448929574804	9.684104589273836	2.3986430128978142	2.1095987365194784	0.3746635441082192	0.6679975612415509	0.9744815483199769	0.5760097946244346	3.6418971452699496
4.970779276775893	3.214263180904105	5.520946709132525	2.6640957485472523	5.776730996828869	5.269575924591035	9.589653857929337	2.3986430128978142	2.085359797561341	0.41776465971212295	0.8241439670263926	0.8843399794582053	0.993132651214546	2.1425074422984243
4.795893696769805	3.1579874980953098	5.298563963674988	2.6553172311899678	5.876326923885782	5.308989288715445	9.478677319268659	2.3534973686499145	2.1449322906469037	0.4102433248130916	0.5831705938782789	1.0246144065907665	0.9976187424046179	1.8931155657501801
3.5089794683078757	3.789304968054824	5.0802416987994645	2.2180427375635614	6.268552587731546	5.263940458934709	9.478677319268659	2.3534973686499145	2.1449322906469037	0.36713448191981884	1.4356735663140279	0.4707713948122766	0.655369390472942	1.1208779486758045
3.4725676794628857	3.7793600185751943	5.03388496047472	2.2180427375635614	6.362954565035209	5.1705163564563446	9.324775426979594	2.485755412835539	2.2362518299597887	0.4544975461822782	1.3094851851638754	0.444761016280812	0.7196566895676632	1.5274922854688282
4.616119554150759	3.5946064490912226	5.898874484488147	2.311851518754106	6.364939758113234	5.219705254471583	9.265348085637807	2.532360489088785	2.295679171301758	0.4544975461822782	2.6621993372164305	3.8111174540703368	1.4442786117596027	2.83473161160138
6.044053824286315	3.359247166590112	6.7163358564963715	2.686965134380148	6.1691871489151096	5.396289309049203	9.265348085637807	2.4900621424026723	2.295679171301758	0.40942224764483476	3.043261307654847	3.3981938177174453	1.8410261925912468	2.532964720126501
6.346004767342131	3.302575290757657	6.7740120780058355	2.874567980093757	6.122333529880514	5.439035745756764	9.213803857240507	2.536520703976936	2.295679171301758	0.40942224764483476	3.3035292329095323	3.077587100400058	1.955458940744849	2.7673871676992032
6.534660419616155	3.3010871159778175	6.962667730279957	2.8730798053141267	6.123821704660351	5.439035745756764	9.248771831995983	2.4915064327037033	2.1423720257133256	0.36440797637203065	3.667646657407604	3.5858495071795886	1.953830787253005	2.4551870574791983
6.576759136667354	3.3010871159778175	7.004766447331061	2.8730798053141267	6.072277476263063	4.522138437376574	9.359703121921621	3.4084037410837604	2.082984964184977	0.36440797637203065	3.7296833509361496	3.657239670768859	2.0158674807817674	2.4263480255742182
6.268029324701956	3.3558569707546777	6.795369493863828	2.828516801592448	6.072277476263063	5.06690051749426	9.359703121921621	2.819078657244793	2.082984964184977	0.36440797637203065	3.3654380814520057	2.9209462433507536	1.7193366641941898	2.092633781651163
6.139809450734178	3.3065297053313913	6.711791614456723	2.734547541608771	6.12160474168626	5.393521088388745	9.359703121921621	2.4478160917895737	2.023914008708463	0.36440797637203065	3.306214460905279	3.2580343227643938	1.5989423288431424	2.753292825912126
5.750374430302284	3.597572516748506	6.711791614456723	2.6361553325941283	6.219996950700872	5.5797633309450285	9.359703121921621	2.2615738492334687	2.023914008708463	0.36440797637203065	3.5164731759634607	0.824855070404838	1.4752258919172703	0.15050715080169869
5.556731061640649	3.6562068677689235	6.625847860437025	2.5870900689723664	6.269062214322445	5.582834142829716	9.359703121921621	2.2585030373487336	2.023914008708463	0.402039917858181	3.8014529897532388	1.048104435113501	1.5914651582382986	0.993583698427109
5.51361927149137	3.607228618141868	6.531951013890177	2.588896875743125	6.275119698939341	5.683590541916383	9.402623886931833	2.208531694659536	2.023914008708463	0.402039917858181	3.92192269340258	1.493756062329913	1.839714837685694	1.3927966791312365
5.832913995686683	3.4361811051854727	6.730983281526811	2.5381118193455428	6.223638486645824	5.632805485518697	9.454105099225321	2.208531694659536	2.023914008708463	0.402039917858181	4.110540327830216	2.6276533319197473	2.0771810736507432	3.0627333772112797
5.832913995686683	3.485159354812469	6.730983281526811	2.5870900689723664	6.174660237018844	5.632805485518697	9.454105099225321	2.208531694659536	2.023914008708463	0.402039917858181	4.1714227903473455	2.447930648112605	2.076749943298523	2.5053889450294466
5.832913995686683	3.534224618434118	6.730983281526811	2.6361553325941283	6.125594973397169	5.679767990766748	9.454105099225321	2.1615691894117695	2.023914008708463	0.315878853817242	4.111432833118862	2.3967686800886434	2.0167599860700265	2.0893463054560253
5.831776257639652	3.597572516748506	6.837914583058414	2.5914341913296837	6.074190927821936	5.682081144685417	9.50550914480059	2.114534894228427	2.082984964184977	0.31037883300113533	4.17478073143328	1.610846640810662	2.0167599860700265	0.9545965308416927
5.726582776999362	3.546675541044346	6.681925921222655	2.5913323968212105	6.125087903526075	5.732876325881017	9.50550914480059	2.114534894228427	2.0510784799746355	0.2671487021829023	4.1149179924293415	1.7912616628339695	1.9568972470663575	1.5687779497896215
5.663115426709705	3.6592922772582863	6.637214904756269	2.685192799211801	6.075938517602073	4.440030612456662	9.50550914480059	3.4520916241195114	2.0510784799746355	0.22386166503738347	3.9402010903963705	0.3515613240345676	1.8963855024328058	0.17586782377389878
5.491908101535113	3.8304996024327735	6.637214904756269	2.685192799211801	6.075938517602073	4.6653246957678345	9.540364465608805	3.226797540808255	2.016223159166076	0.22386166503738347	3.8752377488924816	1.9970378797395014	1.835868076517465	1.1436540983632348
5.491908101535113	3.8304996024327735	6.637214904756269	2.685192799211801	6.127342563177352	4.755924719672626	9.488960420033578	3.136197516903256	2.016223159166076	0.22386166503738347	3.8752377488924816	1.1481778532607956	1.8960770215902063	0.9477026853837321
5.59710158217536	3.878067475457633	6.646922699337926	2.8282463582950923	6.131255902446012	4.989711517397167	9.378132430715954	2.9978964052375234	2.134749988183669	0.2671487021829023	3.5828293593913467	0.5068285274694231	1.9620053394143733	1.3516401887186031
5.6937067201968965	3.9232242273978817	6.64523524573739	2.97169570185755	6.083907205673394	5.40169271533377	9.32657396112425	2.630457384499247	2.19399596690597	0.2671487021829023	3.5264798907254162	1.8731396751701985	2.0258342192507506	3.300729944099949
5.702224014755935	3.927477004355889	6.663039820858917	2.9666611982527766	6.176311366955234	5.446155849195087	9.283667437308463	2.630457384499247	2.225815591233753	0.35355212051032336	3.171789669105638	0.4930952407733365	2.261366737180913	0.037186413276112405
5.692287812233859	3.986910844343973	6.663039820858917	3.016158835718727	6.12681372948922	5.492402145638992	9.283667437308463	2.584211088055252	2.225815591233753	0.39666862782446305	3.2393320171864413	0.20635713288153068	2.5006435621705085	0.5651423426843257
5.735013814995848	3.986910844343973	6.6613815762916415	3.0605430830480196	6.12681372948922	5.536786392968226	9.283667437308463	2.584211088055252	2.2850837733128424	0.39666862782446305	3.2393320171864413	0.07024883339757715	2.443062594107174	1.6119046902428922
5.68128376289178	3.941733730083921	6.610480710333475	3.012536782641995	6.225720895853466	5.634004209070338	9.283667437308463	2.537894137911318	2.2850837733128424	0.39666862782446305	3.2354559237319025	1.2121566230299459	2.672031614205776	2.3364691936271775
5.488636473049028	3.9995143945652076	6.524935667058516	2.9632152005557066	6.223498249542711	5.636630716986532	9.33521166570575	2.5352676299950554	2.2850837733128424	0.39666862782446305	3.224040223608679	1.774379930020415	2.4392818097734703	2.823567850246104
5.169284622186158	4.275953910928302	6.5263967244493495	2.9188418086651367	6.223498249542711	5.778535471119569	9.33521166570575	2.3489894839715895	2.2850837733128424	0.39666862782446305	3.088059585361039	1.9150868416366797	2.7043921305153513	2.286862875162606
5.030300216772406	4.279598939965396	6.4847435266648	2.8251556300730214	6.272732046519292	5.7340830895042325	9.33521166570575	2.3489894839715895	2.2850837733128424	0.39666862782446305	3.084098712840763	1.9375002435823945	2.4237941287976006	3.3988484391510854
