0	1	2	3	4	5	6	7	8	9	10	11	12	13
10.608085046200701	2.060169787986349	6.796924334977313	5.871330499209703	5.203476429289727	1.6778079979997007	3.621553866087327	1.5460815859632542	2.3748740094329523	0.31029092539898545	1.53683946005449	4.339170156721927	0.7823914431411941	3.7429323933772363
10.5572120033982	2.0115909248812622	6.645188533729224	5.923614394550198	5.211954862941186	1.829236641763799	3.6616542955409805	1.58442354715682	2.465989675853468	0.35639939390370906	1.4074625848783753	4.288297113919307	0.6622421301327128	3.795736337799508
10.5572120033982	1.9022817947386144	6.594621921071543	5.864871877065405	5.321263993083752	1.883279342439042	3.6616542955409805	1.6310723069346846	2.52601829091381	0.35540985149665455	1.3429530612020066	4.288297113919307	0.654790930776949	3.795736337799508
10.5572120033982	1.8534741263273924	6.595165154921203	5.815520974804578	5.329886274765162	1.8827361085892422	3.701839682270648	1.6757468186079707	2.52601829091381	0.310735339823634	1.2785625916860943	4.288297113919307	0.6473634381881929	3.7460521689481037
10.486987060268318	1.8631524993530688	6.595165154921203	5.754974404700243	5.390432844869504	1.8827361085892422	3.701839682270648	1.6757468186079707	2.5570134000411264	0.310735339823634	1.3487875348155471	4.288297113919307	0.6473634381881929	3.7460521689481037
10.547470474059109	1.8026690855626708	6.595165154921203	5.754974404700243	5.4511410323709395	1.8827361085892422	3.641131494769207	1.6757468186079707	2.5570134000411264	0.310735339823634	1.2240325385947342	4.288297113919307	0.639959611767334	3.7460521689481037
10.547470474059109	1.8026690855626708	6.595165154921203	5.754974404700243	5.390432844869504	1.9265102924621007	3.701839682270648	1.6767080801959764	2.5570134000411264	0.2659998943635998	1.1598796755955822	4.232320480810699	0.5758067487690512	3.802028802056826
10.496484460590995	1.7422257373063716	6.544179141453028	5.694531056444245	5.450876193125593	1.9265102924621007	3.761329167236794	1.6767080801959764	2.4975239150747526	0.22268845646219468	1.1598796755955822	4.18133446734267	0.5846656898277831	3.752252881284565
10.426429616370724	1.8122805815267786	6.544179141453028	5.694531056444245	5.450876193125593	1.9265102924621007	3.761329167236794	1.6319726347353731	2.4975239150747526	0.2674239019225153	1.1659002080210994	4.18133446734267	0.5206313780335573	3.752252881284565
10.426429616370724	1.8122805815267786	6.544179141453028	5.694531056444245	5.491061579855342	1.9265102924621007	3.7211437805070897	1.670989852638208	2.4975239150747526	0.22840668402197506	1.1659002080210994	4.18133446734267	0.4728124095629361	3.752252881284565
10.537773232468696	1.7519229788963835	6.595165154921203	5.694531056444245	5.491061579855342	1.9738327586176236	3.7211437805070897	1.6236673864820876	2.4975239150747526	0.22840668402197506	1.041626676009815	4.232320480810699	0.40889648018162394	3.752252881284565
10.537773232468696	1.7519229788963835	6.595165154921203	5.694531056444245	5.491061579855342	1.9738327586176236	3.7211437805070897	1.6236673864820876	2.4975239150747526	0.27171812192146766	1.041626676009815	4.232320480810699	0.46554211021697595	3.6994379242340063
10.477415629838793	1.8122805815267786	6.595165154921203	5.694531056444245	5.36997228556187	2.0175289968106216	3.8422330748004994	1.5799711482894028	2.4975239150747526	0.27171812192146766	1.101984278640111	4.232320480810699	0.46554211021697595	3.6994379242340063
10.477415629838793	1.8122805815267786	6.595165154921203	5.694531056444245	5.36997228556187	2.0175289968106216	3.8422330748004994	1.5799711482894028	2.4975239150747526	0.2658294703566035	1.101984278640111	4.288297113919307	0.5133771743803007	3.6434612911252113
10.477415629838793	1.8727239297828449	6.646456069363456	5.703683490257981	5.309528937305852	1.9662380823683354	3.8422330748004994	1.5799711482894028	2.4975239150747526	0.2658294703566035	1.101984278640111	4.288297113919307	0.5133771743803007	3.6434612911252113
10.537773232468696	1.8123663271526123	6.646456069363456	5.703683490257981	5.309528937305852	1.9662380823683354	3.9017933566679943	1.5799711482894028	2.437963633207123	0.2225828165332477	0.9778289596983212	4.288297113919307	0.44957945806819627	3.6434612911252113
10.46788767199686	1.8218085393684007	6.646456069363456	5.643240142001964	5.410144362966562	1.9662380823683354	3.8616212792635323	1.5799711482894028	2.3779810694418746	0.2225828165332477	1.0477145201701408	4.288297113919307	0.44957945806819627	3.6434612911252113
10.46788767199686	1.8218085393684007	6.697110959673165	5.5925852516922685	5.410144362966562	1.91558319205882	3.8616212792635323	1.5799711482894028	2.3779810694418746	0.2225828165332477	1.0477145201701408	4.288297113919307	0.44957945806819627	3.6434612911252113
10.46788767199686	1.8218085393684007	6.697110959673165	5.5925852516922685	5.410144362966562	1.91558319205882	3.8616212792635323	1.5799711482894028	2.3779810694418746	0.2225828165332477	1.0477145201701408	4.288297113919307	0.44957945806819627	3.6434612911252113
10.46788767199686	1.8218085393684007	6.697110959673165	5.5925852516922685	5.410144362966562	1.91558319205882	3.8616212792635323	1.5799711482894028	2.3180633960736645	0.2225828165332477	1.0477145201701408	4.288297113919307	0.44957945806819627	3.6434612911252113
10.46788767199686	1.8218085393684007	6.697110959673165	5.5925852516922685	5.410144362966562	1.91558319205882	3.8616212792635323	1.5799711482894028	2.3180633960736645	0.2225828165332477	1.0477145201701408	4.288297113919307	0.44957945806819627	3.6434612911252113
10.46788767199686	1.8218085393684007	6.697110959673165	5.5925852516922685	5.410144362966562	1.91558319205882	3.8616212792635323	1.5799711482894028	2.3180633960736645	0.2225828165332477	1.0477145201701408	4.288297113919307	0.44957945806819627	3.6962762481757827
10.46788767199686	1.8218085393684007	6.697110959673165	5.5925852516922685	5.470610843783362	1.91558319205882	3.8011547984465897	1.5799711482894028	2.3180633960736645	0.2225828165332477	1.0477145201701408	4.288297113919307	0.5061465580154471	3.6962762481757827
10.46788767199686	1.8218085393684007	6.645821174891697	5.643875036473819	5.470610843783362	1.9668729768403383	3.8011547984465897	1.5799711482894028	2.3180633960736645	0.2225828165332477	1.0477145201701408	4.288297113919307	0.5061465580154471	3.7460521689481037
10.46788767199686	1.8218085393684007	6.645821174891697	5.643875036473819	5.470610843783362	1.9668729768403383	3.8011547984465897	1.5799711482894028	2.3180633960736645	0.2225828165332477	1.0477145201701408	4.288297113919307	0.5061465580154471	3.6932426437107044
10.46788767199686	1.7614682834111615	6.645821174891697	5.583534780516358	5.591502265266248	1.9668729768403383	3.8002347091933992	1.5799711482894028	2.258432319801564	0.2225828165332477	1.0477145201701408	4.288297113919307	0.5061465580154471	3.6932426437107044
10.46788767199686	1.7614682834111615	6.645821174891697	5.583534780516358	5.591502265266248	1.9668729768403383	3.8002347091933992	1.5353048881478029	2.258432319801564	0.26724907667452624	0.9945999103166712	4.288297113919307	0.4530319481613642	3.6932426437107044
10.46788767199686	1.7614682834111615	6.645821174891697	5.583534780516358	5.652138157990464	1.9668729768403383	3.7395988164693494	1.5353048881478029	2.258432319801564	0.26724907667452624	0.9945999103166712	4.232320480810699	0.4051810017707428	3.7492192768195114
10.46788767199686	1.7614682834111615	6.645821174891697	5.583534780516358	5.652138157990464	1.9631861851247878	3.7395988164693494	1.5389916798627974	2.3183499931696923	0.26724907667452624	0.9945999103166712	4.232320480810699	0.4051810017707428	3.7492192768195114
10.46788767199686	1.8103422724293772	6.645821174891697	5.632408769534783	5.643243660647022	1.9631861851247878	3.699619324794409	1.5389916798627974	2.3183499931696923	0.26724907667452624	0.9945999103166712	4.232320480810699	0.4051810017707428	3.7492192768195114
10.416901658528724	1.8103422724293772	6.594835161423505	5.632408769534783	5.703927882003109	1.9631861851247878	3.698636970998728	1.5389916798627974	2.2586481256091466	0.22405884893494185	0.9945999103166712	4.233527959006399	0.46163793310407925	3.7467155348221772
10.416901658528724	1.8103422724293772	6.543635907603422	5.683608023354822	5.703927882003109	2.014385438945	3.698636970998728	1.5389916798627974	2.2586481256091466	0.22405884893494185	0.9945999103166712	4.233527959006399	0.46163793310407925	3.7995194792444207
10.416901658528724	1.8103422724293772	6.543635907603422	5.683608023354822	5.703927882003109	2.014385438945	3.698636970998728	1.5389916798627974	2.2276069651868857	0.22405884893494185	0.9945999103166712	4.233527959006399	0.46163793310407925	3.7995194792444207
10.416901658528724	1.8103422724293772	6.543635907603422	5.683608023354822	5.703927882003109	2.014385438945	3.698636970998728	1.5389916798627974	2.2276069651868857	0.22405884893494185	0.9945999103166712	4.233527959006399	0.46163793310407925	3.7995194792444207
10.486787219000584	1.740456711957596	6.594202520261218	5.633041410697143	5.703927882003109	1.9638188262872982	3.698636970998728	1.4943861773806861	2.2276069651868857	0.26866435141629524	0.924714349845045	4.233527959006399	0.46163793310407925	3.7995194792444207
10.486787219000584	1.740456711957596	6.594202520261218	5.633041410697143	5.724790302771551	1.9638188262872982	3.6777745502302643	1.4943861773806861	2.2276069651868857	0.26866435141629524	0.924714349845045	4.233527959006399	0.4051810017707428	3.8524149966275156
10.486787219000584	1.740456711957596	6.594202520261218	5.633041410697143	5.724790302771551	1.9638188262872982	3.737547205340625	1.4943861773806861	2.1678343100768105	0.26866435141629524	0.924714349845045	4.233527959006399	0.4051810017707428	3.902001684725877
10.486787219000584	1.740456711957596	6.594202520261218	5.633041410697143	5.724790302771551	1.920188903246617	3.737547205340625	1.5380161004213697	2.1678343100768105	0.22553048838881443	0.924714349845045	4.233527959006399	0.3964648482141904	4.008055674781254
10.372148472191961	1.740456711957596	6.479563773452574	5.633041410697143	5.684799071565733	1.8764869136540927	3.7775384365464775	1.5817180900144823	2.2278629251370163	0.18808338770826954	0.924714349845045	4.118889212197763	0.3964648482141904	4.008055674781254
10.372148472191961	1.740456711957596	6.479563773452574	5.633041410697143	5.745726256636645	1.8764869136540927	3.7166112514755754	1.5817180900144823	2.2278629251370163	0.18808338770826954	0.924714349845045	4.118889212197763	0.3398031224867686	4.008055674781254
10.372148472191961	1.740456711957596	6.479563773452574	5.633041410697143	5.806738564853999	1.8764869136540927	3.6555989432582394	1.5817180900144823	2.287956590428868	0.18808338770826954	0.924714349845045	4.118889212197763	0.29198415401490013	3.958481342225585
10.372148472191961	1.789227992061333	6.530040176139751	5.6313362881138	5.757967284750149	1.8697125005596569	3.6555989432582394	1.5380161004213697	2.287956590428868	0.18808338770826954	0.9778289596983212	4.062803246791215	0.28835859589824964	3.9649009583929176
10.442181248017153	1.719195216236311	6.530040176139751	5.6313362881138	5.8190647559723905	1.8697125005596569	3.5945014720360464	1.5380161004213697	2.287956590428868	0.14499791398971126	1.035509829565829	4.115091744676277	0.18816368938147757	3.9194748635192065
10.442181248017153	1.719195216236311	6.530040176139751	5.6313362881138	5.8190647559723905	1.8697125005596569	3.5945014720360464	1.5380161004213697	2.2278629251370163	0.14499791398971126	1.035509829565829	4.111279869581766	0.07363894373695075	3.9267365167147945
10.381845713782411	1.7910778743078783	6.479563773452574	5.693359814637299	5.8075176321360855	1.8764869136540927	3.5945014720360464	1.5817180900144823	2.2278629251370163	0.14499791398971126	1.299715639755789	4.325273639190057	0.13686457202969796	3.9810506055078116
10.321362299991613	1.8515612880983097	6.530761903620508	5.642161684469606	5.8075176321360855	1.8252887834864024	3.5945014720360464	1.5817180900144823	2.287956590428868	0.14499791398971126	1.3716574779075839	4.430984331613038	0.3002746079477637	3.9791668830065103
10.321362299991613	1.8515612880983097	6.530761903620508	5.642161684469606	5.868700305557794	1.8252887834864024	3.5333187986143826	1.5817180900144823	2.287956590428868	0.14499791398971126	1.3831630967719502	4.483995365967074	0.34725225639435364	3.9303086195021004
10.257936247807844	1.8515612880983097	6.519440620865099	5.5900569150411314	5.767552483233875	1.8205064802135236	3.5746939658277683	1.5343956238584577	2.3477292455389565	0.14499791398971126	1.4596814280223276	4.5269038343851955	0.635421504339771	4.095575453397256
10.1973045454231	1.912192990483084	6.519440620865099	5.5900569150411314	5.767552483233875	1.8679012415094876	3.5746939658277683	1.4870008625624758	2.3477292455389565	0.14499791398971126	1.5320592880556103	4.577390972850964	0.7423444040895311	4.264078469255325
10.1973045454231	2.0818430142856097	6.6719433653607325	5.607204194348291	5.454830643822691	1.7628656542373418	3.717765781436076	1.439533705339047	2.2876355802471435	0.10196877682629453	1.7813856347519421	4.846088261103687	1.1998715697277742	4.271270839965797
10.146042612270673	2.130444750073008	6.722617555088655	5.553869807255153	5.44622013924125	1.7521473974034127	3.737547205340625	1.3483158392922798	2.2278629251370163	0.10196877682629453	1.846957504890598	4.905177619179517	1.2554923920515375	4.216385890756944
10.082705723305619	2.251710824859666	6.866414828486392	5.4680017196791315	5.46799979775933	1.5926192183756809	3.6543449103323336	1.3007098559578563	2.168019486840886	0.05899591425280325	2.375932376203118	5.278175623100081	1.5393914719531898	4.453214562121732
10.03830604154311	2.1814639217912655	6.751768243655158	5.4680017196791315	5.529182471181016	1.5926192183756809	3.653076453400909	1.3007098559578563	2.1081052703502636	0.05899591425280325	2.4391574046723052	5.218554486911751	1.4836613916391397	4.462081704768134
9.792585278987882	2.373278449762566	6.741188931257874	5.424674797492549	5.388454519078269	1.4885050719829693	3.673102964807208	1.3007098559578563	2.076884635019623	0.05899591425280325	2.612315264719232	5.660101585143456	1.709782318374674	4.770425856136072
9.67998220550305	2.495098140629256	6.68951536717199	5.485564978960359	5.287465524377353	1.4885050719829693	3.6793038460638323	1.3007098559578563	2.110782566995912	0.05899591425280325	2.6874066934728966	5.720993475618223	1.7754748645277099	4.833485776978179
9.616916327823217	2.617187870457416	6.730929999205979	5.503174199074678	5.165375794548937	1.4276239394103434	3.619417939229086	1.212565664068555	2.110659044170517	0.10354072899608975	2.973162985302756	6.16998144782174	2.408585970278603	5.943527243944371
9.56510616789963	2.617187870457416	6.679119839282438	5.503174199074678	5.20547460778186	1.4711508795980153	3.5195042005773782	1.169038723881223	2.1704739695895205	0.10354072899608975	3.0413628821890586	6.2908775273989015	2.555425127495655	6.017573096700522
9.266884359005708	2.8096279658818184	6.564516359415011	5.5119959654725115	5.205618204409068	1.4664383065452224	3.3387439182093344	1.121373268709806	2.2898908607086987	0.14651359157600063	3.377964460532243	7.122013920335678	3.053106123811129	6.471245033302075
9.214709122103368	2.8709312102750633	6.6150662000258125	5.4705741323525165	5.1443149600159455	1.3637132290318377	3.3387439182093344	1.0768890716666843	2.258673445159326	0.19099778861955927	3.515508216008859	7.249459013964086	3.1382654431837054	6.549908675066907
8.476997709174437	3.224474483614732	6.331867721288393	5.369604471500939	5.192726467785347	1.3588929365790219	3.304606308384441	1.029151211038136	2.2928110549842353	0.19099778861955927	4.018564194038747	7.883757583005032	3.9479110850635557	6.984385845772348
8.291953134593546	3.2939267947969233	6.268925798583854	5.316954130806626	5.2327018503080245	1.354052960646695	3.264630925861853	0.9813408462764345	2.2928110549842353	0.19099778861955927	4.104188840744728	7.954190713622644	3.9787121682918913	7.339841833193281
8.019735909404549	3.42466177384241	6.22173435920923	5.22266332403769	5.1712700785223005	1.2896404120058458	3.204987286520203	0.8900308163620274	2.4125100399708304	0.19099778861955927	4.157319712480788	9.530595550301967	3.644863930210323	8.358511093110646
7.305343275348092	3.8236520250551	6.057043856375919	5.071951444027354	5.109734348728195	1.1253412486034913	3.204987286520203	0.8420823699599849	2.4125100399708304	0.19099778861955927	4.318730780517647	9.527213782051774	3.8200269414361903	8.22213346850733
7.059568653711672	4.02229882684383	6.001570443603623	5.080297036951919	5.048094539138647	1.1200681449829941	3.204987286520203	0.7940612569148444	2.4726308354065316	0.19099778861955927	4.45573777271695	9.496639992869536	4.723464147023886	8.201852905405984
6.243393407816272	4.56444814552341	5.834412791277236	4.973428762062545	5.048094539138647	1.1094604867891658	3.1454148384234606	0.6978006402196322	2.5322032835032657	0.23402692578048778	3.2395668306611523	9.552568794079956	2.12665350240275	8.261870283132101
5.932032590393186	4.765349563855509	5.6704725638473565	5.026909590401299	5.048094539138647	1.2111810138301164	3.1454148384234606	0.6940451385607721	2.5322032835032657	0.1895427287384575	3.277111949528871	9.261340349102737	2.210525986771174	8.426719334628633
5.743407931984979	4.898561386311861	5.665078304209366	4.976891014087431	5.048094539138647	1.209475192959422	3.1454148384234606	0.6457323831172571	2.592389503173613	0.1895427287384575	3.289603216471229	9.355002548501794	1.5560397929350938	8.354757976171081
3.9719718063356475	5.8749869158822605	4.973461257151963	4.873497465065835	5.109485725208314	1.1060816439380012	3.024522396687674	0.6457323831172571	2.6518907588398024	0.23262820245932259	2.2811198253504665	9.605945581323878	1.7760991987632933	8.293906956401115
3.7233760038321524	6.1147500968007	4.9698541239106415	4.868271976722275	5.061149881410412	1.1009062212102598	3.024522396687674	0.5973464737048151	2.620746254597012	0.23262820245932259	2.0463807082321974	9.746421532443984	1.8785561606663537	8.002975784523867
2.3732808604776334	6.93954930135111	4.659738132266554	4.6530920295624005	5.021212454436423	0.9827179430875121	3.0644598236614025	0.5003548046674343	2.620746254597012	0.2757700746271477	2.525254400073103	8.92583553130692	2.8747190232518163	7.236512679451264
1.943405236825534	7.314356132515961	4.7053215775688155	4.552439791773063	4.959494198292209	0.9176328977077272	3.0644598236614025	0.4030693561128736	2.620746254597012	0.2757700746271477	2.782218835431077	8.69603409742362	3.303919851125882	7.381989533766586
2.0682279630799347	7.299535609757082	4.859056014346202	4.50870755849087	4.889429421770807	0.9536188917550459	3.0587844538577427	0.21334892528823593	2.5262516611727897	0.2757700746271477	2.9089524410500496	9.099267224477313	3.291310843280119	6.485318141277363
2.1979064012527143	7.125016348901757	4.800468603752615	4.522454146402004	4.814291647790004	0.9967848349867745	3.120175639927376	0.17018298205617988	2.5262516611727897	0.2757700746271477	2.838787841005302	9.347265949162741	3.705620565670982	5.605614537269101
2.3191987541138808	7.046079628979926	4.891092126342214	4.474186256751358	4.704134072368206	0.8873154425150687	3.120175639927376	0.12122690945722234	2.5262516611727897	0.23262820245932259	3.6331761875122828	8.759593314536842	5.290885092219534	6.3757480990516875
2.373044523020291	7.108187858933517	4.9995069118875985	4.481725470066073	4.642025842414552	0.9248495574208222	3.120175639927376	0.029123777914145724	2.5262516611727897	0.23262820245932259	4.209611059651918	8.610866094308575	5.8278106195415065	6.78101259614681
3.4129198298239207	6.1344825504618825	5.0452502354921265	4.502152144793715	4.557386372978151	0.8698408458786896	3.0802857716539385	0.024574641212584486	2.5262516611727897	0.18808338770826954	3.7125285504118657	8.77342768831928	4.24923243104705	5.537418975972021
3.288713595253081	6.262622452134601	5.0415107788598545	4.509825268527572	4.5563182272421265	0.9628176028996169	3.018932578924733	0.1231503305349488	2.586484197426985	0.14499791398971126	3.447812136306565	8.761332348828432	3.848431370581837	5.1535431816453565
3.288713595253081	6.262622452134601	5.0415107788598545	4.509825268527572	4.5164663523092425	1.06167111910806	3.0587844538577427	0.2220038467409725	2.586484197426985	0.14499791398971126	3.3121807676667934	8.776940024692156	3.7444576899511386	5.082037912583739
3.1713520504245154	6.262622452134601	4.924149234031493	4.509825268527572	4.5164663523092425	1.1112092180503614	3.0587844538577427	0.2715419456838169	2.586484197426985	0.10748656279571836	3.695638932357696	9.671567472237891	2.411956407260798	0.24492480984182072
4.361882453631519	5.3240656384807306	5.069505270820158	4.616442821292177	4.453940414636292	1.20491328352038	3.0587844538577427	0.27654889358135554	2.5552741068570737	0.06288106031678203	6.026651049261793	8.96557065824219	0.48417816048150797	0.4683865545720431
4.746773435653249	5.18249839019771	5.250198353842105	4.679073472008828	4.452786501916039	1.1553008331423622	2.9973077158613264	0.22693644320405995	2.5552741068570737	0.06288106031678203	5.623578604705168	8.539546790311967	0.10368055901323871	1.341764044363668
4.610492449647588	5.318779376203242	5.305155612734471	4.6241162131163875	4.5143488289474645	1.1499560246274383	2.935745388829759	0.27654889358135554	2.5552741068570737	0.06288106031678203	4.9411022341654744	8.254047866557983	0.5500917566942055	0.6751672334631069
4.542575536653431	5.3719502389469485	5.354660230401762	4.559865545198738	4.52909487919786	1.1004514069601952	2.935745388829759	0.27654889358135554	2.5552741068570737	0.0198441660603527	4.472134960836032	7.921883815706948	0.6499919608588732	0.7856467975196426
4.3308390227550815	5.642134319191844	5.5232874380535195	4.449685903893317	4.489234074489836	1.039958660420465	2.9756061935378497	0.326235788346727	2.5552741068570737	0.0198441660603527	4.10070398185997	7.422802984845293	0.46121867967970726	1.0202445432168556
4.200762660988444	5.772210680958477	5.5785200322882345	4.3944533096588145	4.51101265816799	0.9847260661859119	2.953827609859578	0.326235788346727	2.615618760692278	0.06288106031678203	3.4329102727558856	7.473157452496989	1.1596725255753115	1.4334646724030018
4.626081986711425	5.579391771274245	5.8110204483269365	4.3944533096588145	4.6126932152415225	0.9779564494814021	2.852147052786096	0.3194661716427483	2.615618760692278	0.0198441660603527	2.520348394020006	5.945973330054346	1.3281079344131688	1.2872145160085326
4.871461032946839	5.449493329550844	5.926501052839063	4.3944533096588145	4.674551671084176	0.9779564494814021	2.790288596943329	0.3194661716427483	2.615618760692278	0.0198441660603527	2.2006994457893865	4.47377580013941	1.1383574279054065	0.07305952756919398
4.991447749051283	5.38705558918489	5.98405002857753	4.3944533096588145	4.674551671084176	0.9779564494814021	2.790288596943329	0.3194661716427483	2.676029163183505	0.0198441660603527	2.138261705422946	4.527387041903987	1.1463097752667848	0.07255993536514999
4.985583836532816	5.4348357521850055	5.978186116059101	4.442233472658872	4.626771508084154	0.9779564494814021	2.790288596943329	0.3194661716427483	2.676029163183505	0.0198441660603527	2.138261705422946	4.455096050556524	1.2211417306683316	0.06705592363204928
4.918291843037518	5.502127745680355	5.978186116059101	4.442233472658872	4.626771508084154	1.020799428287357	2.790288596943329	0.3623091504486433	2.676029163183505	0.06288106031678203	1.781646720460842	4.985583836532816	1.1175807769846495	0.0969050103112832
4.721677015969472	5.636273067802908	5.978186116059101	4.37976396771349	4.689241013029628	1.020799428287357	2.790288596943329	0.3623091504486433	2.676029163183505	0.06288106031678203	1.9598625402562675	5.256221225316363	1.396335756527407	0.2837868610354163
4.721677015969472	5.636273067802908	5.978186116059101	4.37976396771349	4.689241013029628	1.020799428287357	2.790288596943329	0.3623091504486433	2.676029163183505	0.06288106031678203	1.9625226623888226	5.330061707211156	0.44681132916381977	0.7820547830835377
4.712120893394128	5.703136768090201	6.035493693771083	4.37976396771349	4.649410958276027	1.020799428287357	2.830118651697113	0.3623091504486433	2.676029163183505	0.06288106031678203	1.8532092576829169	5.45570757835772	0.2067087099276603	1.064604769591225
4.7693021645548574	5.64077131372564	6.03744237069697	4.372631107583371	4.751606467394107	1.0264412543689077	2.790288596943329	0.31271838229668086	2.736505287311212	0.06288106031678203	1.886380768464344	5.308320020924936	0.38953759239014657	1.7908150409083765
4.76323580242046	5.578509797606396	5.976238644789012	4.365506955237979	4.8138679835133455	1.081578618142703	2.790288596943329	0.31271838229668086	2.736505287311212	0.06288106031678203	1.9713622023691584	5.229030550362908	1.1159635119212792	1.927432465353238
4.7575529683814315	5.578977456315365	5.97813888274408	4.358391541952739	4.876025674330441	1.1366208956746198	2.790288596943329	0.31271838229668086	2.736505287311212	0.06288106031678203	1.101130207612712	5.192880455865318	1.8173412639639788	1.7657305847567313
4.948263404494884	5.445084358830308	5.980008885658248	4.413338877666953	4.876025674330441	1.1915682313890974	2.790288596943329	0.31271838229668086	2.736505287311212	0.06288106031678203	1.1477498310018073	5.05015884500557	1.6071270837394067	1.7725212139029802
5.0721224580019415	5.315863788968796	5.9270909236900575	4.460895323280689	4.938079653389674	1.3439584597293281	2.790288596943329	0.31083192582188546	2.736505287311212	0.018214800172061257	1.087710788061752	5.106851307710499	1.425862391948747	1.7035772946199808
5.0721224580019415	5.253913407528156	5.817858528257081	4.508177337272852	4.977954809104815	1.4531908551618555	2.8465548835196772	0.27187553541650267	2.641838102332746	0.020741590236491796	0.8372196672384228	4.908597794262006	2.001282308509529	1.574937881399077
4.874978514682919	5.202869086339452	5.646045443997767	4.431802157024436	5.163185517888162	1.5620463836966751	2.8465548835196772	0.27187553541650267	2.7023142264604765	0.01676976097038897	0.8069037558808866	4.779840059819001	2.6879689656036128	2.128191378449067
4.927311752697287	5.084145767692599	5.594146806323276	4.417310714066667	5.224423174028318	1.6210203396838725	2.9677071833772546	0.22236966454883006	2.642895540276134	0.01676976097038897	0.8174670312998615	4.8981047601359915	2.4955714004180036	2.121750659727828
4.780284998180403	4.9820001621807135	5.167062647432624	4.595222512928596	5.547869681230394	2.0057712749956385	2.949890165772484	0.12357931140351561	2.5824194161482645	0.01676976097038897	1.375041565827344	4.9170510188271965	3.3154861963551103	2.424690858709285
4.760713540576793	5.101418453445742	5.173171508445703	4.68896048557679	5.578282234760854	2.007341553906539	2.9321740517239108	0.020180490928095946	2.613536254959576	0.02212590813867929	1.7775419229035496	4.904179214749107	3.386888690896549	2.5031397795848704
5.500518457529625	4.6317208898924385	5.225604644778839	4.906634702643083	5.866611131420199	2.440128845050405	3.0547366471938524	0.21595890897433304	2.553172572866417	0.02212590813867929	2.5050737980149598	4.799681026857893	2.6327037842591605	2.051727961065035
5.551791523488141	4.515176304971588	5.228362482300301	4.838605346159467	5.986721370244158	2.346141245363822	3.0205868706249825	0.3620273910004395	2.587322349435322	0.020959565601288605	2.5718495920162723	4.907002070422132	2.338844318413223	1.830992694631954
5.970854912838356	4.080501758499377	5.030114837171441	5.021241834166181	6.022581559778242	2.369893914699053	3.1641333552304336	0.7003178838122414	2.5270242269606884	0.020959565601288605	2.4949386723196727	3.9953791878546423	1.9607215755081508	0.32573072619027627
6.285112493099546	3.820603454848144	5.033112292486252	5.072603655461506	5.922017472101801	2.325250058098704	3.2646974429070768	0.796323561708258	2.5270242269606884	0.020959565601288605	2.4218690717308795	3.623171184956034	1.9404755708393449	0.752298005700613
6.8968713622845295	3.3957563905834895	5.110118237326659	5.1825095155414065	5.734842649126713	2.445853986287703	3.783018405992243	1.0379723091471145	2.463832734964309	0.06560911357494102	4.70715050488723	5.917099605129909	1.0069902220947404	2.037100699629432
7.431285237100425	2.9552750540534336	5.070109234077274	5.316451057076596	5.792796495032087	2.603029509688292	3.8090111330650425	1.132834676829106	2.4378617160975176	0.06560911357494102	4.947470148882791	6.00680864956323	0.7268863049825213	2.8442989195970334
8.131244712478539	2.175556776572367	5.032049241671287	5.274752247379611	5.816138380114055	2.4801548397145194	4.162021086381071	1.467095072151144	2.4037119395286264	0.11164116663395483	5.41604264107594	5.1903923518574935	0.61219316905217	5.2993057856410966
8.243682290147996	2.0472707588952526	5.084368653648809	5.206584395394302	5.88413263535382	2.2936407003811277	4.162021086381071	1.6534356147389984	2.4037119395286264	0.11164116663395483	5.177595008558415	5.540621517848759	0.3744599041271931	5.496093751365817
8.571293510747049	1.4153732798771244	4.945783515943742	5.040883274680272	5.844880692417539	2.319172888538949	4.713009291495593	1.92947045080881	2.4348834390925025	0.19919475759353358	3.9451862290376023	6.386285014392053	3.609144454574558	7.542414430173391
8.579470604933116	1.3469665767085701	4.7959958034962185	5.130441378145821	5.61928536266408	2.374115736986434	4.9812201258643	1.9282144538206987	2.340795031747931	0.20609903738507607	3.484133281747076	6.688347143608477	4.042847031732349	8.168198673250552
9.015587243039526	0.6558431628899435	4.566195640137213	5.105234765792423	5.437158414730197	2.6853714279553844	5.65036961918634	2.054359690200462	2.3661227788085593	0.255841790131981	1.7444858232443008	5.030968422528253	1.6432482241969957	4.993517756733296
9.341047414697046	0.4274900415142403	4.640223386009856	5.128314070201628	5.336269509927838	2.831544647854839	5.801837529480869	2.0171865441904107	2.424639650556502	0.338961039700472	1.3194147400622112	5.125100415847219	3.024590101424947	4.880998192116819
9.420025484135607	0.18019225958475749	4.207039731193686	5.03279349335692	5.857801310816606	2.9638191163938763	5.676479359790538	2.1516132335796208	2.5179368722650106	0.42865016492872765	1.3261445107943408	3.1597640888286445	0.9585450101773053	2.6642634273162766
9.620122969403623	0.47225635343341066	4.233761174496929	4.914105441474072	5.966780376844134	3.013481997110056	5.733737672077342	2.149499679295239	2.486673727596478	0.42865016492872765	1.1280192182589004	3.0223498794990946	0.4593435846107332	3.029556026330137
9.870642350758109	0.9014265952176908	4.10318060046094	4.866035155079641	5.810574241124186	3.1707501847870025	5.990850576862691	2.1975110820034978	2.579192463394833	0.42865016492872765	0.24064702303399602	2.1025359396912187	1.9708117341916327	2.2848239514413504
9.992014943640713	0.9044962391786	4.115401634955543	4.972117069506165	5.812236939711974	3.173780200856022	5.840495596334119	2.2452992458790675	2.6726210108537947	0.38554904932366046	0.4911278553667886	2.1163409721441035	1.9467665242353724	2.1929555606411575
9.602954595091994	1.1249767491071472	3.5875700542710907	4.890407791713823	5.934126416341851	3.2267134424116337	5.939086629632115	2.3311372364590173	2.6726210108537947	0.38554904932366046	1.4567789389369357	1.0793283976834667	3.1930590901503733	0.6058540695408953
9.329291194308578	1.164263868967869	3.3456522580930086	4.819375067247736	5.893295896792539	3.226301897342148	6.094542943065718	2.3310872887341425	2.6098068811612065	0.34357089747800224	2.0649550665884173	0.8810036709235362	2.850147822944465	0.5543176069451925
8.206485241986428	0.8973313599713746	2.7484320397853095	4.560721842230266	6.009005957494535	3.1924646489975186	6.257363785047776	2.419307863110111	2.6128067122970875	0.34357089747800224	1.8767858180283794	0.14587479467658043	2.8358189134783194	0.12539995865514814
7.967529378989787	0.8161966528378237	2.444738993935575	4.706593732216572	6.044474996545133	3.344162812210446	6.2719372128211655	2.4195294463511297	2.581234809310179	0.38756550783410615	2.0226387294165895	0.5201624021422311	3.1493879213563467	0.10647773598897732
7.866152345438816	0.7730377778657624	2.434428951183929	4.658685616389702	5.825160975662317	3.2904284231568197	6.4412087668799805	2.3753132527538323	2.641341585511145	0.38756550783410615	3.779468305178112	1.4536439007057882	6.611777322650682	0.4028716479483565
7.817096491146815	0.7142653962141126	2.4441454785434633	4.658685616389702	5.768902591595474	3.2904284231568197	6.497467150946792	2.3753132527538323	2.641341585511145	0.38756550783410615	4.37365031434043	1.652270213863649	6.793016116480307	0.46751672258997484
6.847159212517446	0.02832732038096649	2.3219948025561745	4.553491730348598	5.5990225042657205	3.2411910291650337	6.68709848532593	2.373684839830546	2.5557711397536775	0.30175839863013876	5.7575796948765765	1.744027736311964	5.953756989073489	1.7479662028227965
6.606836426680662	0.15973981170858081	2.314415811324966	4.452160427066371	5.541645931947639	3.194093061920525	6.798708393681412	2.373684839830546	2.4957969347782383	0.25893928876168515	5.372672051197264	1.903230741329987	6.104605066810002	2.475388468070613
1.6342494499760307	2.1448470326077	0.1120851595404523	3.891181642124455	5.801599237533583	2.9081607985322053	6.87128228281635	2.3720512956893196	2.4366827174699623	0.25893928876168515	4.794253239244615	0.3388655203323814	5.147678070909832	3.5299049454961824
1.204684054524416	2.387361054334395	0.19714062366146823	3.789185732521242	5.945059177560802	2.8558029693224842	6.731471290657903	2.326062163164848	2.4366827174699623	0.2212777637064657	4.805084421010573	0.42355074010390714	5.005792798947693	3.4212724812552358
1.4405821503590017	2.6555661999358446	0.20841883343707798	3.8877295168593524	5.935333623813521	2.8512083901382392	6.651183753300739	2.2800018359880347	2.3175892310180073	0.2212777637064657	4.6858691987663	1.6401473366234063	5.394990580869579	4.223777413499183
1.7330390418709585	2.7109979918295433	0.6612584765663698	3.782778557134989	5.9809947907275545	2.796282681327235	6.668673194410915	2.233870208381504	2.1984906983964754	0.2641041283759817	4.67628316686557	2.1348207245159885	5.360702960813914	4.8036347347512
2.198957692801327	2.7535290182372827	0.9716393801998807	3.980847330839089	5.878098715295078	2.891455379598454	6.668673194410915	2.233870208381504	2.1984906983964754	0.2641041283759817	4.835816656798589	3.5570427765933808	5.239297850814096	3.279653527691365
3.909999106980254	2.941398780371976	2.7284183366372248	4.122979550714795	5.711470878605342	3.2123879458668285	6.835301031100625	2.0550698619889602	2.1984906983964754	0.3069868624090655	5.135007171074533	3.275066865495121	4.147581782326995	0.8055702998989817
3.856076747092721	2.954141190104155	2.9384468372544648	3.8717710999424115	5.737043328616329	3.355449523209153	7.076870581598554	1.9234198010843102	2.292859558381641	0.3460362077890823	4.234685921456731	0.4221570575313656	3.031309426378027	0.16217868330389038
4.903578480419143	2.832107435450101	3.8603656206940498	3.8753202951750714	5.623619328419866	3.4898771998386433	7.152146490095694	1.7889921244548572	2.478957896506383	0.4266148532144427	3.2486328206239623	0.20321338928489405	2.1215368574224875	0.3312037823880995
5.461335989092531	2.4702465343213653	4.268106769795834	3.663475753617805	5.496877910080733	3.7347733956434896	7.642615286620731	1.6959787652785827	2.541994459929276	0.38897537441724395	3.7145017399506224	0.4655010614210187	1.3493489896325523	0.7180171556865222
4.9050947696900895	2.299851715201634	4.294365177214106	2.9105813076773592	5.712810425534011	3.635892416879683	7.846911087142645	1.4621936140770926	2.541994459929276	0.31352683499369133	3.9447423170821354	0.10454391974640485	1.8504744105355957	0.474776350644294
2.458765906759625	3.112653313125953	3.1731084832583285	2.3983107366272853	5.8240168617122166	3.6919408828009312	8.100585672508728	1.4511605754770946	2.6953500913767403	0.2744774896122395	3.6010793813463584	0.40339358494056404	1.1129007526157024	1.0047252363126378
3.457709774385585	2.956729529341296	3.714009195974652	2.700430107752225	5.72480180906314	3.740679018910371	7.993468907128983	1.4982099924644938	2.6953500913767403	0.2315236271107961	3.3366303844874783	0.276832556511694	1.216506926171887	0.4049199097567558
0.23058842004730767	4.475647637635275	2.2978859956250437	1.9471732219617583	5.816150381443695	3.0760593864233634	8.33216542829754	1.874441267202029	2.7301735258689392	0.19370712482141222	2.6900915240353216	0.5607140981985593	0.4819189287640336	0.7077792173332685
0.6170058745087927	3.8974983277172357	2.464663461749329	2.0498407404775048	5.713482862928008	2.7494534296280215	8.272890821992195	2.2010472239973358	2.7894481321741913	0.15080272553945023	3.1494477797262657	0.705807935016449	0.789196032030987	0.5716786297756948
1.032959504101749	3.77125636282476	2.6092611099975556	2.1949547569289587	5.662013160504608	2.6591676518197462	8.272890821992195	2.384977315833598	2.7894481321741913	0.10795497766332038	3.1671294425113565	0.6890767430665783	1.0343122355712573	0.04688486014252838
1.1473152765393482	3.605430887963958	2.6092611099975556	2.1434850545057236	5.6604396157241315	3.3012124389972097	8.325934069195995	1.7429325286560275	2.7894481321741913	0.06027374976130098	3.405057489205023	0.846825824089681	1.1891230462720874	0.10431471854801161
4.259880964448409	2.8810875887378566	4.230484723977426	2.9104838292089426	5.5662688501812205	3.3746967240997345	8.368635132315514	2.3410425868100555	2.7894481321741913	0.09933213608105874	0.5365817387098479	0.6578740880808054	2.6439473244830474	1.0862550876207624
3.7964880902098765	2.9910956956195505	3.876391940283272	2.9111918455462056	5.600031504258678	3.233239335261565	8.318175462998033	2.4316474514503286	2.754584606879085	0.09446946017101233	1.8209604062314304	0.36712320946731597	2.3917916297140285	1.6379043304007401
3.7573031524122125	2.864468527346231	3.7066517678121023	2.9151199119461513	5.653057354749699	3.1919687110966612	8.26514961250705	2.4768461420155448	2.6947461110479614	0.09446946017101233	2.5168221873888807	0.7306733506092791	2.201698040801089	1.4642577725942334
3.7690479030948896	2.6992266110297267	3.6083518160179557	2.859922698106599	5.808283721676854	3.8804050311250835	8.271279432719743	1.8353342797850583	2.635511595545437	0.09446946017101233	2.8367703954246917	0.7842236716836649	2.0481847191335008	1.3676260772564754
3.9061488147363184	2.4591650292523988	3.5568624662903034	2.8084513776982516	5.753624496304396	4.071259696667818	8.377409978500603	1.644479614242211	2.635511595545437	0.09446946017101233	2.30826991164567	0.5539309465893009	1.1087599031766293	2.0079686518798385
4.738399672308274	2.4521304415410667	4.237008208632526	2.9535219052163995	5.702153175895944	4.211544199993141	8.377409978500603	1.5977943180269036	2.635511595545437	0.09446946017101233	0.8819360007001578	0.9004002380668991	1.4407409575378145	2.5469457114098493
4.775514345481053	2.3656971280798915	4.137496888926141	3.0037145846348823	5.696673492233059	4.114020159108888	8.281858238076289	1.644479614242211	2.635511595545437	0.09446946017101233	1.7812244194861273	0.8304967590563052	1.4692404238989647	2.954519841991694
4.503564040506696	2.5357728080392548	4.134236318514234	2.9051005300316937	5.750846909036778	4.016492479503301	8.228771196270346	1.644479614242211	2.635511595545437	0.09446946017101233	1.9604114793361826	1.2024642597701054	1.118891309092754	2.4211612938084404
4.390802087287819	2.597973301517247	4.036903075522994	2.9518723132822875	5.793276388656319	4.016650495361144	8.280359373786983	1.6910933816348033	2.572958719796853	0.09446946017101233	1.6981709444602242	1.2687186232716638	1.2276835400669837	2.0633415295806983
1.8602002979192234	5.342435832486561	1.0607235595804954	2.4215119749869696	5.947132899304968	3.7802026589953277	8.339697348098303	1.5071624720503913	2.453893010136637	0.14320705438338546	0.5188687877334579	1.6847826545955151	0.7889811207696117	0.9850528594178678
2.5439570562687157	5.7019467828867985	0.9873542675190438	2.1706354590990795	6.097500842446878	3.779592052345567	8.392766652497027	1.4603338103525463	2.453893010136637	0.14320705438338546	0.24376519124850138	1.8076752329006196	1.0709556774743463	1.2287539981312365
4.214678621942883	2.9956325347352073	4.374251015271247	2.8360601414068585	5.845337022581567	4.394089557223637	8.559332616540372	1.4603338103525463	2.457053901370446	0.18587160283779497	0.0007658739839126503	0.6419027453217774	0.45969484279387035	2.332079895882646
5.980770982873833	2.2028496967891567	4.922460249215075	3.2611604304477253	5.7943201107437945	4.7622885173904175	8.559332616540372	1.4662182273892035	2.457053901370446	0.18587160283779497	0.2766008528527641	0.5139928331668323	1.3419713527512123	2.325524508185244
6.404357595842014	1.8782907490367406	4.8787541972867015	3.4038941475920295	5.986818666435492	4.714100101623425	8.315727258334197	1.606033557785645	2.457053901370446	0.18094589965958763	0.01824434062425732	0.523911456068902	1.5886151867951754	1.75614155890679
6.580539385811107	1.8524080581445987	4.880877625792781	3.552069818163105	5.937386248090873	4.666937216610243	8.262675774651699	1.69888821134275	2.457053901370446	0.22360353645232925	0.16238900948042878	0.8390618169677316	1.8976151298105477	1.5457999665581257
6.67166296211067	1.7159317400791052	4.790259567209273	3.5973351349806846	6.035577377503218	4.613021298868547	8.11410132725386	1.7476861279166767	2.457053901370446	0.22360353645232925	0.08479157170781136	0.8373273077332832	1.8372941846718924	1.7396350870601565
6.68099679835725	1.709946738491739	4.787852214280437	3.6030913225685124	5.984201731108825	4.475120802522838	8.11410132725386	1.8399671654556824	2.516826642490085	0.18094589965958763	0.13704996407983147	0.4611252986972558	1.8356650049817989	1.6146749995420824
6.630515277115042	1.7122952149221276	4.785419430693602	3.557391061343935	5.984201731108825	4.429420541298238	8.11410132725386	1.8399671654556824	2.516826642490085	0.18094589965958763	0.2552007352023553	0.3818854905826655	1.8333274421237133	1.883782268898108
6.702565540887572	1.5930917635600148	4.828823424214298	3.466833880233493	5.834540908713313	4.337776985189974	8.262675774651699	1.8399671654556824	2.485296106287095	0.18094589965958763	0.685765653154881	0.4753627490475102	2.5784288421019306	1.633418510649554
6.528443893519905	1.7070931108926095	4.809113171492962	3.4264238329196632	5.729930825942126	4.202027680720794	8.315727258334197	1.844684426822769	2.545179816633084	0.22000929635743738	0.926959488989643	0.47516095533647235	2.2747922580230324	1.7682687788675697
0.7990655573624501	4.530553530800518	1.2110093972976266	2.520478576140316	5.935621816996164	3.504034785514026	8.315727258334197	1.881486453003792	2.545179816633084	0.18094589965958763	1.5241033775153552	0.7792334398917037	0.39161112989263136	1.2221558768519858
3.400829050235523	5.641801499813459	0.6001066230425331	1.6408658265352953	6.146095816053867	3.161880426435215	8.41108677729622	1.6498615804972763	2.513628574898383	0.18094589965958763	1.22638016847511	1.4823387695568386	1.0602564690435543	2.5152063468234003
1.19760967546965	4.355152284612343	1.3217941588318545	1.835748450310257	6.044957156731447	3.255624390887862	8.41108677729622	1.6498615804972763	2.513628574898383	0.14320705438338546	1.642529578547164	0.5807506978928086	0.4848114234375998	1.351676796586004
1.0004400792086787	4.571069471594526	1.8312001443455876	1.739429248040197	5.992044771148578	3.2058433579123213	8.46399916287903	1.6033234112025878	2.545179816633084	0.14320705438338546	1.3752328598023298	0.25549408293484327	0.48808044720962573	0.6784152768169991
2.67311124957646	2.7802515427655563	3.468993994782759	1.9843687975592685	5.883100514175208	3.2994348067234105	8.481045763966781	1.6033234112025878	2.425845661464251	0.18587160283779497	1.9233664344333217	0.8097723120798581	1.1035541907866633	1.7908731645593179
3.5921225127955596	2.5659235310743282	4.07688157102138	2.081164472848586	5.881159848193182	3.243421222762897	8.367517306986901	1.606033557785645	2.422746207962905	0.18587160283779497	2.2247667054104525	0.36924669578557906	1.2676184803172876	1.4508916851413427
4.451706741750884	2.2599503750630183	4.23768128624484	2.47397583056896	5.779919943780894	3.5284929908916243	8.31448372671802	1.5594996626963453	2.422746207962905	0.22360353645232925	1.8571929695291627	0.8261561084911634	2.2410138620952873	1.8595035750878501
4.5641221133293	2.3112278785666622	4.207980289065364	2.66736970283046	5.78175426141467	3.626785611143543	8.261371905580464	1.6033234112025878	2.3313979033041314	0.22360353645232925	1.9691562317203481	0.925213020719257	2.208413600068268	1.779131101881829
5.389903386408156	2.1126984105673854	4.586534224752998	2.9160675722226097	5.627383926576226	3.7211131456971427	8.261371905580464	1.6033234112025878	2.3313979033041314	0.22360353645232925	1.9084699735907802	0.8285286826116175	2.6646333786730714	1.889373567481999
5.1215037311329565	2.3340656244154743	4.488392017815754	2.967177337732487	5.632283197736108	3.6706634906108198	8.154913213824358	1.647198329506426	2.3313979033041314	0.17972861814968016	1.9012054534829435	0.6223145726655108	2.661476012278351	1.7005387665370817
4.960560091543685	2.4471313381064483	4.439157392078324	2.9685340375718554	5.5805596950411465	3.7107255125144256	8.214394754133709	1.5567695047468644	2.2719163629945216	0.17972861814968016	1.95883888939825	0.6728642579271062	2.7184816615453444	1.5844038787984631
4.1253843560134005	2.6869489668353803	3.8405603493783373	2.9717729734705096	5.5805596950411465	3.7139644484131407	8.214394754133709	1.5567695047468644	2.2719163629945216	0.14199668453562006	2.3604480443549565	0.7214767222007182	2.428196471895413	0.9704450206140431
3.8809244245512198	2.8169366967675473	3.825022524871307	2.8728385964476266	5.632283197736108	3.6667535740851673	8.214394754133709	1.5567695047468644	2.331734131450502	0.14199668453562006	2.58845459985812	0.5312903250048304	2.2770447753207432	0.7175099245825436
3.6333250390425462	2.9407873306407333	3.8458680262639633	2.728244343419348	5.7243453133478175	3.6158302513840757	8.172255499808632	1.513021435706202	2.331734131450502	0.14693624016253384	2.4691721107707165	0.36138085839298273	2.236884481108783	0.40643108757356583
2.575468037201544	3.4087886659369024	3.4542007716718626	2.530055931466228	5.827528440226014	3.5674967041629495	8.172255499808632	1.4224747795493509	2.331734131450502	0.23359534912902963	2.3395847703627557	0.27432589246207467	1.7411014928691793	0.056149749831893775
4.703146727980262	2.7178974531149622	4.448207047119797	2.9728371339754793	5.680489312596208	3.861634585527371	8.214394754133709	1.42715483068961	2.331734131450502	0.272658745827764	1.9197684077964483	0.06308930636971118	2.8339147457056564	0.8059702837752131
5.423342951853045	2.4879133369282544	4.8425466448147	3.068709643966456	5.678766453058506	3.9557842359805573	8.214394754133709	1.42715483068961	2.331734131450502	0.3154994298301195	1.8691424372061214	0.13961816916965636	3.116247692019983	1.1473130793384665
