0	1	2	3	4	5	6	7	8	9	10	11	12	13
10.589918335114968	2.3742299731596144	6.976365920919685	5.9877823873548355	5.342238473264896	1.6104051887729809	3.083922768519097	1.940276366173679	2.358489990711094	0.2956483373950092	1.4405048259226807	4.577262657340256	1.1321570950047322	3.697026684499168
10.538412402329305	2.3742299731596144	6.924859988133967	5.9877823873548355	5.258850330505934	1.6104051887729809	3.2612638463715005	1.940276366173679	2.3266844528005133	0.2956483373950092	1.281497520407396	4.578877603222028	0.6309852774850034	3.697353865201329
10.538412402329305	2.203418998046038	6.874575544825545	5.8672558555497965	5.4694749510440515	1.660689632081408	3.2555038573149897	1.940276366173679	2.323607066353493	0.3330130192410508	1.2282541680913022	4.578877603222028	0.4629208774488441	3.750894531124182
10.621816551146695	2.0353760608916365	6.836586343357117	5.820606268681295	5.566499796870181	1.7110648910388842	3.2555038573149897	1.940276366173679	2.323607066353493	0.3330130192410508	1.1689822344110616	4.535119379096962	0.47466703509742175	3.8606722323561597
10.570105038853491	1.974231384213479	6.734408588303166	5.809927834763692	5.627644473548522	1.7615311337994997	3.2555038573149897	1.940276366173679	2.323607066353493	0.465343136402751	1.115520693544267	4.483407866803716	0.4212054942291601	3.9143985526703533
10.570105038853491	1.8644747911832422	6.734408588303166	5.7001712417334565	5.6759625580905535	1.8569865562758048	3.3169423658031443	1.8448209436977117	2.323607066353493	0.5095682057409867	1.115520693544267	4.483407866803716	0.4212054942291601	3.9143985526703533
10.570105038853491	1.8156552855526227	6.735596001235146	5.650164323171195	5.663428870991664	1.8557991433441323	3.3782955585325265	1.8448209436977117	2.323607066353493	0.4722421989798685	1.115520693544267	4.483407866803716	0.4212054942291601	3.864780179492818
10.570105038853491	1.8156552855526227	6.735596001235146	5.650164323171195	5.623539002718407	1.8557991433441323	3.4780003522246528	1.8448209436977117	2.263792140934635	0.4722421989798685	1.115520693544267	4.427159291077492	0.4212054942291601	3.8713171466250618
10.518277710407423	1.8156552855526227	6.6837686727889976	5.650164323171195	5.623539002718407	1.8557991433441323	3.4780003522246528	1.8448209436977117	2.263792140934635	0.4722421989798685	1.115520693544267	4.375331962631501	0.4212054942291601	3.8713171466250618
10.518277710407423	1.8156552855526227	6.735604958468528	5.598328037491722	5.623539002718407	1.8955254186863442	3.5119407527394046	1.753258382675663	2.229851740420155	0.4722421989798685	1.115520693544267	4.375331962631501	0.4786640537881822	3.8713171466250618
10.518277710407423	1.8156552855526227	6.735604958468528	5.598328037491722	5.623539002718407	1.8955254186863442	3.5119407527394046	1.753258382675663	2.229851740420155	0.42800730878665727	1.115520693544267	4.375331962631501	0.4786640537881822	3.8713171466250618
10.57892168643732	1.7550113095226496	6.735604958468528	5.598328037491722	5.663428870991664	1.8955254186863442	3.5318943227624553	1.753258382675663	2.2009198667571064	0.39061382444605874	1.0432277580853733	4.318978910641677	0.5243775825220374	3.877865166621573
10.57892168643732	1.7550113095226496	6.7875328798485715	5.546400116111803	5.663428870991664	1.8915011414785965	3.5318943227624553	1.7053547385038526	2.2009198667571064	0.3464269319437719	1.0432277580853733	4.318978910641677	0.5243775825220374	3.877865166621573
10.57892168643732	1.7550113095226496	6.788912747378773	5.545020248581529	5.663428870991664	1.8464026116646102	3.591808539252668	1.74907340078701	2.1410056502665755	0.3464269319437719	1.0432277580853733	4.318978910641677	0.5243775825220374	3.827966523103742
10.57892168643732	1.8160994443680907	6.788912747378773	5.606108383426583	5.602340736146609	1.8464026116646102	3.591808539252668	1.74907340078701	2.200896190326346	0.3022977373086946	1.0432277580853733	4.318978910641677	0.5816441253318657	3.827966523103742
10.57892168643732	1.8160994443680907	6.841027057351957	5.553994073453375	5.602340736146609	1.7942883016914435	3.591808539252668	1.74907340078701	2.200896190326346	0.3022977373086946	1.0432277580853733	4.318978910641677	0.6296661800328396	3.7742114527622044
10.57892168643732	1.8160994443680907	6.841027057351957	5.553994073453375	5.602340736146609	1.7942883016914435	3.6517935283142933	1.74907340078701	2.140911201264732	0.3397104382814128	1.0432277580853733	4.318978910641677	0.6296661800328396	3.7742114527622044
10.57892168643732	1.8160994443680907	6.841027057351957	5.553994073453375	5.642145325725961	1.7463779647829603	3.645730571177398	1.7905449842070684	2.167124602819777	0.34614919177052844	1.0432277580853733	4.318978910641677	0.6296661800328396	3.7742114527622044
10.65006625172241	1.6960546512794448	6.841027057351957	5.505093845649999	5.691045553529375	1.7463779647829603	3.705743268202946	1.7905449842070684	2.107111905794029	0.34614919177052844	0.9185975398466951	4.318978910641677	0.5761805270791238	3.7742114527622044
10.65006625172241	1.6960546512794448	6.841027057351957	5.505093845649999	5.691045553529375	1.7463779647829603	3.705743268202946	1.8294643348473019	2.1363583923472023	0.30722984112957874	0.9185975398466951	4.318978910641677	0.5761805270791238	3.7742114527622044
10.65006625172241	1.6960546512794448	6.841027057351957	5.505093845649999	5.691045553529375	1.7463779647829603	3.705743268202946	1.8294643348473019	2.1363583923472023	0.30722984112957874	0.9185975398466951	4.318978910641677	0.633368050192651	3.720550031700976
10.65006625172241	1.6960546512794448	6.841027057351957	5.505093845649999	5.691045553529375	1.7463779647829603	3.705743268202946	1.8294643348473019	2.1363583923472023	0.30722984112957874	0.9185975398466951	4.318978910641677	0.633368050192651	3.720550031700976
10.65006625172241	1.6960546512794448	6.841027057351957	5.505093845649999	5.691045553529375	1.7463779647829603	3.705743268202946	1.8294643348473019	2.1363583923472023	0.30722984112957874	0.9185975398466951	4.318978910641677	0.633368050192651	3.720550031700976
10.65006625172241	1.6960546512794448	6.841027057351957	5.505093845649999	5.691045553529375	1.7463779647829603	3.705743268202946	1.8294643348473019	2.1363583923472023	0.26316774024266626	0.9185975398466951	4.265875975167431	0.6815028154903348	3.77365296717526
10.65006625172241	1.6960546512794448	6.841027057351957	5.505093845649999	5.691045553529375	1.7463779647829603	3.705743268202946	1.8294643348473019	2.1363583923472023	0.26316774024266626	0.9185975398466951	4.318978910641677	0.6815028154903348	3.7704624159737756
10.65006625172241	1.7449548790826608	6.841027057351957	5.553994073453375	5.642145325725961	1.7901033198026517	3.705743268202946	1.7857389798272707	2.1363583923472023	0.26316774024266626	0.9185975398466951	4.318978910641677	0.6815028154903348	3.7704624159737756
10.589446484221167	1.8055746465842946	6.891664260342587	5.5033568704627305	5.642145325725961	1.7394661168120036	3.705743268202946	1.7857389798272707	2.1363583923472023	0.26316774024266626	0.979217307348449	4.318978910641677	0.6815028154903348	3.7704624159737756
10.589446484221167	1.8055746465842946	6.943868034651118	5.451153096154189	5.7034604879364315	1.687262342503395	3.6444281059922505	1.7857389798272707	2.1363583923472023	0.30053242209005065	0.979217307348449	4.318978910641677	0.6815028154903348	3.8241170603338324
10.589446484221167	1.8667670327642132	6.943868034651118	5.512345482334085	5.642268101756521	1.687262342503395	3.6444281059922505	1.7857389798272707	2.1363583923472023	0.30053242209005065	0.979217307348449	4.318978910641677	0.6815028154903348	3.8241170603338324
10.589446484221167	1.8667670327642132	6.943868034651118	5.512345482334085	5.642268101756521	1.735165986676159	3.6444281059922505	1.7378353356554053	2.1363583923472023	0.30053242209005065	0.979217307348449	4.318978910641677	0.6815028154903348	3.8241170603338324
10.589446484221167	1.8178904695361962	6.943868034651118	5.4634689191060914	5.691144664984659	1.735165986676159	3.6444281059922505	1.7378353356554053	2.1363583923472023	0.30053242209005065	0.979217307348449	4.318978910641677	0.6815028154903348	3.8241170603338324
10.589446484221167	1.8178904695361962	6.943868034651118	5.4634689191060914	5.691144664984659	1.735165986676159	3.6444281059922505	1.7378353356554053	2.1363583923472023	0.2565372132941219	0.979217307348449	4.318978910641677	0.6242986207729211	3.8241170603338324
10.589446484221167	1.8178904695361962	6.943868034651118	5.4634689191060914	5.691144664984659	1.735165986676159	3.6444281059922505	1.7378353356554053	2.1363583923472023	0.2565372132941219	1.044351919730349	4.318978910641677	0.6321327791916355	3.8241170603338324
10.528675774342243	1.8786611794150123	6.943868034651118	5.4634689191060914	5.691144664984659	1.735165986676159	3.6444281059922505	1.6989159850151339	2.1363583923472023	0.2580824656654976	1.1051226296091525	4.318978910641677	0.574735937716917	3.8241170603338324
10.528675774342243	1.8786611794150123	6.943868034651118	5.4634689191060914	5.691144664984659	1.735165986676159	3.6444281059922505	1.6989159850151339	2.1363583923472023	0.2580824656654976	1.1051226296091525	4.318978910641677	0.574735937716917	3.8241170603338324
10.528675774342243	1.8786611794150123	6.943868034651118	5.4634689191060914	5.691144664984659	1.735165986676159	3.6444281059922505	1.6989159850151339	2.1363583923472023	0.2580824656654976	1.1051226296091525	4.3721865044226815	0.4596525809015499	3.8246575728405454
10.46461920352046	1.927537742642908	6.878152783937741	5.514004162225683	5.743311521018735	1.736824666567471	3.5433846867302017	1.6989159850151339	2.105520754151498	0.21413525554450916	1.1051226296091525	4.308129933600973	0.4596525809015499	3.8246575728405454
10.535963295573083	1.9049658352549588	6.930353583813124	5.510575547015005	5.7559861576932185	1.684623866692164	3.481937865391118	1.6599349356444266	2.105520754151498	0.2531163049158325	1.0337785375562998	4.308129933600973	0.34418214353338733	3.8784992906293425
10.535963295573083	1.9049658352549588	6.980803611222908	5.460125519605346	5.7559861576932185	1.6341738392824925	3.481937865391118	1.6145769421552656	2.105520754151498	0.2919770733351452	1.0337785375562998	4.308129933600973	0.34418214353338733	3.932434769353083
10.535963295573083	2.014882433485986	6.980803611222908	5.5700421178363095	5.769217982123578	1.6341738392824925	3.3587894427297815	1.6145769421552656	2.105520754151498	0.2919770733351452	1.164413345388051	4.361442403350666	0.2427107869840314	4.09580480739922
10.535963295573083	2.014882433485986	6.980803611222908	5.5700421178363095	5.830919650584486	1.6778194027295348	3.2970877742685714	1.5709313787081167	2.105520754151498	0.24815362785895792	1.2299138846310098	4.468382842064351	0.19157359005695535	4.0977720625199066
10.546585598601531	2.0042601304576824	6.980803611222908	5.5700421178363095	5.830919650584486	1.6341738392824925	3.2970877742685714	1.6145769421552656	2.0454084888871935	0.2043873158247842	1.4165277900580244	4.632131771628032	0.08166198853345978	4.1529773374023735
10.482644993055187	2.065612635411769	6.916863005676531	5.631394622790344	5.769567145630573	1.5862701951101836	3.2970877742685714	1.6624805863272742	2.0454084888871935	0.2043873158247842	1.495252361997041	4.622036183848578	0.18099042671165477	4.258866466290416
10.421619249036537	2.0780189354950847	6.866412978266784	5.633225206264711	5.818186589565853	1.636720222519761	3.2970877742685714	1.6624805863272742	2.0454084888871935	0.2043873158247842	1.6225419944048933	4.622036183848578	0.17427560967792505	4.258866466290416
10.473495643163986	2.1880949846947364	6.9687393998040035	5.692851228054602	5.606882015672408	1.5862701951101836	3.3719746665580588	1.6624805863272742	2.071750121291922	0.2043873158247842	1.6889295492525742	4.7819208142197205	0.5275166847889784	4.32242015766574
10.409694926664262	2.249655813670038	7.009609933928848	5.649740806405162	5.5453211866973	1.5295025886577973	3.3719746665580588	1.6145769421552656	2.071750121291922	0.2043873158247842	1.7554409383188225	4.772283750957849	0.5817979228512835	4.274079127882254
10.284831061185683	2.482683546440369	7.048745667204774	5.718768940421458	5.311816259718395	1.5663397556198904	3.399959297829419	1.474918678123375	2.105421185912858	0.16067807655313157	2.016898279431574	4.928039426805426	0.9159438887515967	4.221906915178263
10.157805768663886	2.482683546440369	6.974282668045142	5.666206647059261	5.272165207561805	1.6008212593719349	3.4996230470115894	1.381578312688927	2.105520754151498	0.16697464487056032	2.353188477300143	5.352472628321358	1.3379405690604507	4.462650921120907
10.094465526988905	2.482683546440369	6.913258028595692	5.663891044833773	5.2324287321029885	1.6466070230811851	3.5393595224703107	1.3334769467546024	2.105520754151498	0.16697464487056032	2.4885806007129476	5.400817378240391	1.3908910364847844	4.301351569766857
9.961541517510948	2.5671931447939245	6.913258028595692	5.615476633709113	5.3646519826264285	1.6466070230811851	3.4555506830717713	1.3334769467546024	2.0454084888871935	0.16697464487056032	2.734410515641416	5.962548574520752	1.6145941533400872	4.728003868797213
9.909547716219187	2.5671931447939245	6.914015744604008	5.56272511640902	5.3646519826264285	1.5938555057811794	3.4555506830717713	1.3334769467546024	2.0454084888871935	0.16697464487056032	2.749545497818277	6.024226133483719	1.6806858344791331	4.673381431321651
9.795930093312975	2.7525551263205936	6.9147512907536015	5.633733928880094	5.240798800726177	1.6374329539601118	3.3617963536036743	1.2370551291459058	2.139162818355136	0.16697464487056032	2.979584470405696	6.785452646095022	2.639806563067425	5.4444731423460535
9.682043362534746	2.876301495502339	6.812103946590964	5.746240911446036	5.178715021439154	1.736176804835147	3.301811364542025	1.1887344815502772	2.1681989356421467	0.16697464487056032	3.0726245912476875	6.910052115988166	2.694573889829798	5.641098723565163
9.380586990381664	3.1341081192636655	6.853486638934438	5.661208470710798	5.155881610601502	1.6235230903397895	3.2001622399331726	1.0918732198642036	2.1681989356421467	0.16697464487056032	3.625235090492641	7.222470005694177	3.214704605088553	6.562833312943849
9.327993336035544	3.196507113750196	6.854110313917793	5.670390135867879	5.155473420735956	1.6188465703006103	3.0782572188223187	1.043332410573393	2.2281131521324746	0.16697464487056032	3.642022722291141	7.290464134877376	3.448826925627039	6.572322950903008
8.830552979236224	3.423801292111103	6.632324368129417	5.62202990321792	5.203833653385782	1.6188465703006103	3.0782572188223187	1.043332410573393	2.2882718410242933	0.16697464487056032	4.218040571821755	7.560996502101993	4.414600881305676	7.377666104901279
8.644327500552878	3.5569451636092104	6.579242760944116	5.62202990321792	5.203833653385782	1.6188465703006103	3.0443592868459137	1.043332410573393	2.3221697730006907	0.16697464487056032	4.422392330361753	7.513141569515357	4.629907203150249	7.32493672221179
8.350329591938802	3.6277231982959983	6.513037858945491	5.4650149312892635	5.203833653385782	1.5537947841048085	2.9844733800112215	0.951369224840953	2.3820556798350516	0.16697464487056032	4.564511419806337	8.498803260515785	5.181941526338407	8.340793295371713
8.350329591938802	3.6902549229812824	6.616730314149572	5.423854200770585	5.203378530416715	1.4501023289010015	2.9223967782952376	0.9903073492934391	2.321896990943326	0.0843842931173193	4.689366162869176	9.213355501831758	5.27573146800582	7.893314778965487
8.118632029322468	3.8718216767742026	6.56291213495449	5.427541571142324	5.131975363542772	1.43479323259112	2.8828574033493033	0.8983612741553811	2.321896990943326	0.04078901689408484	4.884765876412659	9.005487475607577	5.022768376687929	7.969192664619199
7.9401847639547665	3.9422923530376854	6.558790523420301	5.323686593572422	5.131975363542772	1.3309382550211712	2.8828574033493033	0.8531450661838142	2.321896990943326	0.08600522486262735	4.973730454838976	9.516993957055545	4.653760975774223	7.1368781388003955
7.119334817557872	4.333422325350516	6.219523270215891	5.233233872692461	5.0290622111744	1.2125115665533337	2.8262229652459023	0.7555828253346148	2.3248944774989413	0.08600522486262735	5.0253181125454205	10.05593104763117	5.0742433167322165	8.932534967272186
6.8830988046315795	4.466395381702495	6.0533336032405	5.296160583093619	5.00563473495627	1.353525192319097	2.7867237310627573	0.5756218530479321	2.3248944774989413	0.12495257138443185	5.041526449049669	10.028942666317567	5.42956269534514	8.917219051753522
5.508617752281991	5.221514105325662	5.58386248215984	5.146269375447951	4.94260213330439	1.2387348498869513	2.7867237310627573	0.4774883861827792	2.3248944774989413	0.12495257138443185	2.7066564425874824	10.33628966415992	1.1631926298087025	9.395248937720975
5.372012863546696	5.358118994061064	5.6383721522289365	5.091759705378789	4.880479843053019	1.1842251798180732	2.8828574033493033	0.4774883861827792	2.2908830954634984	0.16854784761283845	2.8106324638753226	10.209127121914802	0.6210083128413375	9.55999750114326
5.303935020131038	5.426196837476794	5.692976820682602	5.0371550369250935	4.840940468107358	1.178798095026055	2.9223967782952376	0.46725814904273244	2.2908830954634984	0.12960050108666582	2.988590238682701	10.209127121914802	0.7749229368109932	9.597748686545673
2.540458998123126	7.143554498225392	4.751376771796035	4.932636724552347	4.801315263743707	1.123531392483468	2.9620219826585856	0.4180065392112423	2.2908830954634984	0.12960050108666582	1.8876988537779682	9.847859205650513	1.2123194839751907	8.753134355097622
1.8515894158950639	7.702056624736593	4.5729237938570195	4.980722246774874	4.713518465996147	1.123531392483468	2.941918332764851	0.4180065392112423	2.350698020882727	0.17325272838855252	2.1555885466151445	9.687114522383853	1.2301010386277194	8.432738457719383
0.7414108081953583	8.218752388237858	4.137193771784074	4.822969424648852	4.69944768424333	1.1125897678758472	3.0380573075633834	0.3192808639157022	2.316715350059266	0.17325272838855252	3.0594927365207316	9.641387478596421	1.706541445112744	7.31763689772483
0.7385814668273623	8.155719786585875	4.18934109804648	4.704960155366527	4.7004102620044	1.199638434479317	3.1001273314543405	0.17725552968311414	2.316715350059266	0.17325272838855252	3.3195664744398203	9.2087034763223	1.947758573099821	7.720619270114397
0.9255938563220185	7.905780686689936	4.24441330744592	4.586961235565664	4.701353194461119	1.1445662250795743	3.1024092418384273	0.21614149408387126	2.345338111528495	0.09694708093219315	3.258146449076812	9.020732511353602	2.3140513548872974	7.761268406615506
1.2919459121085397	7.717523049239531	4.417130617308346	4.592338344039763	4.701353194461119	1.1565640614553085	3.1024092418384273	0.2095207661823561	2.345338111528495	0.09694708093219315	2.778408834894754	8.689032222756554	2.3858480244056834	7.301019866356894
2.1622907699806477	7.1460455857319545	4.715998011672825	4.592338344039763	4.701353194461119	1.1565640614553085	3.1024092418384273	0.2095207661823561	2.345338111528495	0.14066523863822464	3.2936542790554455	8.781592122746876	3.2860335357287074	7.1399772214340835
2.3602501097958424	6.888576514337934	4.656488280094148	4.592338344039763	4.701353194461119	1.1565640614553085	3.1024092418384273	0.2547276832731345	2.345338111528495	0.09545832154298664	5.433021131084663	10.10263747895864	2.6685741241016907	3.442985650093136
2.495207716028708	6.742120715325434	4.596846982086352	4.640481449268046	4.715193867177661	1.206261803517895	2.980794387621491	0.2050299412095371	2.465220805516644	0.09545832154298664	5.834292157501209	10.375906410526337	2.533510823798385	2.481121542808807
3.3462520608778124	6.013615727775158	4.711550658193342	4.648317130459609	4.652295807886427	1.2009718505495355	2.980794387621491	0.15525751607764862	2.465220805516644	0.09545832154298664	7.0151691866189685	10.109183515487194	0.49052645255916594	1.5630422173386629
3.480200255934706	5.942671202474621	4.7667085241833	4.656162934226156	4.589292138130107	1.245583256586118	2.980794387621491	0.055488244050787235	2.5255377944537076	0.09545832154298664	6.606500701770639	10.189000126805347	1.1376962140547628	1.4338267475499427
4.013403397343592	5.5323014036687415	5.000144646640888	4.545560154371709	4.589292138130107	1.3354193059266954	2.980794387621491	0.1449505851416438	2.5859201271489707	0.1392336509384791	5.62085014722904	9.83419949928877	0.7893378108016316	0.7662356289673282
4.741367215997455	4.982054349095258	5.23330661617154	4.490114948921064	4.589292138130107	1.3302719063517672	2.980794387621491	0.19524839101509223	2.5859201271489707	0.1392336509384791	4.717438735364945	8.679191069453683	0.018157703733991795	1.3289858997871826
4.657519631569041	5.231706115337455	5.400678852388759	4.488546894517742	4.603382363838156	1.4244103111011988	2.918724363730498	0.37781132187393707	2.5859201271489707	0.17811032446122604	5.053001247049352	8.676533582856383	1.5438012591102328	0.197152512958416
4.8439979911677495	5.162532243598059	5.517983340247976	4.488546894517742	4.6655386678135	1.4244103111011988	2.8565680597552157	0.37781132187393707	2.5859201271489707	0.17811032446122604	5.216594412622596	8.430348317320014	2.390738798330607	0.5858267091068939
5.017857559594259	5.153334079170461	5.795356477926784	4.375835160837984	4.657375587970648	1.3066130500513369	2.8168567842301555	0.4206001498714675	2.5859201271489707	0.17811032446122604	5.039968306055043	6.771986215473203	3.397201569251247	0.777220650879213
4.5380700139311285	5.680890817965948	5.90038924995283	4.3185715819442825	4.609606394838385	1.1938823262064586	2.8168567842301555	0.4581184060240393	2.5859201271489707	0.26715909453174896	4.438580490727921	6.979578711119542	2.3830857584235425	1.0615313950474767
4.595434068599884	5.497371926056832	5.837150610277531	4.255655384379178	4.672522592403717	1.2869321740815922	2.8168567842301555	0.5122822894980781	2.5859201271489707	0.18444056802860379	2.9217609725668803	6.338305887287574	3.3731854891496216	1.5631778208312541
4.65727691403538	5.420112639394539	5.823266464414791	4.254123089014988	4.664454106608991	1.2802695589456963	2.77723157986675	0.5548456598841579	2.5859201271489707	0.18444056802860379	2.3937232737319536	5.873503873297131	3.6120390719796163	0.9339522946834964
4.718657926663648	5.295749765025054	5.760284602673692	4.254123089014988	4.7266165376228715	1.2298833785967318	2.6555088669850986	0.504459479535197	2.6454804090165007	0.18444056802860379	1.811141785842144	5.168859967601413	3.7975812485255998	0.8172398333245038
4.588829645534522	5.42557804615423	5.760284602673692	4.254123089014988	4.766115771806028	1.2723846795831244	2.61600963280188	0.5469607805216289	2.6454804090165007	0.18444056802860379	1.617641654147135	5.448739535404738	3.0538441570717154	0.7813985474086848
4.521256086800144	5.4931516048885625	5.760284602673692	4.254123089014988	4.766115771806028	1.2723846795831244	2.61600963280188	0.5469607805216289	2.6454804090165007	0.18444056802860379	1.6567457022470622	5.731079736886353	2.5429609662016057	0.8343957139857767
4.131741463386093	5.761524564401389	5.757708319476673	4.1355577083108885	4.828898096329916	1.3679460084473218	2.61600963280188	0.6594804740271026	2.7059280573675495	0.14561587649100313	1.6289314659479415	5.797647040209094	2.749486539320482	1.8198530378679898
4.002408146854937	5.89085788093252	5.757708319476673	4.1355577083108885	4.828898096329916	1.4692164957573128	2.61600963280188	0.7607509613368306	2.7059280573675495	0.14561587649100313	1.7328528389419415	5.859878985424164	3.0023170926883402	2.395516035666366
4.065015437398643	5.886609929766132	5.816067658854035	4.1355577083108885	4.828898096329916	1.5199642710288765	2.61600963280188	0.8114987366086612	2.7059280573675495	0.14561587649100313	1.682694190092277	5.003800177737938	3.1602746647555153	2.6115025792552844
4.127513963295971	5.882342712476204	5.825085021492152	4.18477165427992	4.828898096329916	1.6200011294928527	2.61600963280188	0.862321649103487	2.7059280573675495	0.14561587649100313	1.7582998521570652	4.850663947432814	3.3077874766143447	2.6777638520057434
4.523050418190151	5.555163194776284	5.9411647499452815	4.137048863021223	4.87662088758862	1.6200011294928527	2.61600963280188	0.862321649103487	2.7664409926292617	0.14561587649100313	1.3442374351629478	3.958285979884544	4.167569766180114	2.080337363567582
4.660118106893827	5.350444283974426	5.817718432113658	4.192843958754576	4.87662088758862	1.6757962252262508	2.61600963280188	0.862321649103487	2.7664409926292617	0.14561587649100313	0.7842802122886823	3.6228298965082497	4.135905439768395	1.7434265221371645
4.728658582224401	5.281903808644042	5.817718432113658	4.192843958754576	4.87662088758862	1.6757962252262508	2.61600963280188	0.862321649103487	2.7664409926292617	0.10184054709785996	0.35789600468495575	3.6847011826752407	3.5754308653883946	1.668231533769674
5.480826387172957	4.936931594373161	6.058103472255161	4.35965450929093	4.87662088758862	1.7917838632675291	2.61600963280188	0.8114987366086612	2.7664409926292617	0.10184054709785996	0.39306282972028256	2.1995940207026297	4.778344929848645	0.6008531703272474
5.418205336308002	4.936931594373161	5.9400700094975365	4.415066921183684	4.916034502495212	1.8471962751601456	2.5765960178954024	0.8114987366086612	2.7664409926292617	0.10184054709785996	0.3219618847267643	3.570288373397577	4.2387441266965675	1.551163699345401
5.462765567949063	4.880920703497902	5.998611232946636	4.345075038500405	5.041343482133604	1.9025133721154395	2.636156299762977	0.8114987366086612	2.706880710761464	0.10184054709785996	0.4548942421454658	3.8747976124579466	3.895513978091759	1.6740229459068043
5.450362616111318	4.887568891777303	6.00013232221161	4.337799185677206	5.041759141225802	1.9577352969893018	2.6982384183682715	0.8114987366086612	2.706880710761464	0.10184054709785996	0.516608520814753	3.9340033488066544	3.7545610310283553	1.5394241000792805
5.632623789172765	4.7080888268934915	5.893308686003877	4.447403930062337	5.090096469494221	1.9246848918630428	2.7602351890068997	0.5585094881899252	2.6463677754999124	0.10184054709785996	1.4085751466904182	4.042203838154727	1.9836152341174789	2.008898215790329
5.751543823396919	4.645771973186781	5.853377842514659	4.54393795406896	5.0905018695264515	2.0331623703695727	2.8221466426815676	0.5081360889829515	2.6463677754999124	0.10184054709785996	1.2115561402913761	4.161123872378781	2.4225862055865903	2.008898215790329
5.4758696978891255	4.673221221404802	5.635666494137769	4.513424425156195	5.276900578391031	2.0501253555525283	2.8839728111062617	0.2621901680055775	2.6463677754999124	0.09405375393713868	0.7054724726461588	4.355454510575431	2.341802475036305	2.2747530401317095
5.39517626824454	4.686663001983375	5.583610980916351	4.498228289311518	5.33864821247423	2.0584894871263955	2.9457137267032363	0.16226188574309985	2.6463677754999124	0.09405375393713868	0.8895421881812673	4.604805329624198	1.7993785495491832	2.4005743301140763
5.503355901010638	4.514272894348171	5.3394013644301985	4.678227430928699	5.601773351438113	2.1862128637421905	2.928322639664288	0.18100672071348897	2.5859201271489707	0.0487949644042887	1.1308020198112672	4.786328906680246	4.407352124342393	2.4005743301140763
5.430536823244544	4.527733458694856	5.242480806117908	4.715789475821525	5.701962887042597	2.3460223298455736	2.950380525270515	0.18100672071348897	2.616859235939972	0.0487949644042887	1.496932011802765	4.87968918748824	4.580175866293495	2.363589623722054
6.183570716581237	4.162173958309296	5.288282926165571	5.057461748724685	5.700706516097335	2.5749315598654166	3.1342362539596142	0.4763691213421508	2.556523756916451	0.0925612764448445	2.0294425383864767	5.056858260444105	2.9819580615013797	0.8060493423935998
6.399775760081853	4.0497739313385495	5.296222001915386	5.153327689505294	5.639218939778177	2.5847640916582155	3.256384967341674	0.5842578039880981	2.496253433673732	0.13136713984411844	2.198003160804252	4.6402768579101075	2.763460647576273	0.2250017862674014
6.579284842581058	3.9757465641996976	5.465950490032502	5.089080916748259	5.590432868076488	2.435246565431445	3.376963974905619	0.7270200849814727	2.4366223574016055	0.08603747191274977	2.1578525631391887	4.003617322267943	2.853504945088791	0.39190750644073363
6.655169793131515	3.932319804533211	5.313716554275764	5.273773043389034	5.495771294014562	2.510663988381672	3.7010849664467567	1.0657542061509306	2.3764172176198852	0.12338208571930906	3.4280845958692896	5.281171829191625	1.8531311244618	1.8480449469848839
6.834976509533594	3.6910827780922673	5.216172611277302	5.30988667634853	5.544017356092937	2.6622159850784763	3.821647670453451	1.1191246084987476	2.407431113099558	0.12338208571930906	2.907540005552229	5.333366383107948	0.9781873198318751	1.8529893425947341
7.397948485251025	2.856163024439063	5.04223989041589	5.21187161927442	5.778752167467808	2.8459473516922373	4.24098309536681	1.4914484210998216	2.3473374478077336	0.12338208571930906	4.391968793675698	5.834458004505189	1.3919558794294125	2.6512224999882683
7.559471406111321	2.5652923096907547	4.997591160661484	5.127172555140537	5.91385245790959	2.9010627917150993	4.340701929487231	1.5864530415047469	2.3473374478077336	0.12338208571930906	4.913975995411026	5.759256082474068	0.49249217593645106	2.885004871592707
8.066002089255075	2.0291504901147372	4.9120167184690455	5.183135860900914	5.790229653489089	2.8280997525950005	4.755600127925078	1.9160568541092715	2.3473374478077336	0.17022277801642466	5.2325328111652745	6.19790282940678	0.7667328495775229	6.502270562268786
8.302314140726004	1.7917608595669232	4.879230219030542	5.2148447812624	5.7882510905977185	2.8783608457249463	4.90734672871105	1.9618001477550457	2.284396041320281	0.1843877058032984	5.163855960884697	6.4936585402760185	1.1325018311314146	6.471688865600803
8.732751898958494	1.097602588835075	4.847428164517592	4.9829263232761685	5.620720969293463	2.950574329355525	5.6819108372792835	2.140729266207136	2.1595079846871585	0.2744772756125021	2.870223302427995	7.987040642665865	3.1468877618034785	9.006958702145717
8.885950024409937	0.9275678348445455	4.853885264704292	4.9596325945503725	5.5600205771017945	3.100553716833868	5.793621712862456	2.0476451695363735	2.2785322552861302	0.36432301007023454	2.354619994165404	8.371107783457221	0.32750299239545605	9.641028723037872
9.462029796303105	0.2006524531456505	4.5375801760239876	5.125102073423912	5.400486660497066	3.361180094742989	6.119101608676771	2.049351159198871	2.3379387846386113	0.49281262993436475	1.8640432688011628	4.965703418253153	0.016172204394752435	4.243105944396864
9.91705831163233	0.676587968878227	4.314708185308141	4.925762157445704	6.018088991583464	3.389506463730621	5.913565342117282	2.2677593134637264	2.371947159342906	0.5365789419688035	0.3881955735072925	2.531179113070091	1.3020463895997023	2.462595627034576
10.118798738422836	0.9687107468517512	4.196850148500588	4.953237843070635	6.183786918297468	3.443279070035905	5.8200676782478915	2.4071603194976903	2.465444823211943	0.44910339066159316	0.14849226168481902	2.3449787852182205	1.2380187886653353	2.5259282143343165
10.086121658346988	1.2199856012966728	3.797793021560275	5.068343035489558	6.095201653457937	3.693300184616864	6.084206737483242	2.54137822683112	2.4991264210964226	0.44910339066159316	1.5606913805955203	1.8323759727974585	3.1643685154338077	0.7331563085538139
9.860311052397197	1.244414874277436	3.608833311260534	5.00706286685915	5.986496457895934	3.5236603699603126	6.317506311930385	2.8086353973314746	2.411044217911864	0.461718214713433	1.59802626977305	1.8384417332618064	3.138492837716929	0.6518607096146187
9.144620496248793	1.257239391878959	3.0247768623946887	4.8626042419750215	6.003411287151609	3.94897670358078	6.745375589118865	2.762798334600833	2.41404434661793	0.3669042569210413	2.463331657984524	0.21742056027338327	5.041963657340552	0.5413616033452695
8.859914223680594	1.2876716749782566	2.7671425663445812	4.8050999823583025	6.051313365704088	4.085923921841517	6.801314823981618	2.7170284806682927	2.41404434661793	0.23479890146759086	2.7702157972003016	0.21193985137826	4.958618089434689	0.6347983342797406
8.023531517439446	0.7862540411657438	2.521443739798805	4.715833736474854	5.778381271199511	3.946665232651144	7.024254475179133	2.806891957613491	2.3541401182624484	0.10138841474157896	4.042548171159105	1.1277316994427256	5.962876874355609	1.615484535875957
7.726955591464668	0.6512846324892384	2.5577667429683384	4.517904216007443	5.776605380982949	3.8489052599397446	7.0797854357372225	2.8055007845122684	2.3541401182624484	0.012875027261310441	4.335319899953717	1.339547148351287	5.850459683926336	1.8031796630142027
6.352934383728047	0.11434388601481048	2.166810044832138	4.30046822491021	5.717606530125563	3.895391444273671	7.3562202776917385	2.804099040127511	2.294301622431252	0.11901904566555963	5.0337264922906915	1.5789280638194099	6.077007892966442	2.9737310824801697
6.049157850120324	0.36325677905356324	2.158704442774099	4.253710186399913	5.662563021089036	3.8043763438011347	7.411263786728345	2.8871900437969007	2.294301622431252	0.20117266048121626	5.050514685521644	1.843642263049043	5.898206509263245	3.670596176986611
3.5638105885245683	1.6162930358640952	1.342285260026308	3.8378183643620996	5.795845412529889	3.98706034229714	7.514582935618144	2.6987967432052646	2.4825847037941475	0.15961296668429698	5.393387187581533	2.4185344673532048	5.117624959752235	2.4102043495770835
2.5918609351648607	2.0640929395861827	0.9195148862458529	3.7364389885049465	5.792233510860693	4.08498323640849	7.588948751015814	2.604878376669676	2.5172146934984925	0.15961296668429698	4.9854453080923475	2.8126751863465738	4.836272735227583	2.844939206666311
2.9534073509294028	1.708243431064485	0.9753704596305209	3.6862803223629768	5.788014674019005	4.132051373676015	7.643326253999469	2.5578102394022055	2.5456790020989524	0.19713257297204487	5.232296611442846	2.7681225502251823	4.855624948696158	2.8183348170867304
2.768396880030237	1.8406957488813578	0.928529291031071	3.6805633378804257	5.840572827100904	4.273247249888469	7.643326253999469	2.4634555317891467	2.5456790020989524	0.19713257297204487	5.116769912844681	2.614466936873625	4.569892534462713	2.74723853725242
2.2802433411773455	1.986264671351897	0.7410477803857358	3.525460232143266	5.929424141210963	4.3205340300566695	7.615384942336788	2.4549322794351203	2.6398721053889287	0.28507258237551003	4.5549448970286734	2.1849123654727944	5.46609510149954	3.5928469952092796
3.013510515159997	2.483054814397804	1.9760695791600746	3.5204957503973566	5.869955569270264	4.465573655153968	7.777497750283321	2.4075724085976202	2.6398721053889287	0.45778509632599634	4.177415844613167	2.6819585121444227	5.082122217627627	2.8869265376931574
3.8950582829806377	2.189045283026742	2.570879046202578	3.513224519804973	5.870016297436198	4.607180921939033	7.985091617784692	2.357821106519096	2.486156574584807	0.5029732267622467	4.928647151376199	2.867779231661406	4.604715830342321	1.9797417088260065
2.7664261733642803	3.178578117411202	2.8889983447876664	3.0560059459876263	6.065847861973106	4.655746138568695	8.293953221515164	2.2690927446842415	2.33206451557545	0.5094779158274545	4.426949159394606	1.601541600853478	2.8436744378713144	0.8267811471033344
0.9185516099646831	4.360995683038063	2.578304313504268	2.7012429794981383	6.160407470165106	4.608995210552772	8.661121124449833	2.2690927446842415	2.209834364610416	0.5525148100655315	3.792890268401942	0.02030760133075139	1.6352027899257253	1.1555202698154405
3.0038510923439086	5.648434143984128	1.6220355466784784	1.0225475049620834	6.440639312184966	3.682731452953294	9.136785153305038	2.2272981090916746	2.2412539536702454	0.5931607637351131	2.1492526664466793	0.26332113279962616	0.5756322232837875	3.35536923709966
2.639825677335596	5.278661347323432	1.5649150820670308	1.073920587920701	6.282616045480687	3.678915087866145	9.29393136414128	2.236412943485125	2.2726079968971282	0.633642971879093	2.5975130541775333	0.10232432486758572	0.34464299761565537	2.622146017210092
2.3574199522520054	5.0661946599185805	1.536388319198923	1.1723863884673378	5.978198428781053	3.77732288218685	9.614516974607858	2.287032402086988	2.3070014555061618	0.7190982614807854	2.696308718327781	0.19787355247740895	0.31359875033828505	1.226866243419137
2.0752600673119184	4.911517277030006	1.6181570207770561	1.218100188940934	6.131579706657303	3.869368798533062	9.451035504581608	2.2902969948537515	2.366698356295826	0.7190982614807854	2.847090314601181	0.08781987167122579	0.26186751656883667	1.3269255728468876
2.8299053375724683	5.111932608525237	1.705591903225697	0.576435367726449	6.2175950832317515	3.864801415176412	9.812927598656394	2.0559706335666004	2.3382840535052645	0.6739618674012628	1.8774104799419067	0.026787408689364595	0.05388010987981048	0.8510838338262497
0.52647021117147	4.987155758808156	3.8295847320743377	1.6840412379053136	5.969012710145877	4.6845271433428195	9.85600581580099	2.197971732891295	2.187723316005022	0.6739618674012628	1.2968802960660515	0.9874781295736571	0.612347335004255	1.271799132008521
0.8499910138758366	4.749679417476928	3.5754422474517495	2.0242281839014535	5.767704115591152	4.878612650735163	9.839366973103818	2.2451606007741463	2.1878506993803373	0.6739618674012628	1.3423062810870134	1.1774854383830464	1.6289282493822135	1.1540462790561958
1.646190701475396	4.166827839391409	3.646586311858894	2.1664322290079694	5.726121048838842	5.026202879115348	9.933452845212344	2.2922772228563986	2.2194074913212267	0.588506577799418	0.9376606417416349	1.3483136084447467	0.9627850123342409	1.0290085861235123
3.5932021496529067	3.3680704119616904	4.470109891083555	2.4911626705310144	5.727626275859472	5.156152251881403	9.831183465099995	2.3862941385220013	2.1878506993803373	0.588506577799418	0.9323057807366806	0.15381078972057818	1.4740584926305704	3.1542297240322767
4.213044458531238	3.016502348101819	4.6004627559915034	2.6290840506416986	5.871513131761212	5.247148224582969	9.736970949270336	2.482893886002858	2.128495177464921	0.588506577799418	0.4198993012143404	0.8832423757700738	2.085442524777616	4.646615082791013
4.211683707644902	2.5665331220453935	4.4396467244070195	2.3385701052835524	6.11419126346802	4.0932399615486785	9.642785891768614	3.4947812778842686	2.0692051608495197	0.588506577799418	0.06716866095876953	1.0051179907974745	1.764251802469743	4.6019041369502585
4.8108475378856665	2.203902913917139	4.723382844850283	2.291367606952483	6.05703425518802	3.6221148078173173	9.548628789382427	3.812526216697834	2.0692051608495197	0.6763986448579588	1.4552119129256291	0.5568181238311769	2.525440886640791	4.3745157978028955
3.9065057299929666	2.940283837547251	4.697526073633118	2.1492634939069077	6.093063977432356	3.6390320643099487	9.30099067646326	3.4561698185403795	2.160259602806627	0.6739618674012628	1.4565168924701493	0.07569105925560352	0.5258004397771721	3.9590702818524623
3.764592880788316	3.00435124247374	4.519579235957841	2.249364887304539	6.043554798855356	3.601290069557732	9.30099067646326	3.5445040281129963	2.160259602806627	0.6312622507781928	1.0696903350476683	0.8804952073785328	0.3645266614149861	3.247383552032972
3.5331780506958474	3.2578189484910864	4.64410824669553	2.146888752491395	6.440994057728654	4.280255158617165	9.017146315791749	2.911328380834066	2.1949302811985243	0.6312622507781928	1.2919818320134986	0.3392672886067567	0.011225661989738652	1.2259717258075862
3.492153411030912	3.2180860145323007	4.6112096990166975	2.099029726546547	6.540707572715742	3.7367097153901057	8.965291826749578	3.4548738240612322	2.1949302811985243	0.6688747876389171	1.2945066636349936	0.052019610792155134	0.04882199901025312	0.8443876923508267
3.9024128552338917	3.131170838638529	4.796106895502829	2.2374767983696064	6.3828261214855635	4.515756678634907	9.07808812217021	2.863350387353859	2.289091891722004	0.6688747876389171	1.3640082594301044	0.6149683725648634	0.5594476442323174	1.5475639935789278
3.9094958761749488	3.103951910290782	4.823144598323738	2.1903031881422415	6.223742494044308	4.067743650177432	9.335065493962093	3.400856396078744	2.289091891722004	0.6700350969223152	1.3217183568358692	0.5372105356218282	0.6846339614499788	1.5619864084359236
6.4758272805400825	2.4541190811505356	6.24132963125639	2.688616730434323	6.039478572534508	4.165664128321314	9.557398568730546	3.8045354678110663	2.254308746047743	0.6700350969223152	2.5518192746799855	2.9787178430867542	0.5955658798645491	2.733730930188247
6.893541376241432	2.276647562098824	6.294098985455643	2.876089952884684	5.889965757971783	4.216677740550223	9.600101161955855	3.893491344901617	2.3136152342539704	0.6272794239442503	2.508188092695387	2.4798585870879433	1.095075989083427	2.641558352388914
6.56025115241426	2.4721747833512393	6.156305245967582	2.876120689797998	5.897991366097348	5.125692980748883	9.64288824725236	3.0353195350381275	2.3728613958698013	0.6272794239442503	2.8172061183708093	2.9757175405161838	1.4141920581650296	2.738976633253303
7.059812541549169	2.519932835404573	6.60655104098053	2.973194335973073	5.758054482750521	5.31173996572969	9.626516968921596	2.810499703912932	2.432095911372177	0.5456947857170905	3.0684451331912284	2.9853639419640787	1.2750860084358933	2.581998541235126
7.1700072342418855	2.525433406329268	6.633494329030518	3.061946311540343	5.817117654522396	4.764728120190662	9.524384102928902	3.497259796600833	2.4035608201251715	0.5456947857170905	3.4911765273190087	3.4133169520468987	1.5163860655935093	2.7625357378511444
7.464977877285173	2.460276096618802	6.813917497055692	3.111336476848283	5.6228753424688085	5.410320487244322	9.685240369229216	2.902647127933442	2.3792682168776556	0.5456947857170905	3.6113129314741754	3.4330737573651264	1.8286638389062175	2.7109871698499104
7.59095065205781	2.460276096618802	6.800366174192084	3.2508605744846615	5.579757100043938	5.690581597094865	9.728358611654185	2.7619101157192323	2.3792682168776556	0.5456947857170905	3.5499043680271676	3.0328114558994534	1.8313142637115225	3.161158135742635
7.549050573423359	2.409100507779696	6.758466095557655	3.199684985645308	5.6818118528211565	5.78587008182126	9.677479447716173	2.6666216309926267	2.3792682168776556	0.5028268118714728	3.5495136492732398	3.0630558065111053	1.9585877939469878	3.1927092278991873
7.512820944884849	2.529039779910534	6.7980611667383135	3.243799558057	5.6818118528211565	5.829984654232958	9.677479447716173	2.621546332456047	2.3792682168776556	0.4577515133340493	3.6083056654653265	3.615748153088709	1.893375469938887	3.04087199678502
7.782297727649197	2.477775624900394	6.9212407556501505	3.3388325968993056	5.443478417649987	5.932311300610185	9.90790706788959	2.665516879931174	2.4066185625576786	0.37184677013325435	3.608046843038196	3.4130728350423616	1.9565820510079879	3.0578753281997355
7.787918338814936	2.5340220813100363	7.078301943837206	3.2436384762877717	5.443478417649987	5.793075187109802	9.90790706788959	2.6707157897003286	2.4066185625576786	0.3330036870145142	3.6034054142775407	3.4747034197191677	1.8281822597226138	3.0151225012211573
7.5563118107896985	2.7656286093351508	7.078301943837206	3.2436384762877717	5.443478417649987	5.839625563509456	9.90790706788959	2.579142108987278	2.4066185625576786	0.2879803827002286	3.7742529199957104	3.6965446832434155	1.8307486480255974	2.707436896658081
7.459291995626268	2.7718728202186815	6.941820996514187	3.2893438193307034	5.348440679329688	5.9373360183240305	10.087448852384167	2.5766257747842043	2.430915182722245	0.24494348846241112	3.829985908447521	3.704999672528685	1.8307486480255974	2.795980779570378
7.35275703212061	2.9032890508343683	7.02148055235472	3.234565530600329	5.490561155316378	6.0279677305581405	10.04404044650936	2.484965606476692	2.430915182722245	0.19444791814304713	4.060114209175558	3.995530651509177	1.8982509948098545	2.1798729062550364
7.146348459625935	2.9211819553121607	7.031529591983607	3.0360008229545374	5.637968009948252	5.976809877544067	10.04404044650936	2.5238266476855356	2.430915182722245	0.23330895935353063	3.923542264599633	3.6313117586358006	1.9057160757210487	2.5247436386888595
7.0502953867275355	2.9270773902781517	6.990331894857921	2.9870408821476273	5.788046060769462	5.976809877544067	9.977865450854047	2.5238266476855356	2.3959720683630694	0.27641007495563147	3.7977899738628924	3.048489442042853	2.096668130088575	2.2357289685895414
6.967632357179257	2.978316671478978	6.907668865309623	3.038280163348448	5.73680677956861	5.930111946691697	9.942922336495053	2.5705245785377855	2.430915182722245	0.27641007495563147	3.6784450546967253	3.1885252976150626	2.16114817731482	2.456651210301113
6.967632357179257	2.978316671478978	6.907668865309623	3.038280163348448	5.686209464140163	5.927595612488799	9.958504383318077	2.6179942251470654	2.4066185625576786	0.32136338736221615	3.558091882513033	3.1885252976150626	2.1017828276976926	2.5787350111435887
6.926166530981604	2.978316671478978	6.866203039111984	3.038280163348448	5.686209464140163	5.927595612488799	9.958504383318077	2.6179942251470654	2.4066185625576786	0.32136338736221615	3.38040962915329	2.2613927132423552	2.0456476657722487	1.778791779105123
6.7245290051395346	3.0967526824165907	6.78300152420767	3.038280163348448	5.635688669554248	5.927595612488799	9.973937557569815	2.6179942251470654	2.441706182891692	0.32136338736221615	3.439869693746059	2.1447655431191532	2.0472317186960987	1.9017302199307267
6.542903281248087	3.1639117597378434	6.719774158838342	2.9870408821476273	5.636483581934426	5.927595612488799	10.024381926390532	2.6179942251470654	2.441706182891692	0.32136338736221615	3.0269148571757265	1.3236263470314635	1.5158785236036516	2.1185718708988595
6.350083721163278	3.2726961103610153	6.635738949376631	2.9870408821476273	5.636483581934426	5.927595612488799	10.024381926390532	2.6179942251470654	2.441706182891692	0.32136338736221615	2.785931011152521	2.9371288912932094	1.226528448137681	2.3945712647883957
6.307928721615068	3.323935391561931	6.593583949828411	3.038280163348448	5.72952967013606	5.927595612488799	9.8800965569881	2.6179942251470654	2.441706182891692	0.32136338736221615	2.843399669663966	1.5316701679964115	1.2168887461095466	1.9807878930878526
6.328174579257664	3.275058887873141	6.613829807470987	2.9894036596595672	5.778406173824932	5.8810452360890855	9.8800965569881	2.6645446015468814	2.441706182891692	0.32136338736221615	2.785931011152521	1.8387730148315253	1.399743243113705	3.3207554760725535
5.976116383709644	3.4373293206272186	6.424042044677066	2.9894036596595672	5.828991562354262	5.878612263899738	9.829511168458687	2.6669775737360526	2.441706182891692	0.36440797637203065	2.605955936673109	1.7532278809512607	1.2362708572500551	3.6514375592137127
5.719423262095628	3.5599055148991465	6.382660133013885	2.896668643980928	6.07319095277319	5.8346664914937145	9.634101021312409	2.6669775737360526	2.441706182891692	0.4073961014209738	2.383536766913808	1.6679001968818128	0.8941493441293056	3.871933559877475
