0	1	2	3	4	5	6	7	8	9	10	11	12	13
8.501778820828259	2.409387966478296	6.170348735967951	4.740818051338854	3.988735051245633	1.3495847178070437	4.021247371786568	2.33646995331658	2.0488902979474113	0.6688464952727752	1.081997456353143	3.3110595034255166	0.6016770348646762	3.050682944048772
8.560671324779596	2.212577636673346	5.969311738133385	4.803937223319652	3.741864017716076	0.967897757603233	4.563406957118588	2.8799036181733024	1.9732095251582944	0.8407833643566115	0.7881065877414853	3.1604420412594556	0.47202104003843914	3.2013004062148203
8.694213313315489	2.0890334640053805	5.921020235558599	4.862226541762309	3.3826393634986522	1.013163797321313	4.921745205339398	2.8346375784554594	1.9733072718671443	0.8031677515353318	0.5997578189382798	3.0637088731880664	0.4180485284619065	3.200395761894001
8.645821358823735	2.147422958607	5.872628281066854	4.920616036363988	3.3097287690218304	1.0600583761005982	4.958080574185348	2.7934220775013583	1.951493002896616	0.7974886737108647	0.5997578189382798	3.0153169186963344	0.4180485284619065	3.200395761894001
8.704305322034358	2.088938995396337	5.872628281066854	4.920616036363988	3.2952583787391885	1.0600583761005982	4.972550964468171	2.7934220775013583	1.9184297051319452	0.7974886737108647	0.4829087796754897	3.0153169186963344	0.3596834524092567	3.200395761894001
8.704305322034358	2.0397139905564194	5.82214743112183	4.921871881469114	3.287280644379456	0.9290397597800364	5.029753703667779	2.974921543767608	1.7702106941498024	0.8862295924401491	0.4246494012845244	3.0153169186963344	0.30142407401729066	3.200395761894001
8.763905733044044	2.0397139905564194	5.881747842131572	4.921871881469114	3.287280644379456	0.8378429661448802	5.029753703667779	3.1112113976315556	1.7127661316546463	0.8855944882379673	0.4246494012845244	3.0265660130776637	0.30142407401729066	3.2980933883396615
8.763905733044044	2.098221248613412	5.8816587321160405	4.980468249541544	3.1859051431068024	0.7005752275908235	5.072621946883554	3.24856824620169	1.6553882602579226	0.8855944882379673	0.4246494012845244	2.9730487503876555	0.30142407401729066	3.4010409466370257
8.715434077410983	2.156829191920867	5.833187076482953	5.039076192849033	3.127297199799109	0.7464358994699206	5.1082820878322295	3.202707574322542	1.6530114362837005	0.8855944882379673	0.4246494012845244	2.9245770947545613	0.30142407401729066	3.4010409466370257
8.779997743383023	2.0922655259491574	5.833187076482953	5.039076192849033	3.1701654430147994	0.7464358994699206	5.15851271739459	3.2478626412854927	1.6504310191600635	0.8404394212747344	0.3600857353133776	2.9245770947545613	0.30142407401729066	3.4010409466370257
8.838336860503112	2.0339264088287	5.833187076482953	5.039076192849033	3.1701654430147994	0.7922214736662392	5.193994320351566	3.2414036982594654	1.648061773898143	0.8832056756225135	0.29549187506933705	2.978094357444808	0.2477991112385093	3.347523683946979
8.838336860503112	2.0339264088287	5.833187076482953	5.039076192849033	3.1701654430147994	0.7922214736662392	5.229404766064388	3.2414036982594654	1.6699810277592786	0.8832056756225135	0.29549187506933705	2.978094357444808	0.2477991112385093	3.347523683946979
8.77871545422064	2.092635174551543	5.773565670200584	5.097784958571896	3.2114170541083635	0.8862676057550911	5.129444389247875	3.1473575661711077	1.6699810277592786	0.9723937280866828	0.29549187506933705	2.971900048868253	0.3003216091519904	3.2940965862406966
8.77871545422064	2.092635174551543	5.773565670200584	5.097784958571896	3.2686799529435	1.0702900715349777	5.072181490412906	3.008543554910775	1.727376886484522	0.9271852735674005	0.29549187506933705	2.971900048868253	0.3003216091519904	3.3427696533339657
8.77871545422064	2.092635174551543	5.874705590121476	4.9966450386509536	3.3834620075594044	1.1525571055646995	4.957399435796955	2.8251366009601755	1.7603463331876925	0.9271852735674005	0.29549187506933705	3.02523711658457	0.3003216091519904	3.289432585617792
8.77871545422064	2.1418071199663062	5.9251862829061555	4.9953362912809505	3.391809369453612	1.1945942276194614	4.99269350145322	2.73261878612082	1.667532960222647	0.9271852735674005	0.29549187506933705	3.02523711658457	0.3003216091519904	3.289432585617792
8.77871545422064	2.1908783438788477	5.97557786650645	4.994015931593292	3.442886088628972	1.1915434534575784	4.8925455583649216	2.6852779766818333	1.7906201849207701	0.8896289275614566	0.29549187506933705	3.02523711658457	0.3003216091519904	3.338021673565557
8.77871545422064	2.1811944928225055	6.025880498907838	4.934029448135286	3.59501065685467	1.1390737588572082	4.807649537894486	2.7267009389765096	1.733075488222377	0.8503730274664789	0.35363370981173425	3.02523711658457	0.3584634438926856	3.338021673565557
8.77871545422064	2.1811944928225055	5.9753114785858505	4.984598468457324	3.59501065685467	1.2369800896317054	4.807649537894486	2.6793636285237143	1.733075488222377	0.8879293734719097	0.35363370981173425	3.02523711658457	0.3584634438926856	3.338021673565557
8.77871545422064	2.1811944928225055	5.9753114785858505	4.984598468457324	3.637271143418214	1.3720435367795467	4.765389051330958	2.5443001813757737	1.7002764657831715	0.8879293734719097	0.35363370981173425	3.02523711658457	0.3584634438926856	3.289432585617792
8.77871545422064	2.12264001530377	5.9753114785858505	4.926043990938728	3.738001183859634	1.4617143771035823	4.780828998775605	2.409429648754826	1.642660955415654	0.9331290657687745	0.35363370981173425	2.976957843320342	0.3584634438926856	3.387224839300669
8.77871545422064	2.12264001530377	5.924831096810155	4.976524372714405	3.738001183859634	1.5096051358497173	4.780828998775605	2.4512220748115783	1.7001114960398727	0.8939262627417502	0.4118808393697477	2.976957843320342	0.41671057345134527	3.387224839300669
8.71919498921784	2.1131102851671058	5.9155255611710515	4.916779713213942	3.831628109081292	1.5486261325711934	4.696731803690472	2.4011272019126753	1.7328717053069	0.8547852095559755	0.4118808393697477	2.917437378317544	0.41671057345134527	3.387224839300669
8.77740266934154	1.996565574837159	5.9155255611710515	4.858442683007654	3.8899651392875776	1.5486261325711934	4.696731803690472	2.4402066145925714	1.7328717053069	0.8157057968758191	0.35367315924656995	2.864109280004373	0.41671057345134527	3.4405529376139232
8.728788454740338	1.996565574837159	5.816519758855587	4.908834270721854	3.8899651392875776	1.5544365700654814	4.754418141784714	2.5238056462073275	1.7326627192994593	0.7766879154808326	0.4120257491898346	2.8154950654031907	0.4225406654818093	3.4405529376139232
8.786865021810286	1.9384890077671062	5.816519758855587	4.908834270721854	3.847958793644534	1.5544365700654814	4.79642448742795	2.5238056462073275	1.7326627192994593	0.814185769306626	0.4124073977435224	2.7620771199426626	0.4809988811050733	3.4939708830742933
8.786865021810286	1.8802514549082414	5.7663045192941205	4.900811957424499	3.722058521718293	1.0638985101483387	4.922875974119063	3.06455894568619	1.7903490573937335	0.814185769306626	0.4124073977435224	2.7620771199426626	0.5283691007629887	3.4939708830742933
8.797711330164482	1.8802514549082414	5.777150827648398	4.900811957424499	3.6948928604987024	0.8797410279817278	4.8924261249712115	3.1706191337779184	1.790487215674017	0.8922830633810278	0.4124073977435224	2.772923428296942	0.47575060507060996	3.593249341553401
8.862365106471222	1.8155976786017742	5.726847258911282	4.951115526161577	3.7101527286581617	0.9300445967186809	4.784317998460236	3.1706191337779184	1.8833354740257584	0.8922830633810278	0.4063176277582918	2.772923428296942	0.5343146113903807	3.643015099650555
8.862365106471222	1.7574594688891552	5.676719730569633	4.94310484479048	3.753031070211221	0.978665023550497	4.742068055307621	3.172126235287217	1.793249798224632	0.8476700195280867	0.4719536547160465	2.6658174594935247	0.4944520949306737	3.8499063422095134
8.878353693584577	1.7415524029605938	5.57788370272021	5.042022393824719	3.4592484731879756	1.301354451657696	4.894087921570244	2.899476623490304	1.8861347962612163	0.8476700195280867	0.4660649115003427	2.665263543188067	0.5004678483494128	3.803024006612499
8.878353693584577	1.750812879948692	5.57788370272021	5.051282870812919	3.4776959810732517	1.4838543120199192	4.866379936696701	2.716976763127843	1.8861347962612163	0.8547852095559755	0.5250676590055348	2.713596272900591	0.45344729676195306	3.754691276899985
8.943269747108411	1.7929772933335488	5.57788370272021	5.158363337722001	3.4129486399443514	1.7577819397611825	4.859492967924827	2.4430491353867967	1.850688639252732	0.8547852095559755	0.6378016457871356	2.7620196226399676	0.5779540867611386	3.756375176541831
8.959419397280502	1.7862490258773993	5.629153157029368	5.116515266128675	3.45398733234256	1.749648560304321	4.817573843496591	2.390094582872487	1.8506345354466478	0.8157057968758191	0.6917239367680302	2.761635887791061	0.6436927655888821	3.7580535225986518
8.975598840657213	1.7210697666673347	5.580153341195897	5.116515266128675	3.6105445834806162	1.7971058586809794	4.661016592358524	2.3426372844955377	1.8506345354466478	0.8157057968758191	0.6861910249091898	2.7612412191087157	0.5966125961068803	3.709448375447541
8.926496852210965	1.7210697666673347	5.581178881091019	5.066387737787125	3.7517475670789855	1.7469783303389286	4.555153084100469	2.3426372844955377	1.8152950601063584	0.8157057968758191	0.6941592932799148	2.760835555549489	0.598433363386934	3.6120119654863307
8.99180806139759	1.7531109700163912	5.631218697400857	5.113700334013083	3.7117609504533005	1.6522969296941306	4.497787288190491	2.4386250779626177	1.8152950601063584	0.8537816087185429	0.6806340012272571	2.760835555549489	0.38800339150506147	3.6622925219538724
8.942603652785532	1.6948276087580536	5.531886913522067	5.105544348021485	3.7126785158012066	1.6075746257249128	4.519813608760108	2.5396661910792107	1.793249798224632	0.8548637700971733	0.6288480840933937	2.706665457551011	0.2822785779134844	3.7192589270379006
8.893296576025115	1.6852068244905458	5.582659470183615	4.995843930332054	3.6914581895616974	1.679794036700772	4.307445894850536	2.458182239936656	1.765446143672453	0.7640486768424662	0.6288480840933937	2.7551912436348713	0.11992720854147201	3.722594399612181
8.843886582706304	1.733672199086769	5.533249476864729	5.044309304928213	3.601214850103285	1.588355977052409	4.19897303407844	2.555972813868774	1.5967790071469887	0.757696162558153	0.6288480840933937	2.754835685592191	0.011246155544246409	3.7242536774156547
8.85981681400277	1.7747264178680582	5.533601172023708	5.100942059846843	3.6091444545744573	1.4941210740848159	4.292164255570271	2.6003428629639074	1.4461677911139028	0.757696162558153	0.6232826484711638	2.7544692150615626	0.1473147753001035	3.780980564735611
8.983214379758545	1.6513288521120195	5.533601172023708	5.100942059846843	3.703305747190306	1.3183433454689377	4.370533721312937	2.7761205915795735	1.330710755173526	0.7649907073310408	0.6717042528886485	2.7544692150615626	0.07740343769551	3.8833795132562057
8.941484484279314	1.7016706888973794	5.483984598656185	5.159170574520407	3.8776272939746295	1.9075492039325619	4.532539247819099	2.1742284356113593	1.6012627738371736	0.7776770048359414	0.7240047333105983	2.8034235287739473	0.3949332929109935	3.941629768881233
9.017468662768037	1.6941561080664311	5.544341327597543	5.167283443236862	3.9195765875158113	2.0404117224410023	4.583107926690568	1.9848369188568462	1.624113962146442	0.7391135105258081	0.7700549288638138	2.8629909694935876	0.3940098979001478	3.894778617704448
8.917754563102926	1.7144579710884837	5.697010574455802	4.935201959735494	4.192167651307725	2.1229799716359765	4.313279642789257	1.6498853231385298	1.7171781492190383	0.6942937666148296	1.012257379661294	3.011798605867859	0.7121163328926664	4.0630053492807665
8.933715214521667	1.707144264645741	5.749629743666169	4.89122973550106	4.192342227620966	2.116709277258717	4.254444360186982	1.5925135093859022	1.626332866632166	0.6553033442209687	1.0680386437838942	3.061849866690477	0.7035226221230776	4.120700884738371
8.839522791601313	1.5823758174337528	5.640337506444068	4.781561102591056	2.9616437630259234	1.8253482611676022	5.31206614994999	1.8328665988563497	1.6261838665928154	0.6105424243619	1.30823898517267	3.25475860474982	0.9110213782884999	4.460567797613791
8.77967000673547	1.5238141790138007	5.479534306084262	4.823949879665122	2.6803190969728834	1.7353379342671906	5.594195275083763	1.978540350537239	1.5683968661752263	0.5664838025797494	1.4315330412122491	3.299657319012983	0.960670439768951	4.463818650462312
8.721784734467713	1.7265789052962028	5.528413227825389	4.9199504119382995	3.666912602369445	2.1351846918061455	4.532899376323617	1.4845892412170052	1.6217849100203472	0.604759408066021	1.8107365131699233	3.6067442499089086	1.4114826732789374	5.138551220184087
8.721784734467713	1.8705742024459755	5.526297268160085	5.066061668753454	3.967573357966869	2.3196164862559048	4.123226059741293	1.302273406432281	1.7023215835330805	0.604759408066021	1.9358522216171563	3.867264420927969	1.5832213684098113	5.1500856454528705
8.276666193266534	1.8492138933193032	5.472785197676035	4.653094888910074	4.9669214611837935	2.409110113636627	3.5050082951788597	1.170762135463914	2.2020272077472542	0.6499233466307319	2.606236186432608	4.129837219316038	2.489552921998982	5.755311919840508
8.224256300355043	1.9473473643003267	5.462358090193413	4.709245574461912	4.938304775063102	2.3645600425926516	3.428135609628049	1.1659735203882147	2.2604150536974497	0.6874998630169977	2.738271054615226	4.122571703309045	2.444380196659744	5.769985063548675
7.768710452662221	2.163518365118425	5.409905822647257	4.5223229951335515	5.651890043438944	2.40745026424744	3.011609003036604	1.1304330498753998	2.1443433928376314	0.7326023794206095	3.5917109592343164	4.975830423702148	2.7887076798442627	6.382818387275817
7.589252029776008	2.340223106321193	5.40850202204241	4.520973114055038	5.922958521608456	2.315292013576551	2.6227015724530087	1.1735061632745876	2.214447089058759	0.7326023794206095	3.6047703264322664	5.250562938539335	2.8948486963844187	6.468681699143291
7.593992872082714	2.2186843944807473	5.297680786777662	4.514996479785768	6.100558512700528	2.4525093618521328	2.50222115073348	1.0874317501026958	2.123606013562496	0.7701205252599292	3.8129529442272103	6.237327446826867	2.5095454587687493	7.022194187151165
7.485028628235916	2.277036835030646	5.247068983480914	4.514996479785768	6.120548775208296	2.4095080620794573	2.447072852516235	1.1304330498753998	2.10046759865518	0.7701205252599292	4.001760249941573	6.239935050897471	2.7495074326232927	6.968974779783794
7.600204097504665	2.3841174840814783	5.247737895899883	4.736583685686281	5.727384155148807	2.4116837964215936	2.562692038991626	1.1782002064114159	2.148138553779419	0.8146752418568377	3.937196583969634	7.140611637375257	1.9835933891264945	6.923542555103214
7.600204097504665	2.441522907236409	5.197880289183794	4.843846715557007	5.851036314076095	2.4138459648774364	2.3106759731874513	1.225895644671339	2.160933168333148	0.7701205252599292	3.9884973804481643	7.366964156632182	2.864536754386176	6.575292165225928
7.344771164539332	2.840317707791484	5.044656799741807	5.140432072589225	5.545056073282674	2.3593880657532584	2.3057283926965826	1.230495937079127	2.067320457496111	0.7701205252599292	4.251865081153599	7.873941573437265	1.333366862716399	7.413950044661605
7.18387177710989	3.073559517957304	4.992422751208025	5.265008543858881	5.370536711135236	2.218869363705532	2.3637405503324365	1.3210717482489553	1.951277038247837	0.7701205252599292	4.39120994076721	7.83796033992348	1.747612080750191	7.301608205452767
7.022412466019422	3.132414946165247	4.889818868325762	5.265008543858881	5.290263756370317	2.352397300130673	2.60799141990203	1.2265092747433308	1.903427953429003	0.7686149414353232	4.781949000630254	8.483805984396653	4.13231221937522	7.5903203210050725
6.970949789960466	3.190781147925332	4.888384510229706	5.273346427656218	5.171699825148208	2.3452498390819927	2.7613513693193092	1.2163614484507992	1.8102657334735182	0.7358819108132807	4.966555859880583	8.387600489193476	4.254708728031093	7.754961011881898
6.659907489534441	3.190781147925332	4.677655698516981	5.173032938942872	5.23189755461034	2.2925380487243925	2.736200555505613	1.207550907369562	1.9241729628279876	0.6970907535392121	5.065767084312137	8.305503078250062	5.504333324679184	7.722850494390248
6.49060967114793	3.2555287651802747	4.673762408674908	5.072376027653182	5.332507838328086	2.2395540687694004	2.670566297481416	1.1598779760348654	2.005774350850504	0.7416353156713019	4.9607610206782065	8.209849516185177	5.354097482682421	7.667313328761395
5.874561668823294	3.4489742280031654	4.301617465205818	5.021918431620644	5.392840332188632	2.236840730906543	2.645139128238427	1.112133717864526	2.0877107989529975	0.7416353156713019	4.983959529576182	8.37618448310505	5.0189400785058815	8.182332546135534
5.584553680366266	3.6196337169889516	4.284946071972309	4.919241325382938	5.345445372767125	2.1345843439941112	2.737902290433001	1.0643180391181284	2.112053693611542	0.7416353156713019	4.936484698338212	7.9738890527297475	4.878890503708433	8.371717852299362
4.788269372857839	3.7694630552223463	3.847765288367588	4.709967139712507	5.410914149934532	2.0840832165149816	2.812921702117494	1.056311311945044	2.135978775013402	0.6591804212059643	4.211622364016544	8.33808423159303	2.44955249905651	8.244214193612617
4.081476026662535	4.03579248571743	3.6151446277039616	4.502123884675677	5.456347689257785	1.9871821878617	2.873289403424588	1.0511703261919967	2.1037080268414687	0.6216723692987077	4.087600546621633	8.266360851317634	2.706594549733405	8.042061716257871
3.5555779899566873	4.130538622134756	3.6458034297724815	4.040313182318801	5.609933052178359	1.5829349827344517	2.93125044146131	1.2373853564761097	1.9810066440020138	0.49391272137390785	3.985716951267404	8.440434539332216	5.13505319241442	7.6046328107499646
3.374492159661504	4.0917095775255525	3.592681384390517	3.873520352796665	5.733572287750253	1.6383392802526666	2.971663042075894	1.2244281960579277	1.9159999424524334	0.41109957190779917	4.187817155809012	8.465653387889814	5.414836528198347	7.585845454335394
2.9121411333357017	3.994793356068766	3.2550330457418757	3.6519014436626387	5.9551911968842886	1.5902040002639073	2.971663042075894	1.3178127288280366	1.9159999424524334	0.2835719343342539	3.6431282122059985	8.55072551510511	4.639189704190709	8.805244138202482
2.7364874470870695	3.8935101380750874	3.1961523325546257	3.433845252607659	6.0583137379196765	1.63193095800425	2.9740196293710155	1.7692527800226314	1.973960980489454	0.2573587773519539	3.813022441352628	8.451977853963319	4.4157775319328145	9.07318720728888
1.7285951843775151	4.098145141896495	3.4108086673396976	2.415931658934261	3.241087166566636	4.60991511698363	0.18771507815845337	6.483001923524776	2.428128877082483	0.9489377902130188	4.1724586923302525	8.149322993414874	4.373071299656625	8.39442038384506
1.8418359495236025	4.203500425263003	3.47102453432941	2.5743118404572964	4.191745027434438	3.699407815473011	1.5645565110436719	3.475644268518972	1.9529020977184999	0.8391139886390135	4.735070422469699	8.27803001624762	4.995148742271762	8.462297222256113
2.020354058534535	3.9201316323053477	3.528557300635553	2.411928390204575	4.904700551652534	3.5951926312918436	2.229289140619388	2.897025741896431	1.53914325160791	0.9955035249834409	4.888128973421232	8.265674206309082	5.416729191208657	8.568611237772458
0.11811937733472919	4.342600642309693	3.354331927187204	0.8701493377894814	2.6715741141591	5.652134136114047	1.623220029671529	5.3436328758116005	3.5078643366188738	1.230845935455071	4.616739446807664	7.526649877616757	5.3178246563857785	7.905827514457231
4.388061977842545	4.146533473594007	2.62406867509131	2.865597179339906	2.191973003197211	6.125723043432364	0.694392416150548	3.5729006867135884	0.030621736017856543	1.5339175343902902	3.8026243747001502	6.229673193101351	5.956735911745616	5.892310397863207
4.928412164257312	4.004428896367765	2.5294974441194054	3.4534807120086315	2.2022231258784952	6.114345540084144	1.0312305193249514	3.2989004903974415	0.16672649475626877	1.8567419214187268	3.6629463243307727	6.147739548046186	5.793158940508063	5.432760330644555
3.4491422015209263	4.178499665151529	2.787129037040662	2.0577715734098634	3.02111954543593	5.191521740187335	0.3418461926109712	4.673956659549309	2.1323623463269104	1.301950865859787	3.4453374482551613	6.43508533731033	6.605389039296024	4.660364811667239
2.9666855949324513	4.329853740174161	2.989023223042184	1.6258550778004084	2.6500820591048555	5.500046394062125	0.4272775336203983	4.4777011387148375	0.35241375281810516	1.4276651109099794	3.7063966697633175	6.4733624435819275	6.5640099822420614	4.468774254078096
1.1936856970746605	4.72556273695352	3.741336130467074	0.20945909059036386	1.695570584216445	4.866620900241771	0.9151823579756092	4.459470789345421	3.1337418609466776	1.3101877617748512	4.428840778962678	6.051481762452926	4.902886515985329	4.055869579520164
1.2497762040558713	4.909561219682094	3.798922136105643	0.1391371204808931	1.7926306298772712	4.593263412779405	1.5503083216934148	4.647095601083101	3.17214883405714	1.4013115051530654	4.655206029381471	6.2875434648571815	4.813509660998623	3.642655370116588
2.396858352076646	4.4300749709863965	3.5709280197705566	1.5377114008608612	2.20193023521214	5.137873625300449	0.3046909596038579	4.102426813836378	1.0070080774618313	1.7367040225323696	4.661658952917019	6.108807249658842	4.581045425049805	2.1418266151440153
2.820001463413504	4.325446291530746	3.4901375625181843	1.9846927344008418	2.2732833030140074	5.254475998250223	0.3291225029875374	3.930084644115747	0.8740850331376064	1.7981999942881366	4.392323557348341	6.122244892737141	4.64973959238213	1.6010887170730341
4.2906138254297534	4.750515778357242	2.706697238612	2.246795285684713	2.3190656450665204	5.197809125537405	0.2728601738597767	3.930021947449383	0.5528782860278945	1.740519486125627	3.7451356143725745	5.3336729134657395	3.77960735546166	0.855227431252949
4.203643917208566	4.808391702244335	3.1261393337954155	2.521391548759588	2.5341886501914326	4.746626079722526	0.4729671023362928	4.160505280281768	0.9205807284332495	1.5971312891701077	3.5718918969974633	5.567215166304287	3.027608780081582	1.4053614730492567
3.44615143478939	5.471770334707394	3.6191633834130528	1.5935444834951078	2.0809525954741646	4.884477406563006	0.658138288264186	4.08407792412096	0.9926929425509934	1.6875701086250783	4.764031936903942	5.994822696343525	1.469012630834013	2.8970944686820834
2.35242551367112	5.7468899191238885	4.211272632012198	0.8168082265593255	2.0575328377302187	4.804089792570457	0.015887710455868915	4.234190075799886	2.4372930651567724	1.719505652212097	5.59136678135476	6.345227162023171	0.3047558843568819	2.450812926445033
3.075048056628032	5.367119778862467	3.949944189453597	1.6578724672191343	2.570783752758856	4.705449546615015	0.7938795235542109	4.276430844780777	1.4059348292848164	1.6046311744977535	2.7019078366018348	5.173943734167916	3.284743837588099	3.1754496767002682
3.318342092022072	5.363111583979638	3.8198519753175084	1.7750824833599081	2.69212488840451	4.308930654330869	0.8091707509252419	4.673207025769916	2.0815693289806876	1.4887241979548669	2.873993218093498	5.1656983907862655	3.909426448671338	3.8299722676304406
3.4997225973066914	5.4136480950212285	3.636983420633167	1.7230579229190044	2.7496593757079886	4.268980181648259	0.3809045649492049	4.712900209747475	1.9384238945860535	1.429743351536285	2.867178730488889	5.113723601108536	4.208886896033338	3.903580427839416
4.229426012427447	5.482828702175711	3.359016194925531	2.1056135051777733	2.7980191537465187	4.394055374022271	0.8951637124420146	4.3931534506201	2.557151700371677	1.6531276739156238	1.6881035073494568	4.206339222885227	3.6575967967372085	3.6825620215467194
4.449558177077387	5.653578588143236	3.5808383992377286	2.376817988171771	2.786156020903628	4.286066148598541	0.9324955362714512	4.314305795292415	2.8873664648917603	1.6181423503548578	3.234770607019433	3.635771292554756	5.528969580079768	3.360484260039271
4.558925833858337	5.762946244924167	3.696841168717292	2.4928207576513635	2.786156020903628	4.523271790980458	0.9459660099290053	4.11095027356468	3.121696501666008	1.6443213558746794	3.3983682046986083	3.574545133496947	5.950366645683788	3.299258100981334
4.191642378421015	5.964025660851185	3.5324267114050643	1.7600434289749562	5.023672930651391	2.9331311690436674	2.8649238319267294	0.0845692443772548	4.287946564130853	1.5623767696574238	3.900426809166631	3.754026332144604	5.70525942016376	3.556378711940281
4.018467122627705	5.9093058815426796	3.587012309019073	1.696173550104037	5.402152729959887	2.6434562596348794	5.098317626685051	0.08308491348163384	2.121897441890498	1.6464795950173585	3.9610642674054817	3.8175547522186766	5.444500515426755	3.5527826672882004
3.955073312678836	6.013537318022832	3.5273436599441657	1.4688796545999343	6.24923168329341	1.8552446492393326	4.583869848912107	0.7493757899670023	1.9204128341035078	1.3496735528268793	3.790779973447565	3.685244573864743	4.7947139045715605	3.4973329432173976
3.831679685897992	6.045912765168188	3.069346122716581	0.8551130434462201	6.7337177672067545	1.8845964759997804	4.003872625978528	1.3705160011974886	2.0991592374649928	2.0589849549777175	3.6739463223449618	3.6763755780716116	5.5331645988529035	3.4227023441631688
3.8811443893133015	5.225251488102564	3.125500024008077	1.7813929252188752	4.03172676311922	4.511436426627542	0.8846177043599344	3.998890936275998	4.3970123158489445	0.3926488702281135	3.6084239758171752	3.798837340178117	5.581779758477017	3.342866357324551
3.921653671971814	4.906423561199892	3.244868951956616	2.2600990627287145	2.6380412086039606	5.6320615208123295	0.31187708341683934	4.068676624780444	1.887455756244104	0.9792928239643379	3.715633059879331	3.995729600725866	5.472409690429683	3.3406638647559905
3.9187458374398494	5.0195555963990985	3.3078556646366417	2.2070459056770653	2.678338992133079	5.748526940474102	0.37307215402585675	4.124794942333359	1.7898348658356815	1.1237579702247151	3.0977731138833504	4.600536954797119	4.216376953466999	3.4304530262955777
3.604225652244354	5.175129763933239	3.453914013965981	1.8830099022772009	3.0840879646396346	5.510805656562351	0.7533533110651668	4.094644757349126	3.2229751646762463	1.105733371790285	2.752616412699249	5.119919873871208	3.3807342277241363	3.5761210472506746
3.769050424640753	4.4888526532089665	3.3357612635147835	2.615959034946701	2.7029054398505297	6.0669495377944695	0.2742816968710498	3.962036715033813	0.42534485227482505	1.4351236686926445	3.1435191763770565	5.958815725704768	3.6250378004302255	4.209317224347914
3.6453588604226326	4.532939657260958	3.3436518352106726	2.456071038372281	2.8906673861806143	5.888981363091996	0.017498033189492317	4.080601346830181	0.6609452579796824	1.4840306724464323	3.8442913528317377	6.55051544992177	3.196709799702076	4.5907521943203955
2.163547101400281	5.419184830064927	3.0270724211256987	0.22856530753996773	4.135416015718211	5.261802471316803	0.2148472364049945	5.68416911456161	2.0262805589130535	0.044948750477318264	5.010161303548397	7.132053619199688	2.3821243103256937	1.5343280225268146
0.17105183436653343	4.701610917943045	2.670401829695644	2.2022609226150323	6.092178521044338	2.2638988005335965	3.5898928657840643	1.3588827778537467	2.0809429789805938	0.007273118602067511	4.5045883214341655	7.425615070707708	1.92254730171038	1.2867002781588244
2.22651831115186	3.8749012635509685	3.6026559733140116	2.498763601389026	6.0552403060469295	1.8964113443086617	4.054305583085686	1.718608244779616	1.7486150649444125	0.28140512375122423	3.9137437384159552	8.109375270970036	2.209048756517938	1.028555314594456
2.4948242156974643	4.532216099939157	2.7111149041245626	0.6737230198822904	3.120480142987289	6.591277340987451	0.9297755925945537	4.040112076187049	0.49933886214152934	1.4627583333772198	5.524430325269237	6.883877988418728	3.444651563275185	0.8357806334740523
3.768867579933685	3.0315038640125027	3.716825873003384	3.0835455709426136	5.489266038491175	2.0400338010374597	3.722392838771153	2.375363027057767	1.2074514181662033	0.15208917135642422	4.016676679915057	8.373374626928635	3.977098991251108	4.80795396303045
4.849755109083415	3.077506645135328	3.9429846463992413	3.9842771078196284	5.41660982230126	2.527567654448093	3.621136972416846	1.6359623525830171	1.477856371035948	0.19575513940008332	4.208336187737124	8.623571749924457	3.5714513881433794	4.449984692454198
5.744789473731008	2.910192754361993	4.226164530994336	4.428817697098583	5.290193483773987	2.5947341815578917	3.9546943157267385	1.7001191075478723	1.666759038089862	0.138966182891016	4.042370941836935	8.545238491272846	3.2333067725207854	4.6413724603900155
5.397736191662302	3.051603878513067	4.17300174323579	4.276338326939819	5.162878321840757	2.6869351589754182	4.243147544740548	1.603971395918929	1.492859102584505	0.125267788199785	3.981188939995438	8.718286530303642	3.5523398352654536	4.293888687451278
7.320793761219801	2.1455306294595977	4.478868509503933	4.987455881175544	4.9875213022526665	2.866883862851205	4.322730744600279	1.8623245695661277	1.882470786270707	0.540625646828485	3.5622200687025796	5.485092978291226	0.8317805040277391	5.362820243320342
7.7734815477739225	1.8566079249837932	4.513010760287111	5.117078712470292	4.984468457932359	2.928945300577913	4.574389299231032	1.9131865250088471	1.694591446030856	0.6618796908998763	3.412907786361434	5.0469904418101255	1.016382298486781	4.844738241668859
7.9975656583457075	1.9237894010490282	4.756832357422429	5.164522701971999	4.870635476983034	2.3810927490253664	4.630645446801502	2.1649181148187244	1.9845865965363558	0.6984894940328737	3.405835941576935	2.587814226889346	0.9273864186397115	4.061951427020269
8.165427289559213	1.7965481999370787	4.854013804228788	5.107961685267354	4.821416331292012	2.334298478497784	4.687439341979153	2.167933383161458	1.926382289283921	0.7869159797010493	3.2861694899518796	2.3358814767869727	1.3873988071530408	4.41574752567477
8.227821041977863	1.6788457870030995	4.759363474965538	5.147303354015658	4.763382069126645	2.4766710976033686	4.858359098038529	2.16444593332023	2.017906945469058	0.8744326162463544	3.212451737721021	2.4766724388726806	2.4437803658662656	4.811689797800165
8.430681811749825	1.6163270820334537	5.089330176880501	4.9576787169028025	4.74808354903225	1.8781718164064796	5.023860983191217	2.484911060275282	1.8677035804109372	0.9125150127803819	3.6028660351205	1.3945358616627108	2.564164740983867	3.8017064447828255
8.441848143268654	1.5537739836766176	5.148105511038449	4.847516615906624	4.851806035352786	1.784170356316839	5.040442220842264	2.5702709298213597	1.7517227913591373	0.9174557061107081	3.6028660351205	1.2119819396112026	2.626636194854482	3.7414682297625883
8.438908727503838	0.8720672125918328	4.639471745046221	4.671504195049247	4.813555477419306	2.352383411513704	5.730328785171821	2.4821165865006134	1.7280508234762189	1.1376799386820542	3.5506967547539543	0.714303888317393	2.69934840559795	2.263524001318188
8.436194841650178	0.6760452160594888	4.556760405353115	4.555479652356299	5.016683099125788	2.537923489497283	5.692953470147048	2.2729997382048275	1.7954044828029436	1.3919830977699053	3.6643524403251364	0.6583766481576027	2.648086472445563	1.8114256345103719
8.259684569129309	0.689542383741547	4.3864056946852825	4.562821258185925	5.101711749135359	2.8218312300178625	5.7358859038320285	1.9798445278591292	1.7824503202144066	1.3723695080450382	3.427763948504473	0.1791274457436894	0.8630740484011453	1.1815313102654799
7.95178418765431	0.7905242025307494	4.180253987624433	4.562054402560343	5.297306188586348	3.061697689661962	5.7358859038320285	1.9394247697667852	1.7824503202144066	1.3237847302854948	3.1209790381861495	0.08300436046028681	0.7669232685053536	1.3075326967538792
7.804331218115448	0.8395611440704621	4.079328594351194	4.564563767834872	4.986583552253257	2.97565508295879	5.962450414140658	2.1064101182186064	1.759752292136856	1.1022877209070723	3.770965509878892	1.8218467118062363	0.017771758848381065	1.1732817875568813
1.4905768334962763	3.694845316382382	2.3028655897218355	2.8825565601569885	5.83889506204904	2.5092215485365226	5.87772683521322	1.4704049499028928	1.4042137461101947	1.0706907097952265	3.853678797765172	0.11720906837495927	5.095549037671364	0.6831423894923474
1.7402595898339772	3.074512709886868	2.2767303882542724	2.5380419114665664	5.8919343747825	2.5024120089686916	5.9708812043946	1.2250080578865024	1.195593733156354	1.037725510831272	4.8791581218207805	0.2298073532315277	5.0579478155603725	0.12982164840216284
1.0581449551291118	5.178075585768373	2.05013381923368	2.069796811405078	6.2365021762596555	2.4027518278713225	6.290264083865067	1.3118027590437011	0.9036173514824705	0.9103940807262388	4.121493101033664	3.1324437835363224	4.14929839091572	0.47555025262716727
2.4539189029349995	5.203198969957083	1.4823345276305655	1.2669455393910432	6.271610054610314	1.8626614590523372	6.529741164300802	1.3583690472775856	0.6750838747182597	0.8288367588815887	3.830382609900198	1.6529560793246714	4.180763928967708	0.1823258404166901
1.064127287858332	5.110772582113779	2.6382267237236845	1.4084185705312418	6.85672069218888	2.2599436915397138	6.20043972806995	1.397509702104062	0.6508562935248471	0.7458766098121754	3.0078237336321507	1.2673109862966607	4.527431179337795	1.5293188672769962
1.5440783209288955	5.157391340142373	2.056376185560043	1.5569368336536837	6.250271957247112	2.3711807145286365	6.821379607273188	1.4840954719907216	0.6856696790166331	0.7458766098121754	3.013276586273267	0.699338976425794	4.311195294396188	1.8583287658336587
2.5478625065239195	5.750818503145558	2.408128664236261	0.7948273323841232	7.024349413969624	2.6981035325695104	6.808813490943019	1.2451348263904354	0.6283680277812218	0.6573162764957045	2.89897726154355	1.0981192295751392	3.518586158833861	4.815422136235893
2.5748415077512945	5.94337082246863	2.6730897409719474	0.6954395737454251	5.742238726556931	2.8376433659019478	8.082519429661932	1.1398454744529642	0.25130592982366506	0.498319625929194	2.4297634641688948	0.6992976873428339	3.767191334610317	4.904281519997473
0.679034184868337	6.309545503477826	4.192045114259056	1.4384662043507876	5.016383590151882	3.134184608720785	8.515005346925383	1.2343469722962703	0.3057427370546688	0.498319625929194	2.6288133047911684	0.6685117714730434	3.465094060159252	3.3239248289925545
0.5791366092155565	6.776687353420347	4.75681081422559	1.440739929979532	5.362598465219668	3.0349097592758536	8.008627225982064	1.312280484737889	0.4209815745147603	0.3387279197361955	2.535875931360345	0.7201489905378899	2.6670690872030525	2.818356323921648
0.8633722018607439	6.9200258344272685	4.812117551788069	1.2445360807783599	4.905366973006344	2.7953568573163396	8.465858718195413	1.4445054336700016	0.3877671575296718	0.2557104158230504	2.3776209336959404	1.9613838957523295	2.1773743233012874	2.6388269334206056
0.991991605465298	6.906297265552637	4.767875243091052	1.1464304169963384	4.81160088658271	2.8391294253715866	8.594476937932374	1.3917447286158238	0.40964170774701303	0.16659288904037156	2.664938594710307	2.260316479235052	1.6670951759251469	2.672732052872647
0.2701137142119504	6.555812710102657	5.093749278488737	1.1919497173999227	4.7708106585150265	2.933573019244118	8.6367553407799	1.3889581579200492	0.5232924750267343	0.1219433410497501	2.4393463009684693	1.812187094256341	2.0552274839532885	2.0906520036338505
0.5674557574893855	6.348766923350527	4.990896773124306	0.7904143927371285	5.023305688600276	2.836050854605675	8.723054458369997	1.4336683211017018	0.512303966901088	0.11516206209283314	2.1542725695916234	1.4559501056519701	2.1813683967764805	2.326969001247191
0.5867979574446482	6.388047810193214	4.912117532290971	0.8891323204580339	4.973100274004459	2.8845633677302804	8.757764492431278	1.4336683211017018	0.5346214136853487	0.11516206209283314	2.020074379116686	1.256424669568317	2.2214035019803196	2.4948999258393045
1.3357471946074033	6.938631752719835	4.864673743380114	0.7382108147317991	5.112110003251791	2.982001693819755	8.808686950847232	1.4336683211017018	0.5930490578374918	0.36332388975215524	1.4240542928214386	0.989177413621494	1.3093553520104484	1.8864900018363142
3.0989336760471944	7.25706799277634	4.453642535195971	0.29550821846739	5.657790442637847	2.636702952209043	8.750330061670839	1.425423338598506	0.5943784661676024	0.6552125959849802	1.4655449709138637	0.19775872329536343	0.3995719061087759	2.363747606667477
4.592963708220113	7.396712481598937	4.586754281683624	1.7830055083046907	5.619964114702413	3.448870297604785	8.024849456235641	3.2513181828509916	2.002918942746819	0.7445723047254706	0.8231170274913553	0.5914540661669686	0.6883899678273404	2.8502123272485758
4.681462446242375	7.437291335327083	4.589778016853159	1.833949127768547	5.416017393200724	3.5965845314281637	8.50322456099658	3.1617793343539713	2.0897042507166304	0.8906694023366464	0.7185610557984347	0.6575827561874241	0.5396980420404884	2.916341017268603
4.714632950170747	7.487485970747706	4.652940250515574	1.8800872299388531	4.671081844993672	4.308962427541323	4.3431060546945135	6.393142918785507	0.5955250218884085	2.3593259476572945	0.7523674847364412	1.140164247692142	0.6173062630329661	3.000667225470226
4.637977324772012	7.519775794460985	4.664204419572298	1.7824059498832086	4.819514827997977	4.103010893675905	5.1305627040091055	3.99413269289775	0.13386682047376056	0.8972003803767927	0.7187194409524355	0.9289996689609326	0.540110196511068	2.93701094074827
4.88803121709714	7.436723717142867	5.025012449990341	2.476319949944699	3.6115816029614187	5.146509764095578	2.1634740005850635	6.693386613049176	0.03833878582149222	0.6284851312718881	1.6716080744315551	1.7368851882509122	1.9211677888298146	2.8304176128413343
4.834738388708495	7.389465862862948	5.078305278378875	2.5235778042242325	3.6120564085657927	5.3060607222304785	1.99141192287692	6.8178591337899475	0.034331716127511736	0.4958161929462498	1.3791201471605083	1.922134447260677	1.5107982481045312	2.895229910064585
5.3356674372368005	7.602035854628586	5.180995604102077	2.914627186710277	4.089478022367746	5.687068016535859	1.83273116255868	6.394969006391254	0.4196320958152398	0.3188469755188809	1.134478345741917	1.5247097745640523	2.904285743458905	3.179976727899193
5.705676479575738	7.661365479182606	4.944214592727605	2.988525593120631	3.2932584522911625	5.209528848921497	2.498765125354576	6.553634415968193	0.3401097358563261	0.8720894541698366	1.0396012154049614	3.057057921981292	2.486546740066967	3.4265353370404465
5.686465121558904	7.566981806605043	4.932777981060392	3.052261296014366	3.0628031199708814	5.051359171006405	2.59596179111458	6.553634415968193	0.2572726998773923	0.7813780081274064	0.43801625885359713	2.8261760751585934	2.2650222636183477	3.674269533060973
5.696126844394488	7.495843922797541	4.942884908937448	3.14316783053441	3.591087660956413	5.365705667269404	2.266091324163671	6.484190611255968	0.25613940006889735	0.6891285003379963	1.79562196334276	2.9880906923095094	1.5798708357569975	2.550783186968806
5.768884675028235	7.306007149203515	4.773917199020933	3.2367947248455824	3.9197521523094276	5.4247719315471565	1.9883175839366616	6.393630506447857	0.2977167566660591	0.3065352820441996	2.101604379137924	2.987848302521971	1.8284713968134387	2.7840779082654206
1.9846527525711024	5.344859790612487	6.276549691811774	1.0529628513717537	3.0611802118795532	6.257957674855006	2.4262198930914183	8.254906095565781	0.12389115395133128	1.8837305207004724	3.338263165529118	1.1548741770494526	1.8520074862095817	2.216638159103883
1.5393239703925883	6.181250834249696	5.603274294731813	0.9613474308753382	3.640960005559044	5.660880396541981	2.2912407905750958	7.746620236572941	0.2372765220418709	0.5883484169901667	1.3585050803475665	1.1692000266395761	1.5946416241713812	0.33968458836151705
2.534133252583792	6.5915275395287	6.174975303938705	2.117581016993749	3.9037768592184943	5.646461678573057	2.246559000751193	7.078603452449496	0.0878889374114232	0.3785334784390839	0.6368391432712639	3.758861546558918	3.0683446393382234	2.032457363539797
3.15942892035675	6.874170952098113	6.328864233985987	2.614122202244842	4.026498224390517	5.395525470964948	2.0661028798439216	6.939337458716652	0.037069426584561596	1.2046411595486606	0.8201190108522771	4.101402955379893	2.8446206917992116	2.6599920836506112
4.399629245773454	7.111755375953041	5.485955106679118	2.773828976499604	4.072844833863051	5.195969083247199	2.107000844072823	6.624725255233384	0.13470585026532156	0.8135798493789551	1.2230945086717357	3.890626064058743	1.8142563810679706	3.339021742862611
4.853332133224632	7.20094024644703	5.228610891243454	2.8810027780211658	4.07626729651727	5.105278490533579	2.147446936473061	6.6183650541811465	0.18684917582130384	0.5896546431919804	1.2495207181737469	3.7215871402036442	1.8705191249976263	3.4683269775418286
5.069341973547074	7.293904584584202	5.063957052887065	2.839394441849929	4.029863954086597	5.159772273973849	2.1460928578574374	6.51251526877483	0.1940277305915675	0.9251392816927692	1.1585623457252885	3.565942348906477	1.9491657404794118	3.5286920265670036
5.292897848943925	7.4264190485410575	5.270978015578337	3.1374568159810168	3.937084694597456	5.481276721372424	2.1467440607273907	6.1454550300577715	0.1379059679237147	1.229033425841071	0.9658323045593921	3.61422680474596	2.2305015273314868	3.415645499215171
5.377915388985691	7.481506305103999	5.3934861710187025	3.2898952549006375	3.8449400195221046	5.536631306851192	2.19556758795207	6.097406352890694	0.09199130505012444	1.285937662594836	0.8299871755416033	3.691980289743942	2.3772664620062516	3.4770479678954533
5.097917453724386	7.6937940703875425	5.448766056010446	2.8528894393474626	3.710949487107043	5.379527253500138	2.2348439578023758	6.405540363857153	0.13905256756690054	0.5372339112209958	2.020485654688518	4.076179907905633	1.131301373712631	3.533286833063241
4.898505191492115	7.737618975297529	5.443348827383012	2.604235043577512	3.67013806186324	5.541682533503668	2.2318304781362057	6.355796038569521	0.09524864289524801	0.3008626816916069	2.590221081145753	4.215742298771983	0.4594059964066867	3.473436961697295
4.997295605520904	8.049164969609416	5.473645548156378	2.4217761840677565	4.334323054476376	4.493061050597103	4.671965199583395	3.8727641793967877	0.25723665430966125	0.2743751291609478	2.8000538228943315	4.304759105777892	0.1488297068301151	3.5918287249928436
4.893362694657953	8.236623348059842	5.371551130436663	2.028290477034958	4.545857980265074	3.8840479813855255	5.366641737487171	3.3095556505111885	0.4196960999698489	0.007394339504343748	2.7540785879931358	4.5307173655527215	0.09456574345140271	3.5200210091688438
5.219844305815341	8.222491236661638	5.235566165807048	2.232919234960638	4.503256220898941	3.9891279723719992	4.956189615511125	3.959630102797578	0.185487009436996	0.23441762588902332	2.203747609993575	4.408439869950738	0.3319295517432991	3.6971710536773257
5.417225556282812	8.210687875649596	5.381496731759479	2.588034412392822	3.786620880007417	4.516295907446261	2.731628342109034	6.225296844516651	0.09762840622347276	1.6499616611886299	1.85922655330396	4.29429816710094	0.3218610538178933	3.6971710536773257
5.485584092654027	8.1902069281923	5.494467148614671	2.789844313076574	3.363543899201254	4.995467899846801	2.4866072490635394	6.2216634019758565	0.07710407485827703	1.8620040454496618	1.6516681030615907	4.250123440219822	0.4095765027643932	3.761637733914763
5.6946003948642545	8.137168950315925	5.432028116479411	2.989459561027973	3.316459788373634	5.266765175726042	2.4934308320902487	6.219099297880459	0.01805559307459627	1.658799213498497	1.6211493102866976	4.082459308538521	0.2588875507999785	3.761637733914763
5.547101558081514	8.192929852794013	5.535859180507599	2.8900308857951105	3.2655146118648717	5.150169779740542	2.4981691421177454	6.338010296091252	0.15022213552005576	1.3745451893984504	2.2976427449976127	3.9478714951082328	1.1328652859938844	3.8660651466641296
1.4065277168995443	6.959062818129072	6.245122760380119	0.6925876591501271	4.804819159542609	3.627954377763246	7.991351139051181	1.532093434823148	1.8042361491341827	0.2422424815121501	2.8472277978489227	5.595863664453475	0.6661253201084146	3.7348247860230748
2.2267731385821947	7.071671074743064	5.883972799150433	1.0390748629892548	5.310270745626448	3.3724590599774635	8.099299032608027	1.2155650264882143	2.3888736302160405	0.11581552674877653	2.1284672207715722	5.094958581070174	0.15390743626585834	4.061279768380494
0.6373043412681731	7.065521719895436	5.9881807318771205	0.4400366467488943	5.18752602322213	3.3352201224006843	7.653055426955406	1.866139205099824	1.9131447465358227	0.15069293866627936	3.465811602495122	4.984225588323406	1.449350274911523	3.1547552055512686
1.2012942749569202	6.861077078965981	6.541111387551973	1.5212599663712898	5.0066774107980905	3.738380348055627	7.395259955694635	1.6734162971405069	2.3456105853447617	0.030123450322396637	4.115724416150958	4.546367096578643	2.584291693909521	1.7854653387538553
0.4965750514254388	7.860858903361324	6.777471792079028	0.5868120598573747	4.838588806690305	3.788060911499907	6.51180597679663	2.2759135331938873	3.443514849271303	0.2838946640725505	2.539046789368023	4.848188622458127	0.06202799512585951	2.2401223240030257
2.589671109741659	8.092053851406481	5.895262510037061	0.39287976837184774	5.270203385415588	3.832308593328211	6.3117513364332165	2.540058726628988	1.3577535719157	0.24390959111546032	1.7624286385491785	3.9999609079107867	0.2241773845482347	2.463616865477434
3.9632369472107247	8.239988262969726	5.157570541656025	0.8808192258969306	5.204738808689512	3.882140058381622	6.0198793523029925	3.3096935621109775	0.4850232846581974	0.09649370964376183	0.34643537516901995	3.417323273468217	0.7185505567056188	3.0210221650524356
4.00514079763051	8.039268705950674	5.1062608616840786	1.0721329533639776	4.800184877832319	3.9318501819241027	5.3000410326525085	4.056553605991481	0.42501201736861755	0.06996263459584776	0.7661635868414107	3.373350044423249	0.7846780656910631	3.131383065917922
4.608857242601371	7.902933413045465	5.215090556986677	1.9210143865423788	4.216241666623822	4.653053175507352	5.09151251283352	6.414727338118279	0.04888367743583251	1.9028225633623181	2.150731630034721	2.691426352776916	1.609104156216056	3.2883862851964714
4.98465153972407	7.850447648317462	5.138462356564321	2.2726662479710287	4.053289673246678	5.068359377949463	4.706393944886343	6.459551153821527	0.43868526215994863	1.4723522100627149	2.0445806220106952	2.314386341449628	0.8321438304454091	3.2819152752733447
