0	1	2	3	4	5	6	7	8	9	10	11	12	13
8.37476766362765	4.145490561543228	7.596176376362198	4.924081848808664	4.188004030348009	2.3433217458650937	4.167825575420554	2.4358650156601476	1.687906438483875	0.31735289324846605	2.8796284042325726	4.753842758983071	0.4187256418406554	4.2477949071930325
8.236809158959588	4.191423466499835	7.660451008890781	4.767781616568765	4.139218560180599	2.244574330859938	4.291135232098289	2.3970823418831104	1.5311977815223707	0.2815240379706498	3.032274923272642	4.961363055253538	0.46435464704696483	4.005801828446067
8.414996715664993	3.9565693148334637	7.653041312903889	4.718524717594549	4.139218560180599	2.195317431885831	4.291135232098289	2.3970823418831104	1.3915340963550964	0.24413866887279573	2.844142641539657	5.059774104174886	0.46639860616027745	3.850724184563455
8.342796975719859	4.011726142253764	7.635998400379177	4.718524717594549	4.086167076498009	2.1956432908376526	4.34418671578084	2.3967564829313224	1.3388009228463362	0.20344440046229573	2.791509772005414	5.094267816884999	0.620203449356018	3.7991875593285496
8.440689266465446	3.9000727293259767	7.6302647702773605	4.710497225514121	4.181686133496329	2.2408444698811563	4.30189632990653	2.4386689106498896	1.3388009228463362	0.12089081957713907	2.729173159065931	5.185194184540488	0.670052148686329	3.7947716134475744
8.423654130504127	3.9000727293259767	7.613229634315995	4.710497225514121	4.128730712007405	2.1978633610781504	4.354851751395404	2.4816500194530393	1.3388009228463362	0.1582851136171485	2.676692114191669	5.168159048579243	0.7225331935604824	3.8870036990111716
8.423654130504127	3.9000727293259767	7.613229634315995	4.710497225514121	4.170960753780395	2.2411693480825545	4.312621709622433	2.4383440324484376	1.3388009228463362	0.1582851136171485	2.624303650258508	5.219540154010709	0.820780308510598	3.927859939278278
8.423654130504127	3.8508716815337936	7.514651517184435	4.759874294853491	4.220161801572508	2.3397474652140358	4.312621709622433	2.4383440324484376	1.3388009228463362	0.19892184489758202	2.624303650258508	5.219540154010709	0.820780308510598	4.020102067438716
8.423654130504127	3.7977272329157508	7.514651517184435	4.706729846235556	4.273306250190271	2.3829885761952685	4.312621709622433	2.3951029214672035	1.3388009228463362	0.19892184489758202	2.624303650258508	5.219540154010709	0.820780308510598	4.11115819828886
8.4819665944472	3.739414768972738	7.514651517184435	4.706729846235556	4.273306250190271	2.3829885761952685	4.312621709622433	2.3951029214672035	1.3728949932838772	0.23961161025304498	2.5136951459246606	5.219540154010709	0.8730763489014919	4.157915665797514
8.442548300958695	3.739414768972738	7.475233223695938	4.706729846235556	4.368378095944444	2.3400713670861784	4.217549863868308	2.4767983966651386	1.3728949932838772	0.20083334416336132	2.5136951459246606	5.180121860522336	0.8730763489014919	4.11115819828886
8.442548300958695	3.686361611921481	7.475233223695938	4.653676689184256	4.368511542738861	2.3400713670861784	4.270469574125164	2.4767983966651386	1.3388009228463362	0.20083334416336132	2.5136951459246606	5.180121860522336	0.8730763489014919	4.156797934909494
8.497717844294833	3.631192068585323	7.475233223695938	4.653676689184256	4.421431252995837	2.3400713670861784	4.217549863868308	2.4767983966651386	1.3388009228463362	0.20083334416336132	2.458525602588521	5.180121860522336	0.8730763489014919	4.295959576435883
8.497717844294833	3.631192068585323	7.475233223695938	4.653676689184256	4.421431252995837	2.3400713670861784	4.181195693664809	2.4767983966651386	1.427888266558223	0.20083334416336132	2.458525602588521	5.180121860522336	0.9188569635347652	4.388364832265933
8.552999702568153	3.5759102103120193	7.475233223695938	4.653676689184256	4.421431252995837	2.3400713670861784	4.181195693664809	2.4767983966651386	1.427888266558223	0.20083334416336132	2.4032437443151062	5.223470902438996	0.9188569635347652	4.345015790349318
8.608394115864051	3.569730726653508	7.524561127654929	4.653563714862489	4.372216323358539	2.2907434631269736	4.181195693664809	2.4767983966651386	1.427888266558223	0.24157620635581653	2.3478493310193524	5.223470902438996	0.9188569635347652	4.437423449933117
8.666611882616136	3.511512959901273	7.524561127654929	4.653563714862489	4.372216323358539	2.333660672236158	4.181195693664809	2.433881187556096	1.427888266558223	0.24157620635581653	2.2896315642673444	5.266897723492772	0.9188569635347652	4.532425110868902
8.665748742562657	3.45600037098966	7.468185398689849	4.653563714862489	4.425213851137076	2.333660672236158	4.128198165886113	2.433881187556096	1.427888266558223	0.27890383138314806	2.234118975355611	5.210521994527616	0.8701100096460371	4.532425110868902
8.626224495726701	3.45600037098966	7.428661151853897	4.653563714862489	4.425213851137076	2.3768370037222106	4.128198165886113	2.39070485606986	1.427888266558223	0.27890383138314806	2.234118975355611	5.170997747691688	0.8701100096460371	4.532425110868902
8.682628477477806	3.45600037098966	7.485065133604916	4.653563714862489	4.425213851137076	2.3768370037222106	4.128198165886113	2.39070485606986	1.427888266558223	0.27890383138314806	2.234118975355611	5.22740172944276	0.8701100096460371	4.532425110868902
8.682628477477806	3.45600037098966	7.485065133604916	4.653563714862489	4.425213851137076	2.3768370037222106	4.128198165886113	2.39070485606986	1.427888266558223	0.27890383138314806	2.234118975355611	5.27090648912552	0.8701100096460371	4.4424535825007885
8.643054590543606	3.45600037098966	7.490685739912602	4.608369221620701	4.425213851137076	2.331642510480259	4.128198165886113	2.39070485606986	1.427888266558223	0.27890383138314806	2.234118975355611	5.2313326021913	0.8701100096460371	4.4424535825007885
8.643054590543606	3.45600037098966	7.490685739912602	4.608369221620701	4.4672521246894865	2.331642510480259	4.086159892333794	2.39070485606986	1.427888266558223	0.27890383138314806	2.234118975355611	5.2313326021913	0.8701100096460371	4.4424535825007885
8.603402617940738	3.509046677594526	7.500290666284015	4.612158629251433	4.414205818084705	2.3254972600309864	4.086159892333794	2.347593207545426	1.427888266558223	0.27890383138314806	2.234118975355611	5.191680629588435	0.8701100096460371	4.4424535825007885
8.563672366422178	3.509046677594526	7.411303515791243	4.6614155282255565	4.467262925609303	2.331642510480259	4.033102784809017	2.39070485606986	1.427888266558223	0.27890383138314806	2.234118975355611	5.15195037806992	0.8701100096460371	4.4424535825007885
8.563672366422178	3.509046677594526	7.411303515791243	4.6614155282255565	4.467262925609303	2.331642510480259	4.033102784809017	2.39070485606986	1.427888266558223	0.27890383138314806	2.234118975355611	5.15195037806992	0.8701100096460371	4.3964354061234285
8.563672366422178	3.509046677594526	7.411303515791243	4.6614155282255565	4.467262925609303	2.331642510480259	4.033102784809017	2.39070485606986	1.427888266558223	0.31969512420771923	2.234118975355611	5.100529650005379	0.8701100096460371	4.401315448989611
8.563672366422178	3.509046677594526	7.411303515791243	4.6614155282255565	4.467262925609303	2.331642510480259	4.069456955012665	2.39070485606986	1.3915340963550964	0.31969512420771923	2.234118975355611	5.100529650005379	0.8701100096460371	4.3553728759416686
8.563672366422178	3.562184094813777	7.456575844300538	4.669280616935566	4.414125508390119	2.286370181970992	4.122809025923005	2.39070485606986	1.3381820254442132	0.31969512420771923	2.234118975355611	5.100529650005379	0.8701100096460371	4.3553728759416686
8.563672366422178	3.562184094813777	7.456575844300538	4.669280616935566	4.414125508390119	2.286370181970992	4.122809025923005	2.39070485606986	1.3381820254442132	0.31969512420771923	2.234118975355611	5.100529650005379	0.8701100096460371	4.3553728759416686
8.563672366422178	3.562184094813777	7.456575844300538	4.669280616935566	4.456067655634367	2.329481830495805	4.080866878678822	2.386314749392186	1.3381820254442132	0.28097358236158726	2.234118975355611	5.100529650005379	0.8701100096460371	4.3553728759416686
8.563672366422178	3.562184094813777	7.456575844300538	4.669280616935566	4.456067655634367	2.329481830495805	4.117126760098074	2.386314749392186	1.3019221440250037	0.28097358236158726	2.286415015746178	5.100529650005379	0.8178139692548367	4.3553728759416686
8.563672366422178	3.562184094813777	7.505839317657665	4.620017143578391	4.456067655634367	2.2802183571387693	4.117126760098074	2.386314749392186	1.3019221440250037	0.28097358236158726	2.286415015746178	5.100529650005379	0.8178139692548367	4.309504937677351
8.523863642278567	3.6645152034305335	7.466030593514026	4.722348252195095	4.353736547017783	2.2802183571387693	4.117126760098074	2.386314749392186	1.3019221440250037	0.28097358236158726	2.286415015746178	5.060720925861734	0.8178139692548367	4.309504937677351
8.523863642278567	3.6645152034305335	7.51521619909849	4.673162646610611	4.311794399773486	2.2310327515541077	4.159068907342307	2.386314749392186	1.3019221440250037	0.28097358236158726	2.286415015746178	5.060720925861734	0.8665609231433776	4.309504937677351
8.581973962144374	3.606404883564616	7.51521619909849	4.673162646610611	4.311794399773486	2.2310327515541077	4.159068907342307	2.386314749392186	1.3019221440250037	0.3218180154064888	2.278843667912662	5.060720925861734	0.7672749972225321	4.262891786369233
8.557750667918784	3.550774534474413	7.386176950198005	4.722348252195095	4.311794399773486	2.2802183571387693	4.159068907342307	2.386314749392186	1.3019221440250037	0.2844999302192514	2.2232133188224807	4.980867282545754	0.8160219511110002	4.2162040061144594
8.517705359011718	3.5016720969816535	7.296868167933847	4.722509288059454	4.36089683726625	2.372464305735174	4.159068907342307	2.343332274152702	1.3019221440250037	0.32540245900588205	2.2232133188224807	4.940821973638631	0.8160219511110002	4.2162040061144594
8.476695915816215	3.44592889124182	7.245465827347056	4.677158979711045	4.41403175239171	2.327113997386815	4.105933992216775	2.343332274152702	1.3019221440250037	0.3663583351701476	2.1674701130829472	4.844069324703448	0.8160219511110002	4.2162040061144594
8.534702797150818	3.3879220099073475	7.245465827347056	4.677158979711045	4.41403175239171	2.327113997386815	4.105933992216775	2.343332274152702	1.3019221440250037	0.3663583351701476	2.1618483733214413	4.887639164969332	0.8124616590852017	4.265188679575447
8.550331597045775	3.3320614356106266	7.254503988636409	4.627889044019949	4.509149390903436	2.320891220773387	4.1003747293298956	2.3002851150750483	1.2123637684005466	0.3663583351701476	2.1059877990247413	4.891055585017639	0.8613645200717845	4.174851376421943
8.550331597045775	3.3853815037924506	7.254503988636409	4.68120911220171	4.509101178103977	2.320891220773387	4.100536192028955	2.3002851150750483	1.211726425091698	0.3663583351701476	2.158465346236864	4.934782294405972	0.8578679609803668	4.131124667033502
8.606305291396913	3.3294078094412556	7.254503988636409	4.68120911220171	4.56245090634707	2.320891220773387	4.047186463785735	2.3002851150750483	1.211726425091698	0.3663583351701476	2.1550617611758374	4.927036621689497	0.8543570825549736	4.138045301166326
8.606305291396913	3.3294078094412556	7.254503988636409	4.68120911220171	4.604239791098181	2.3639383798510996	4.005397579034589	2.299198133309004	1.211726425091698	0.3243981578586202	2.1550617611758374	4.970908052428315	0.9034946716835055	4.14018792399772
8.606305291396913	3.3785027080143335	7.254503988636409	4.730304010774805	4.555144892524971	2.3639383798510996	4.005397579034589	2.299198133309004	1.211726425091698	0.3243981578586202	2.1550617611758374	4.970908052428315	0.9034946716835055	4.14018792399772
8.605816076891902	3.3224156568169274	7.243362505453115	4.6848692282556	4.555144892524971	2.318503597332069	4.005397579034589	2.299198133309004	1.211726425091698	0.3243981578586202	2.2043932401834474	5.002312100603059	0.9459602122529308	4.190701697910243
8.662016721818826	3.3196188978053085	7.243362505453115	4.738273114171094	4.501741006609622	2.318503597332069	4.005397579034589	2.299198133309004	1.211726425091698	0.3243981578586202	2.1505249383017686	5.046421308429579	0.9930800447167124	4.192908244732941
8.734420866951426	3.1534719928901973	7.157588849066728	4.730304010774805	4.555144892524971	2.407050222766771	4.005397579034589	2.256086290393254	1.1776261538504664	0.3243981578586202	2.1969015722653493	5.183316736269075	1.2825957896474576	4.388937029732353
8.694002267202336	3.1534719928901973	7.071813478635274	4.775660781457209	4.47148917194424	2.452536750786312	4.0529148238100925	2.255956533056115	1.2666519416251132	0.3654074439037637	2.3568657622255236	5.142898136519988	1.3240992399016154	4.435938921330187
8.57610374164972	3.3203740603380654	7.071813478635274	4.82466432335252	4.36911681523036	2.4957785458680712	4.106283638628735	2.2127147379746357	1.2137646296557962	0.3654074439037637	2.69605404232785	5.501228613134986	1.8181264664200565	4.599729651738027
8.477294395829775	3.3221063764962517	6.974736448973576	4.82466432335252	4.36911681523036	2.5390854144428845	4.106283638628735	2.1694078693995076	1.2137646296557962	0.3654074439037637	2.8096300522568516	5.494546426394501	1.8616453284718182	4.6065364321136855
8.199286721698689	3.4783365065735268	6.89888787762848	4.778735350643788	4.2599971355715684	2.3954226950526154	4.171197479522018	2.1694078693995076	1.2471957914552718	0.3654074439037637	3.2127964706338177	5.881772853591786	2.2065415720292276	4.780055928107423
8.002816450772144	3.5644491692114757	6.745401631627142	4.821863988356581	4.160700735313473	2.3401491931647675	4.165481707928897	2.1266865670777992	1.2110845213841748	0.2425397529083414	3.608822771670545	5.862385045512471	2.525342492556458	5.208326111098783
7.947213998963954	3.555840683104119	6.730497437490743	4.772557244577345	4.154072334329909	2.2421407273277856	4.123732288726515	2.0850502916379807	1.2299630715683527	0.24365068625677574	3.8911252289905893	5.801554437538756	2.4142794281665734	5.058848087109374
7.78926867342611	3.7178672852751085	6.730427497440826	4.776708461260297	4.42681321207884	2.1447654978566586	3.695964262641641	2.0850502916379807	1.2834637737505696	0.24365068625677574	4.2114368102803965	6.032644230153284	2.9426822379387945	5.211827387672764
7.791660108974566	3.6515113989229677	6.66684538395977	4.776326123937502	4.4324017464394485	2.053017657409638	3.5525873284067884	2.128226234347086	1.4071057072624178	0.24365068625677574	4.322218333743533	6.114322067902284	2.9449451613240303	5.226184458452301
7.394093732349385	4.088800425817829	6.681022359657533	4.801871798509787	4.25347526604968	1.8166868514973515	3.4696373283122144	2.128226234347086	1.3541840630247006	0.24365068625677574	4.567163650264331	6.51373432127704	3.5619606076154295	6.2655324175131595
7.237126140713059	4.1959902588394185	6.677203963309882	4.7559124362426655	4.313210948428709	1.7656083987287432	3.3256965118129007	2.0853732215753005	1.4433387381094247	0.20285466450907344	4.759975828766805	6.562501164896962	3.6345273518471526	6.505925101436983
6.938782488869624	4.360406858756447	6.639766793524498	4.659422554101661	4.265328539268441	1.66402463292819	3.3256965118129007	2.0006811539171414	1.4092956440561593	0.24475820666647216	4.9963091366482475	7.073333892257679	4.811573692110349	6.8608976704895
6.86820662798629	4.408199758426851	6.57148792746485	4.704918458948483	4.217535639598057	1.7044517741695715	3.289395811353187	1.957957017851983	1.445596344516258	0.1633255791214142	4.9963091366482475	6.896529378593457	4.78234131330814	6.653732883595815
6.238632791144579	4.820069297222197	6.353609539216578	4.705092549150168	4.170020311103897	1.7096946279768233	3.474492114346285	2.0006811539171414	1.3217021575956807	0.1633255791214142	5.2456128155732795	6.9209980651839675	5.299759376339413	7.046083786679697
6.023701267996025	4.938755714770905	6.310923064227926	4.651533918539072	4.223578941715001	1.7096946279768233	3.5280471935229483	2.0006811539171414	1.3211891969097955	0.1633255791214142	5.5382149867976	6.723180611362096	5.278054819340344	7.045915571452824
5.921174855791137	5.05207043490339	6.2681527415443625	4.705092549150168	4.086955370879504	1.6669061024761234	3.6111121337474024	2.0434696794174854	1.3211891969097955	0.12593570696654377	5.97832255086624	7.141421384913001	7.062480885714386	7.18819692452072
5.822099214567489	5.105718574972177	6.1690771003205525	4.758740689218989	4.033307230810687	1.6669061024761234	3.6111121337474024	2.0434696794174854	1.3211891969097955	0.1666299753767394	5.986676607013146	7.145817678654895	7.144991480409141	7.269482529383046
5.822099214567489	5.105718574972177	6.1690771003205525	4.758740689218989	4.033307230810687	1.6669061024761234	3.6647349526071116	2.0016227025635436	1.2675663780501738	0.16778268382016903	5.933643468466074	7.198231904626588	7.152470417510811	6.9835869540775155
5.550332345446961	5.215569513533941	5.953423389965067	4.812478469015677	3.979569451013828	1.7096946279768233	3.6647349526071116	1.9588341770630977	1.2675663780501738	0.127141530651012	6.784208687912405	7.621219891129398	6.5437791228950255	8.061128332701228
5.463860439179352	5.271565649016225	5.96861761422837	4.7668084739671155	3.979569451013828	1.7067487689932779	3.718425545638118	1.9547839544357803	1.2138757850192712	0.12586191125412124	7.158818598703114	7.755097819766991	6.2725827379848615	8.374846847870655
5.423155429913945	5.021795176287075	5.678340892806473	4.766609713394728	3.9857523991922386	1.6587780250540476	3.6107800210618852	1.9547839544357803	1.2675663780501738	0.12586191125412124	6.649136849819556	8.36891421666486	7.473317727448244	8.724641161378646
5.4785261788634045	4.95951805872689	5.671434524195536	4.766609713394728	3.9857523991922386	1.7019522266039548	3.6107800210618852	1.9116097528860336	1.2675663780501738	0.08846761721002365	6.513426075077606	8.310238465699166	7.573287979054572	8.39965008464638
5.549028464739667	4.894639540969362	5.6770582923141815	4.766609713394728	4.08131579401533	1.7019522266039548	3.515216626238809	1.9116097528860336	1.2145242595589543	0.1698030387914217	6.445907232002842	7.537504085377692	6.10670188718341	8.738388834192035
5.492326529504454	5.008919358753269	5.782530435402192	4.718715452855564	4.08131579401533	1.6972965540089968	3.515216626238809	1.8296972515037928	1.2675663780501738	0.17103840482668378	6.516595381580205	7.427397012094793	5.93214351211038	8.7849512427388
5.781298338152532	4.6819819477437	5.792304309071054	4.670975976825303	4.176949530584784	1.7884938836658568	3.515216626238809	1.828241159239962	1.2675663780501738	0.16994339618410523	5.940915940418438	7.319009242207624	4.9630957794858634	8.242696378297556
5.691423998230258	4.5378562052643865	5.700205819606873	4.529074383887714	4.3751660553362735	1.791364836539149	3.461125843966638	1.8275943559087964	1.2675663780501738	0.2107486874931086	5.37941031867915	7.623592247610783	5.472963196278116	7.602433547111156
3.9658816882982344	5.473008583605689	5.149789301231444	4.289100970672409	4.579669616139981	1.7451592320844977	3.3533338858894663	1.7841609687337785	1.3742945062477254	0.25504601027288964	3.5488035499561414	7.042868900926011	4.941325087490695	6.3461157695853245
3.838121916442666	5.598248058284421	5.195682917749653	4.24068705697752	4.6280835298348615	1.7886574847047036	3.3533338858894663	1.7406627161142312	1.3742945062477254	0.29601643759465057	3.661778409959719	6.918649875170989	4.294009667435275	6.280019013180507
2.9101268074008013	6.203040757021995	4.964659965435451	4.148507598987284	4.6823310993379215	1.6964780267145152	3.281737257341802	1.6988157392602292	1.444812087060776	0.33786341444735585	3.7567924966629347	6.83787942289655	4.166537147635176	5.242955811931744
2.9593539092561967	6.2157138205976326	5.032131390341584	4.1429363395122705	4.736048103682454	1.7446237715840498	3.281737257341802	1.6988157392602292	1.444812087060776	0.37888750060781845	3.1211914483124303	7.396420642519584	3.1025219529439108	2.9915981744043583
2.8107261050992682	6.275605240156495	4.948797813747411	4.13753353150818	4.789674302302234	1.7928471621997946	3.281737257341802	1.6988157392602292	1.444812087060776	0.37888750060781845	3.172462861322957	7.736135067725973	2.673194149910282	2.3651661214112623
2.8968082931449626	6.223858342274009	5.089886473225491	4.030780162193514	4.848204281001192	1.7881869848126968	3.2282768936882964	1.6552525260313369	1.464189936719262	0.41996530894678435	1.835610174903343	7.115073206807166	2.662754356896852	1.967480015448215
3.293835766413284	5.949360939148925	5.265762445323639	3.9774342602384625	4.847302613453178	1.7446237715840498	3.282524463191256	1.6988157392602292	1.464189936719262	0.41996530894678435	1.7986821807629598	6.735960078369195	2.0710295186561414	2.0253417651816528
3.829753026961838	5.672780109992897	5.430604603321591	4.071928533633002	4.8403429174626185	1.7907488768601445	3.2411149910632	1.7374896526982329	1.4109923407644507	0.41875026602903126	1.838895086433254	6.40112539889127	1.30024285335894	1.3758408789008039
4.28197710140769	5.338578963917038	5.500407596177174	4.1201484691474635	4.8403429174626185	1.8389688123743961	3.277280512440748	1.7374896526982329	1.374826819387162	0.41875026602903126	2.231310018224039	4.774161556777025	0.507083321555232	2.5122256139374595
3.8671382819052837	5.619532937103298	5.419769922750671	4.0669012962578615	4.743920696734645	1.883379189497614	3.4269499060586024	1.6930792755749304	1.3406518667607954	0.3849153075014262	1.7721754812100712	4.877910652939733	0.7697528218410513	1.4652282635473062
3.0869787776502284	6.052270528748528	5.125505423533477	4.013743882865295	4.797078110127145	1.927073988376439	3.4269499060586024	1.6493844766958574	1.3064133973558496	0.38854918837801505	1.5908206611119535	5.22267285692838	1.3053007937620646	0.8913581583372941
3.374559214892101	6.058954590723978	5.325432047542283	4.108081758073531	4.647559783758855	2.022328321643415	3.57646823242665	1.690310536460583	1.3064133973558496	0.3055111751758831	1.1962905752221495	4.054450302595446	0.8532576824140891	0.7472728045422026
3.2540156061617784	6.120146144203079	5.372126082709602	4.00203566765522	4.6580590155653985	2.0671417699735337	3.6720150910385767	1.6454970881302209	1.2721112584521743	0.3055111751758831	0.9556296204411782	4.158023029535058	1.0015186317029445	0.4370046292798263
3.147560008496573	6.226601741868133	5.372126082709602	4.00203566765522	4.604240419772729	2.0671417699735337	3.725833686831273	1.6873960825647445	1.218890392997229	0.2636121807407114	1.01046302103852	4.215025793443147	0.921836473833274	0.5710573123786622
3.199626554241343	6.233833489332643	5.431424375918785	4.00203566765522	4.604240419772729	2.0671417699735337	3.725833686831273	1.6873960825647445	1.218890392997229	0.22247070210013428	0.875228875565225	2.6905518922588936	0.44013309526767014	0.7240751063846217
3.246200647167201	6.233833489332643	5.4779984688445555	4.00203566765522	4.604240419772729	2.0671417699735337	3.725833686831273	1.6873960825647445	1.218890392997229	0.22247070210013428	0.9325487305934977	2.4237171501239376	0.32620610228466707	0.9207057267766338
3.345789229956133	6.1342449065437075	5.4779984688445555	4.00203566765522	4.604240419772729	2.110048118329033	3.725833686831273	1.6058248275252636	1.218890392997229	0.26113560878397757	0.5094709981924801	2.459115793522946	0.06627015724090787	0.18671696259022755
3.3993835560496843	6.080650580450246	5.4779984688445555	4.00203566765522	4.604240419772729	2.1540065749827924	3.725833686831273	1.5618663708719478	1.218890392997229	0.26113560878397757	0.2636833598670812	2.5577347756433997	0.19054849667006962	0.025202593129530226
2.9491625458772295	6.289781735105324	5.335814030151718	3.903130250830705	4.65049841301818	2.1025076171797608	3.6841432352022654	1.5190274534664554	1.218890392997229	0.26113560878397757	0.24151052852458327	2.5547599251615467	0.14491514797942695	0.661337630164538
2.719000928939981	6.39162722646613	5.312964379213525	3.7976637761924024	4.707744952142042	2.0542876816652464	3.6841432352022654	1.5190274534664554	1.218890392997229	0.26113560878397757	0.46487893501668043	2.8188704800484055	0.41196029897528186	1.0066711967946305
2.678592525814063	6.3387085904259575	5.219637340047578	3.7976637761924024	4.707744952142042	2.1410814698021947	3.6841432352022654	1.474193842641036	1.218890392997229	0.21917543147331514	0.24527153050779438	2.1755282289723534	0.12556976031575137	0.9428830845392622
2.6906244401180306	6.3387085904259575	5.231669254351579	3.7976637761924024	4.707744952142042	2.1410814698021947	3.6841432352022654	1.474193842641036	1.218890392997229	0.21917543147331514	0.44280957392413367	2.1241369775502883	0.04487386585534903	0.9771330178918768
2.578866601599638	6.39162722646613	5.218955157149412	3.751538670916395	4.707744952142042	2.1831948243001005	3.6841432352022654	1.3859553828672893	1.218890392997229	0.1815549533956329	0.8208935979284413	2.1287209407980416	0.22170690317350622	1.2565112214313732
3.308366114283018	6.231390780581014	5.682739316725772	3.857017578138118	4.751512585264937	2.13904268631534	3.53489669485727	1.391390545957341	1.253221387387866	0.2168048806386314	0.16356650190476105	1.3192878886041113	0.401660266421349	0.15591286689724654
3.671851115229507	6.063743025808049	5.786403862171588	3.949190278866065	4.751512585264937	2.1871290652538855	3.53489669485727	1.4354768677459777	1.253221387387866	0.254376232701142	0.14723234693930792	1.4233965374065882	0.7631836877618267	0.17088714502534655
3.8704243391926263	6.009058948790969	5.8774203311762125	4.0020629568075625	4.794046883633035	2.1871290652538855	3.4394897185479074	1.4354768677459777	1.287488734864523	0.21334733944856402	0.40471893498220907	1.372470430540002	1.0695584259199902	0.0821135976314676
4.127621906022578	5.901046625093145	5.980635352805362	4.048033178310479	4.794046883633035	2.1451237118626785	3.4394897185479074	1.5621694175355838	1.287488734864523	0.17118229080363934	0.6211124622420564	1.4279640525926391	1.335157174964594	0.14459687285004558
4.127621906022578	5.848173947151698	5.797525490838774	4.178270362335487	4.846919561574272	2.1967614578689867	3.4394897185479074	1.6936415334956154	1.3216925878119412	0.16774364569317993	0.6488202636462066	1.843601361773429	1.169023506189853	0.42922943048125795
4.2919013771970285	5.783030179840142	5.8101991293466435	4.264732427690567	4.851551711849218	2.2868782078262204	3.4394897185479074	1.6946189991681548	1.3216925878119412	0.08607967671484484	0.5992270304209372	1.8567156469519124	1.0456013668913393	0.7425211784587978
3.977642984703368	5.824229760655922	5.711643105025175	4.090229640334294	5.066002478320744	2.152707952457973	3.492923036629128	1.8687372336517767	1.4278520791263094	0.08607967671484484	0.6190499443747812	3.167086045123618	0.47633785351362545	1.2109694494412686
3.772884063751415	5.931589750530068	5.624070036785459	4.080403777495864	5.118241600467351	2.151753566708429	3.4394897185479074	1.9121048787093895	1.5879976028566336	0.08607967671484484	0.6220200170598693	3.6690813030279714	0.07589522045362893	1.1597262298497197
3.3728521604729638	5.983237871560238	5.348592747468771	4.007497284564359	5.2368015763353934	2.151823722015678	3.5343957231534806	1.999160892863223	1.6951085034813436	0.12688496802636864	2.580241480657778	5.8169836178983525	0.3581597290894517	0.573040136973078
3.1457335203168584	6.197395292627989	5.246014101756587	4.09711471118815	5.2368015763353934	2.241441148639511	3.4982572473481435	1.999160892863223	1.8046860054318379	0.16774364569317993	2.450479631577837	5.987037782742918	0.5791882765681863	0.7112125437070951
3.23470655885091	6.101721354389064	5.246412583919722	4.090015329320347	5.28859764262676	2.2430285958434912	3.4982572473481435	2.042270130082875	1.8046860054318379	0.16774364569317993	2.2986130731244447	6.152030080142207	0.5660833872700614	0.6588349752031751
3.8308169567881984	5.81332945349398	5.563495589449549	4.08065082083249	5.28859764262676	2.1894719557909124	3.5343957231534806	2.0864622616475232	1.8223467655798586	0.20516838288566833	4.118395887233053	6.6982911584671925	0.7340502408962558	1.860961718943578
3.9783099538737416	5.81332945349398	5.666573434341293	4.125065973026326	5.234663352841661	2.1910985589568117	3.6418307151205283	2.1712676929371537	1.715046827444118	0.16315150062406417	4.805298625708366	6.356719588916016	0.4538470209828902	2.282144978177361
5.277145328121288	5.434926278357736	6.410080371890119	4.301991234588716	5.1270291031385895	2.027987907284557	3.7133536947524446	2.511303606172245	1.7511580975156709	0.16315150062406417	5.569458151702268	6.210348265987377	0.40826582109959425	2.296236664744885
5.695568257511039	5.213341566669244	6.570604678456114	4.338305145723983	5.071416124701492	2.0316300000606877	3.8206760043465575	2.595684755688023	1.6974225609176827	0.16315150062406417	5.572935242879938	6.2086818919350275	0.4642351581740519	2.199450838355492
6.269306840613941	4.782078309335164	6.728507294711476	4.3228778552376115	4.843104539977836	1.6597077435238785	4.098618672811405	3.0133218311339767	1.6972786128885393	0.20516838288566833	4.605669422729235	3.855637781304268	4.127779571067317	1.3168039725640193
6.525595311467596	4.567787604404797	6.694265492945298	4.39911742292715	4.886586449921927	1.6666950787310404	4.109950374653956	3.1373876754027576	1.6436704184906805	0.16431439061731262	4.104906655459093	3.274267666782683	3.820400212872635	1.266826289788932
7.284783989088456	3.706844618464031	6.554035457414641	4.437593150137799	4.7836637859017985	1.7744889166120288	4.483005503283385	3.385935246530964	1.6798192606339903	0.24365068625677574	3.5161683155680503	4.870087543322539	0.45761865823497117	5.159044880300706
7.547119187477597	3.4875862787852645	6.521460874343	4.5132445919196424	4.732360301893812	1.7789951290080064	4.587514050699071	3.468381997166548	1.6798192606339903	0.28555422841429595	3.1260070984300454	5.119397646630348	1.6495990667114384	3.5438631608927986
7.981051617836708	2.8322232112629826	6.326893427649977	4.486381401449575	4.757632666460777	2.213844563968287	5.032825249607397	3.5080751894151034	1.6648861349018906	0.3274012052677322	2.6389286586516287	3.959103969007378	0.8882887142222037	3.2320784172086965
8.094320607938362	2.6347101569838896	6.258554426111666	4.470476338810517	4.843262525290089	2.3528348108228276	5.19824973467413	3.508902452747103	1.5578980259396538	0.3691916867215807	2.323002229464078	3.7110674795304255	1.0071332017098673	3.2462219928532785
8.339904816018606	2.1376734269372863	6.288819607188052	4.1887586357681945	5.078368049321485	2.1598119744642785	5.4023650570854125	3.8206937229438562	1.5920489434689733	0.44524929238762617	1.895724866765421	3.6161895204851824	0.7491741319877036	3.140095513832022
8.374628346075092	1.941461863873783	6.219696930008328	4.096393279940777	5.223737727426581	2.261178489002289	5.453206942044048	3.823173415641645	1.6795240965212346	0.44524929238762617	1.742481515153581	3.661592714653551	0.7301192825224113	2.97194832009102
8.384304495782489	2.210367433462612	6.5409790055836385	4.053692923661745	4.812983120482524	1.864339076561173	5.868729707928127	4.128471314076355	1.65990915628322	0.4860937254341093	0.999496772605597	2.898286755548726	1.8891838483023626	1.692766330092995
8.191699915263188	2.4290048514797036	6.616614183977973	4.004090582765011	4.812424921064228	1.817456825586768	5.9188902482431445	4.1336152964063055	1.65990915628322	0.527831994077877	1.0109436410070967	2.8695508719996385	2.2604079847117764	1.5258273138210987
7.429042900195234	2.667853242044508	6.053371668961166	4.043524473278782	5.156342694258003	2.497228389862717	5.970491435696245	3.8351192038863995	1.67403079771219	0.405458053236661	0.7079369709648154	1.5347593565186852	3.7577154423936556	0.4823254208226425
7.1576557147108755	2.8751925706065244	5.94725344642072	4.08559483889667	5.283241380311006	2.742139670787616	5.746152163284437	3.5765759708651195	1.67403079771219	0.28240233848266516	0.6217444014674128	1.1909066836228925	3.716285841535386	0.4732604444195117
5.838595640193236	3.4901647651759236	5.575122402316511	3.75363800305268	4.744117628488481	3.151497676257694	6.580362139659139	3.076601876663202	1.6202853202720229	0.20129645407485394	0.5777616442977014	0.6464382327497564	4.066729204173315	0.8640110216091133
1.4731665121538493	5.88844710872868	4.778676620394246	2.5829370004881365	5.1887612837654	3.0286950167716418	7.033796524452979	2.902732333575297	1.5125899320412064	0.2420494138074447	1.2971352801563703	0.31095109846092345	1.7366705016861488	1.926500616029673
0.010700717642966328	6.819317382766695	4.383378679509983	2.4466394209323905	5.222693559738813	3.0603560778417087	7.094118759155849	2.816986244226354	1.2989313606318316	0.3614526076515758	1.4362451616462684	0.2847399626462751	1.1977866026416821	2.461293701538253
2.78116901920576	7.2589468676084525	2.919227821229651	1.5585500271728616	5.569363602517212	3.3233709892331373	7.428902411477475	2.3473356341754466	1.0868674941399625	0.7154941411709501	4.372520611650755	2.707688631505994	1.3203833517105128	3.326432912798025
2.47766721189671	7.27142322506318	3.2381983858588352	1.555557627307307	5.382579431888623	3.280581307421197	7.564729002542143	2.390125315987372	0.9824295268136836	0.8323632116014862	4.418794431204675	2.948615000834834	1.1222776431015529	2.8442952693574988
1.8812697892830719	7.321699780818746	3.708211564549988	1.7322184269858005	5.2936084025812855	3.094028802962467	7.333212305800908	2.4328508940759375	0.8771514919870033	0.8323632116014862	4.504882478014163	2.6377863871322544	1.4477018466386293	2.8711753094619525
2.950779109006353	7.098370580750234	3.165032447235558	0.9825590245085696	5.549671198617034	3.0988356527981282	7.365909464780612	2.2186453943542865	1.023625181292785	1.1065632051833574	3.549760146377869	1.9823270796906491	1.4481551667756478	3.106655473169743
2.603530335243918	6.983021435505893	3.2649906195117055	1.1145004807503323	5.36660577308633	3.1418292855859704	7.352886692124668	2.2187095950465836	1.0784102400326367	1.1443026464415413	3.4569295576337304	1.9278223948263131	1.2395526120694607	2.801934689815294
3.8005750763571164	7.184771349233838	3.0758677599475353	0.30832851292848806	4.636863182098541	3.065938617427054	8.082070922745974	2.3464464963658664	1.5818199065546907	1.1862673907042736	3.1139732402745928	2.1102357197924158	0.7605316757211845	3.0149721979789117
3.7893028727140265	7.285617463916433	3.0871496327545365	0.4091649584463391	4.9009208673917035	3.205215931013427	7.776536225524276	2.303528317491781	1.463062684335324	1.1469738621540457	3.1103733464717767	1.7016066305898243	0.30940906887358627	2.4627262415732396
4.996727706681636	7.50494020175291	3.5564983473656766	1.0482858522944059	5.225750339770507	2.828893666391327	7.183476946452577	2.1324222903865153	2.6832797543064855	1.1034508433914765	1.6572868811965498	1.0686338055757767	0.7216321168612893	2.598801408870394
5.053681743104838	7.298121473933692	3.677103230631985	1.4326634998032233	5.096007454913179	2.7084831260062776	6.808372935331276	2.0934496814165033	3.4173630838623876	1.0615433988251954	1.5088878042784422	1.3173073419475887	1.2508004529423873	2.5115198223689883
5.645044298048719	7.782896125071872	3.9496383687218217	1.8117865416988397	5.324974812152237	2.9066124128045767	6.258964448747357	2.139310238045626	3.6267194116397343	0.7167142049423794	0.31071056170992445	0.9758043846320689	0.9460113570865303	3.1854373180120863
5.447162230339421	7.591353725139734	4.042204224380597	1.8980127295801654	5.234779225554608	2.8619845636131296	6.574473697686989	2.2730166153866813	3.3404230912038	0.2461231877947666	0.198827444531923	1.0368493994340837	0.6869429525154198	3.6057771049612732
4.83819280692169	7.226054403836951	4.238233411014881	1.850371814099713	5.359137928644836	2.902517101046489	6.98396681653514	2.358198904625485	2.595702039250286	0.41291480695525135	0.055119161980016054	0.8314112619845712	0.17675668530183747	3.0868456058069005
4.619682748654249	7.2083464890223485	4.443443207629943	1.8547794672617524	5.315250266319253	2.854671646391823	6.611149671231241	2.4480541508197167	2.607867337786837	0.22046742306135278	0.47296380422012835	0.8550973962671191	0.11926649979065318	3.023427106580938
5.582174161302345	7.875438680967318	4.641650982982467	2.348386463317526	5.502085263944613	3.1591978630990827	6.549080060167521	4.12211350831182	2.7664060088656246	0.2891083367289107	0.9993815763822393	0.11559923347596107	0.22267544903859965	3.581963142705872
5.638561308034252	7.939539796553862	4.690796345521037	2.3898178570012734	5.450228571914857	3.153156680721471	6.679030010332868	3.5827110352291127	2.6805987818752763	0.18518026294443535	0.2047752224630835	0.38360412384557896	0.6028389073580923	3.914375660505838
5.382364551395454	7.747862962433681	4.831291427250978	2.4657930162127593	5.571025536510862	3.154081573706721	6.835168536321835	4.032121274438279	2.4597601589584577	0.5591509710102645	0.48163627008914356	0.5579494621300268	0.5454282419000355	3.010124048356774
5.315331770073434	7.68678624724157	4.832633238945513	2.4611787617774055	5.5678542311347154	3.2857616698016545	6.090306201980187	5.182979709139748	2.40837508199928	0.6483940992736477	0.5477971455196016	0.341630481761378	0.39149053445461446	3.178999443089427
5.435037949202813	7.818316945539304	4.8352574344213	2.4519784380848844	5.561503164689543	3.3311264658568374	6.509935039377511	4.438067518819599	1.7830459486796448	0.3759513967975183	0.09571568626287787	0.5596585877740541	1.2134591649293678	3.6261365912615653
5.410678791973168	7.748063592717617	4.793880251510256	2.456495450765908	5.561503164689543	3.1953173140687436	6.557787904719732	3.7921934794086263	2.0717543106531235	1.4126245964222035	0.4437293478495977	0.3612535381443567	1.1722430189328261	3.5366568806459093
5.3610547583215	7.804349740251278	4.855343495307446	2.412048513377713	5.561503164689543	3.1525641022492255	6.701723257705566	3.7453670916994977	2.0252757331159925	1.1954907611652204	0.2808917669803051	0.8234186664477817	1.1684945610236344	3.3024980654652687
5.290592323025193	7.7818502904906115	4.859914286311198	2.368656318845962	5.513540179153844	3.1479933112452847	6.835429393694554	3.828576041451449	1.940388283236077	1.1578114785487574	0.48919288258725646	0.8234186664477817	1.203530265906953	3.1896136867773692
5.114652801224441	7.755008760145111	5.012672511908042	2.372316552987581	5.475733410286967	3.1492516558929142	7.017690312768336	3.961013905438631	0.1492302817860669	0.9538795901953241	0.44624609020270717	1.1192287517619224	1.6646108558140382	3.0742796755742696
5.0545250869338805	7.7150792135953195	5.028573026589224	2.368018899927792	5.558772866781214	3.1065388742502993	7.0229204845455335	4.003227081349894	0.6172329960273213	1.1856784748987368	0.36484283283618074	1.1660681709509924	1.52168244341857	3.080729696781253
4.628772252258752	8.189727860412566	4.407935947571863	0.8469803394182231	5.337095862267976	3.758076805337206	7.097607575722897	3.1202082100564263	0.42940358405209444	1.3123150140190505	0.44129402114115485	1.4926150821512734	1.4311692058963024	2.5350241617907665
4.548483258942059	8.146805749492227	4.410221717303054	0.811899226753169	5.474242530547858	3.6721655043997212	7.163530790000819	2.9487246608993627	0.3408699673084249	1.1727070534257276	0.38929796893349927	1.5373566729336425	1.57690363188278	2.371190248391726
4.545119793837716	8.203538486770249	4.555301776845708	0.8968830839134236	5.430618663526699	3.5019247122941226	7.36680565939884	2.8639103593492816	1.3922203972022031	1.0824398328558777	0.28133162167540343	1.7463123136717307	2.025451696834941	2.258025384393395
4.601922973078599	8.138151409027719	4.597902165439606	1.0616737294906247	5.509249806621479	3.5019207414625426	7.410364773287591	3.0340471828492213	1.6884506979224423	1.1753878143339127	0.3676175455839124	1.9090264347303203	2.299136009929527	2.3717179918510154
4.367903438532586	8.215308638206272	4.754271883506793	0.906866683833557	5.481821771005697	3.671888730487997	7.465203438860546	2.736623409114186	1.8748991530456154	1.037572204482059	0.11786143224813399	2.248183951667747	2.3158848546655095	2.317383678144623
4.609876591367388	8.33951725536816	4.7949859334475065	1.0653452694467382	5.5554607922965396	3.587049166165456	7.514641604805028	2.610017383106303	1.9902482612380374	0.9128611935059835	0.28233956541675015	2.604756217750498	2.090557962514444	2.6689082183887245
4.609876591367388	8.33951725536816	4.837513969556455	1.107873305556027	5.5554607922965396	3.5875662678567757	7.514641604805028	2.52488456040936	2.2917173836988085	0.8707735086097207	0.469869791891779	2.554441039587776	2.188689006708397	2.569304433111453
4.216212425929884	8.376043656139004	4.984778140690902	0.8249469104814416	5.405951469816631	3.8066182119165246	7.50785717756942	2.4819034276525604	2.4927160579553025	0.8707735086097207	1.1161778050281113	2.889841678068415	1.7854832840141164	2.514258616734239
3.383833487809255	5.768074119821031	7.372705906678758	1.7792017009517647	4.552434390577613	4.911682516792328	7.244263784057866	2.779872953230216	2.594062911521777	0.9074830451704262	2.5919346041661853	3.6765180104565944	2.491737609897229	0.4754967249868491
2.0311457238572985	6.509725190912435	6.676738094012063	1.864132820757602	4.47882498583554	5.0507681030062495	7.342162637397929	2.821725495289736	2.632541641190006	0.9123236595248118	2.5978681919758726	3.547594915325113	1.9789065518907532	0.023179397917515356
3.491484769964146	6.09975415668457	7.352097921532365	2.2391410051164824	4.306742911436285	5.125429620289279	7.260922695670564	2.9480534827613583	2.66975729281591	0.914751082989999	2.904506625703914	3.5823060137503195	2.723927504700471	0.8227299468710383
1.8456485577966997	6.491614362935391	6.593015065208769	1.7442478555227992	4.47882498583554	4.931705315277032	7.230322439148258	2.8629910026806646	2.8460970563123715	0.8750384577959238	2.3768625625948783	2.9980845452870724	1.822666490591895	0.3200656573891381
1.3011572937116216	6.9350564375960015	6.575062832950504	1.6611508983573544	4.521824606198868	4.9337609661905395	7.230322439148258	2.862982814662887	2.8970468575570867	0.8376006536829224	2.301279064439908	3.154014070100394	1.3536301546623213	0.17282440624059683
1.6106983588962651	6.753128809918456	6.585620033160898	1.7782071356536875	4.56363282511552	5.093743268227625	7.14450060711708	2.905184799803861	2.898420691315325	0.8798026388234736	2.313192276134639	3.613645139130977	1.5045449292937818	0.11626716054393799
1.7096835768464593	6.697069656709072	6.585620033160898	1.8211332003947003	4.433973430414737	5.093743268227625	6.43679312384509	3.459046516095096	3.318605021727852	0.7495305965057633	2.426564315799603	3.859236551703262	1.7169021869087804	0.3618585731156569
3.6001611373687634	6.004722897462179	7.448737165934312	2.1561468688964593	4.218236956914921	5.213020463230087	6.371913351584613	3.5926611393551235	3.4848508098136874	0.24737818835599562	2.406460129077068	4.183002100519853	2.558440139374978	0.19900813999400288
3.811421531677114	5.964479651170103	7.4537586390166215	2.3221425438307506	4.175316251510256	5.292202713628966	6.338675350401627	3.722586262659539	3.4741960918660553	0.3356183646577242	2.690317960977514	3.5756496133134577	2.9036823339051527	0.7932558422750855
4.095138501250896	5.838064103464747	7.523948462821816	2.409254141893965	4.132163110100746	5.292202713628966	6.30540382884617	3.766012048266216	3.514284787458912	0.5641475840964985	2.768822699040524	3.4293871642928884	3.0087307284069933	1.0276678404970305
4.657530441200852	5.562827546459132	7.649163675884902	2.571194311775015	4.132519431806024	5.410474915114041	6.358833586466063	3.766012048266216	3.4168307397377924	0.8133634227417647	2.9683608389478717	3.349956640694469	3.3199808801201502	1.2538803602665916
4.717162502391572	5.546938422477136	7.688521095736071	2.575579829132577	4.0887764945973775	5.371117495262902	6.407657473858127	4.203516506532221	3.3172312216548745	0.9340815484276658	2.710056686185596	3.0979206936151176	3.026446982134683	1.5721769504093668
4.698616504889809	5.574724452073334	7.653943079708852	2.619397877254136	4.002055396761145	5.371117495262902	6.499449063257758	4.159499393863038	3.2842448504419677	0.020171444254505736	2.5461342314168265	3.3762044857394713	2.9260419249535827	1.211094067550125
4.73319452091707	5.618617753345302	7.73692680042632	2.614885473836119	4.00225412018297	5.322711790572761	6.455357038563741	4.115541724088631	3.2842448504419677	0.46675843669889916	2.497048118334511	3.538109660811607	2.8112042717506798	1.083766908505039
4.767704376824043	5.574724452073334	7.771436656333361	2.570992172564046	4.046147421455047	5.365623720587109	6.455357038563741	4.337268826554362	3.233445441666342	0.39372392141920415	2.680452676015257	3.5726195167187034	3.042021466108201	1.0356570830606135
4.811213886899285	5.5312149419980985	7.732065397925045	2.610363430972385	4.046147421455047	5.404994978995366	6.504310287715953	4.514889632722964	3.1844921925140985	0.3393659778480688	2.5268849895889165	3.596964439627109	2.931963289756923	0.9633132670305466
4.858636640164654	5.4817197734357315	7.783692806869282	2.556663606731184	4.18331025456965	5.444299833391714	6.558252987506432	4.470394515792308	3.0863913382470716	1.2874253197245122	2.6314016505175903	3.6452160195148937	2.9273636551289233	0.9103276976357995
4.824229816099192	5.4817197734357315	7.749285982803869	2.556663606731184	4.18331025456965	5.4013879033774455	6.607400705829014	4.468871317746517	3.0721408602276536	1.6455394784847523	2.3253207556206044	3.488619179013295	2.621282760232202	0.9848497246511736
4.858636640164654	5.4817197734357315	7.783692806869282	2.556663606731184	4.18331025456965	5.3592349156613555	6.65661336003003	3.8516496430425815	3.073703836717346	1.4310220217296534	2.5092829632292806	3.353477506520283	2.805244967840792	1.0593909484148687
4.8929756440719645	5.4817197734357315	7.866343497547502	2.5083519199602096	4.22753463513742	5.310923228890509	6.612388979462112	3.8516496430425815	3.073703836717346	1.3103335345026828	2.5092829632292806	3.345654854816362	2.805244967840792	1.120036668366656
4.8334629422558955	5.541232475251711	7.818031810776652	2.556663606731184	4.22753463513742	5.3592349156613555	6.612388979462112	3.8516496430425815	3.073703836717346	1.2699983042105478	2.690914352333578	3.589004031855304	2.9747037438993966	0.8294197057050727
4.75573355579307	5.5846228578073145	7.783692806869282	2.556663606731184	4.139152100092693	5.3592349156613555	6.651558860305798	3.895193140954224	2.8852166470046106	1.3511684189084976	2.7833557603868218	3.6576071205107135	3.0237547693971583	0.7921566383343922
4.75573355579307	5.5846228578073145	7.783692806869282	2.556663606731184	4.139152100092693	5.3592349156613555	6.651558860305798	3.895193140954224	2.834664627369773	0.22420887787794144	3.102532869427143	3.6576071205107135	3.361198575148428	0.7264776131417187
