0	1	2	3	4	5	6	7	8	9	10	11	12	13
8.439813727699333	4.175558168014958	7.847108766589045	4.768263129125199	4.135220720315527	2.355898986072496	4.494773724085382	2.718802153849928	1.6305338349061615	0.010791027651445228	3.2713831202912336	4.88966949288605	0.4120600182856535	4.687492632734998
8.336805153739466	4.203111390510977	7.7306365439714755	4.809280000278787	4.125054414709398	2.215539001306976	4.35697356534428	2.6443814041425284	1.5442993204335604	0.04814701677611826	3.1443061243556163	4.926458116058632	0.5179621661166844	4.252958004959682
8.209452309967666	4.4031297316994165	7.8692403242071105	4.743341717459841	4.034937385404292	2.060070216616066	4.231388172156716	2.5215964258100216	1.53065316228528	0.12340097704776001	3.201147133723652	4.960598928095694	0.5710224686315942	4.201365661034239
8.37246284066286	4.173783301600379	7.806864519765154	4.739381622498011	3.9887375296461185	1.9759201997999456	4.326530595655253	2.609051214836706	1.478101424826083	0.16507867761663336	2.962148280588613	4.994721073794926	0.6241160711979298	4.0574037790542805
8.358934911622656	4.120942636562583	7.740453796597681	4.7394237515876085	4.037770704817145	2.0249955040603087	4.326530595655253	2.609051214836706	1.478101424826083	0.16507867761663336	2.9039935522024227	5.0716053448802745	0.7244047984535347	4.05563049367929
8.361021273665047	4.062545823400458	7.6841433454779535	4.7394237515876085	4.0273923363638575	2.025773986376523	4.33690896410859	2.60827273251994	1.3731852338624932	0.16507867761663336	2.843836505731528	5.0666710055042685	0.7720284604533101	3.958999593831188
8.400053933033405	4.009597297899774	7.67827730210767	4.731373928825325	4.1648281373313605	2.157472649924643	4.325003461239075	2.5214727717105507	1.3006034612648432	0.16507867761663336	2.7393366910321353	5.1057036648725465	0.8278543469700481	3.958999593831188
8.513062113360075	3.8965891175728835	7.629131939569164	4.780519291363777	4.259624729524912	2.249921081580748	4.302520729007232	2.5168564642871574	1.2282896013033788	0.12639191591973675	2.675220858143775	5.1057036648725465	0.8247522624236856	4.053159655156353
8.513062113360075	3.847458341232991	7.485809984744906	4.874710469848264	4.361502185798142	2.3505848312878976	4.302725301717721	2.517897361795157	1.175338348659452	0.20843028397919489	2.6232065602457713	5.1057036648725465	0.8281750500840882	4.053159655156353
8.513062113360075	3.847458341232991	7.485809984744906	4.874710469848264	4.361502185798142	2.3938225504356763	4.302725301717721	2.513294383668554	1.175338348659452	0.16979554295909002	2.6735740123063665	5.1057036648725465	0.8235249277079598	4.053159655156353
8.57124329717247	3.789277157420605	7.436440802076299	4.924079652516961	4.361502185798142	2.4431917331044644	4.338755918351307	2.513294383668554	1.1393077320254292	0.21026930598183988	2.615392828494111	5.1057036648725465	0.7750155572233234	4.053159655156353
8.626083937357913	3.6852149172388455	7.386994434219121	4.924304420377788	4.4107237857946675	2.4926381009616345	4.391747477907522	2.513294383668554	1.086316172469209	0.24756659074178405	2.560552188308644	5.1057036648725465	0.7750155572233234	4.147022903515616
8.626083937357913	3.6852149172388455	7.386994434219121	4.924304420377788	4.463547951615283	2.4926381009616345	4.3389233120869095	2.513294383668554	1.1727959785523199	0.28808873303741395	2.560552188308644	5.1057036648725465	0.7750155572233234	4.147022903515616
8.665040040414306	3.6852149172388455	7.425950537275517	4.924304420377788	4.463547951615283	2.5352971748753608	4.3389233120869095	2.4706353097545675	1.1727959785523199	0.3286636227179765	2.560552188308644	5.195959121112413	0.7750155572233234	4.1863297332351905
8.60886348901576	3.6852149172388455	7.369773985876972	4.924304420377788	4.463547951615283	2.5352971748753608	4.374860955829681	2.4706353097545675	1.1893197983253712	0.3286636227179765	2.560552188308644	5.139782569713864	0.7750155572233234	4.233155217760416
8.60886348901576	3.6852149172388455	7.369773985876972	4.924304420377788	4.463547951615283	2.5352971748753608	4.374860955829681	2.4706353097545675	1.2232825886132632	0.3286636227179765	2.510184736247996	5.139782569713864	0.8253830092846253	4.278571861395475
8.60886348901576	3.6359023143611275	7.320250325504902	4.924515477871922	4.512860554493077	2.5848208352472946	4.374860955829681	2.5092140095181676	1.275778332194512	0.29008492295567123	2.510184736247996	5.139782569713864	0.8253830092846253	4.278571861395475
8.663815524316885	3.5809502790599517	7.369773985876972	4.874991817500037	4.512860554493077	2.5352971748753608	4.374860955829681	2.5092140095181676	1.275778332194512	0.29008492295567123	2.455232700946656	5.139782569713864	0.8253830092846253	4.325325378085398
8.62483082022365	3.5809502790599517	7.330789281783654	4.874991817500037	4.512860554493077	2.5784713764253056	4.374860955829681	2.4660398079680568	1.275778332194512	0.33071262230119186	2.455232700946656	5.100797865620533	0.8253830092846253	4.3708182941956215
8.56663663167104	3.639144467612462	7.330789281783654	4.874991817500037	4.554857386791418	2.5784713764253056	4.3328641235314045	2.4660398079680568	1.275778332194512	0.33071262230119186	2.513426889499332	5.143683569938762	0.8253830092846253	4.327932589877453
8.56663663167104	3.688457070490341	7.330789281783654	4.924304420377788	4.505544783913668	2.5784713764253056	4.3328641235314045	2.4660398079680568	1.275778332194512	0.29008492295567123	2.5654411873973797	5.143683569938762	0.7733687113861175	4.37349975543616
8.56663663167104	3.688457070490341	7.380235649640818	4.874858052520573	4.505544783913668	2.5290250085679764	4.385895677405556	2.4660398079680568	1.2227467783200183	0.29008492295567123	2.5149850704343724	5.143683569938762	0.8723341988345816	4.37349975543616
8.56663663167104	3.688457070490341	7.429604832309361	4.825488869851943	4.505544783913668	2.4796558258993344	4.385895677405556	2.4660398079680568	1.2227467783200183	0.29008492295567123	2.5149850704343724	5.18664610099042	0.8723341988345816	4.377220318309286
8.527575419410681	3.684814154707279	7.395105213565613	4.817284360552305	4.509187699696699	2.5182041423274426	4.385895677405556	2.422929898023816	1.2753046853438008	0.2867501846643504	2.464437174215434	5.147584888730027	0.9228820950533304	4.422863535815364
8.527575419410681	3.684814154707279	7.395105213565613	4.817284360552305	4.509187699696699	2.5182041423274426	4.385895677405556	2.422929898023816	1.2753046853438008	0.24623249067409214	2.464437174215434	5.147584888730027	0.9228820950533304	4.422863535815364
8.54349497829867	3.6297566863644004	7.35596730411082	4.817284360552305	4.509187699696699	2.5182041423274426	4.385895677405556	2.422929898023816	1.2753046853438008	0.24623249067409214	2.409379705872654	5.108446979275292	0.9228820950533304	4.422863535815364
8.54349497829867	3.6297566863644004	7.35596730411082	4.817284360552305	4.509187699696699	2.5182041423274426	4.385895677405556	2.4645387814855573	1.2753046853438008	0.20462360721122153	2.409379705872654	5.108446979275292	0.9228820950533304	4.422863535815364
8.598664521634765	3.5745871430283	7.35596730411082	4.817284360552305	4.467190867398396	2.431920030832996	4.374860955829681	2.5508228929797245	1.275778332194512	0.20462360721122153	2.354210162536569	5.057120009612752	0.9228820950533304	4.474190505477873
8.559449725501354	3.5745871430283	7.3614830193909455	4.77255384913883	4.414366701577687	2.3871895194194437	4.391747477907522	2.5508228929797245	1.3117159759368333	0.20462360721122153	2.4047580587552417	5.017905213479286	0.8723341988345816	4.474190505477873
8.559449725501354	3.5745871430283	7.3614830193909455	4.77255384913883	4.414366701577687	2.3871895194194437	4.391747477907522	2.5508228929797245	1.3117159759368333	0.20462360721122153	2.4047580587552417	5.017905213479286	0.8723341988345816	4.474190505477873
8.61473158377471	3.519305284754989	7.3614830193909455	4.77255384913883	4.414366701577687	2.3871895194194437	4.391747477907522	2.5539176809691195	1.3117159759368333	0.20152881922445892	2.349476200482067	5.017905213479286	0.8723341988345816	4.474190505477873
8.575439711021394	3.519305284754989	7.322191146637702	4.77255384913883	4.414366701577687	2.3871895194194437	4.391747477907522	2.5539176809691195	1.3117159759368333	0.20152881922445892	2.349476200482067	5.021639184702088	0.8723341988345816	4.384479889218205
8.575439711021394	3.519305284754989	7.3669986282383135	4.7277463675381215	4.414366701577687	2.34238203781871	4.391747477907522	2.5539176809691195	1.3117159759368333	0.20152881922445892	2.349476200482067	5.021639184702088	0.8723341988345816	4.384479889218205
8.575439711021394	3.572169800534408	7.3669986282383135	4.780610883317499	4.361502185798142	2.34238203781871	4.391747477907522	2.5539176809691195	1.2592202323557284	0.20152881922445892	2.349476200482067	5.021639184702088	0.8723341988345816	4.384479889218205
8.633651890410107	3.5139576211458152	7.3669986282383135	4.780610883317499	4.361502185798142	2.385556239368562	4.302725301717721	2.5107434794190335	1.348242408545998	0.20152881922445892	2.291264021093315	5.021639184702088	0.8723341988345816	4.43116466150168
8.689051891069347	3.4585576204864386	7.3669986282383135	4.780610883317499	4.308755505864565	2.385556239368562	4.355471981651334	2.5107434794190335	1.3142796182579073	0.20152881922445892	2.287972884375448	5.0647422636388395	0.8202253348923343	4.433779181772441
8.630834124317365	3.5167753872385186	7.411883223918517	4.735726287637319	4.266645659575212	2.3402209024485323	4.3975818279405345	2.51119422065889	1.3142796182579073	0.20152881922445892	2.2956455567107357	5.0647422636388395	0.8707704293088981	4.433779181772441
8.630834124317365	3.569730726653508	7.456845077687835	4.74371977328287	4.213690320160358	2.2952590486794118	4.3975818279405345	2.51119422065889	1.3142796182579073	0.16428421952869898	2.2956455567107357	5.0647422636388395	0.8707704293088981	4.433779181772441
8.591464984545553	3.520515797016158	7.368162025900004	4.74381875566165	4.220717830334503	2.344572960695455	4.439769247403807	2.51119422065889	1.3142796182579073	0.16428421952869898	2.2956455567107357	5.068553596996766	0.8707704293088981	4.390598708642892
8.55201838689892	3.520515797016158	7.3287154282533935	4.74381875566165	4.220717830334503	2.3877478380003554	4.439769247403807	2.468019343354168	1.3142796182579073	0.16428421952869898	2.2956455567107357	4.977661735589809	0.8707704293088981	4.395357637815975
8.496623973603013	3.5759102103120193	7.3287154282533935	4.74381875566165	4.315669568828124	2.3877478380003554	4.344817508910025	2.468019343354168	1.3142796182579073	0.16428421952869898	2.351039970006781	5.0209062074118345	0.8707704293088981	4.305352209460404
8.457099726767089	3.628963367363416	7.334223386402685	4.7518397077277745	4.220446549656352	2.3427156330149606	4.386987371030566	2.468019343354168	1.3142796182579073	0.16428421952869898	2.3526093582395453	5.024704238955918	0.9177878206536991	4.262029931080347
8.417497638969103	3.628963367363416	7.33973116009692	4.706729846235556	4.220446549656352	2.340394297023264	4.386987371030566	2.466956238902286	1.3142796182579073	0.12255879847879307	2.404908389121256	4.985102151157935	0.9141530938330296	4.307819020048195
8.417497638969103	3.628963367363416	7.33973116009692	4.706729846235556	4.220446549656352	2.340394297023264	4.386987371030566	2.466956238902286	1.3142796182579073	0.12255879847879307	2.3541843955143684	4.976938620560788	0.9648770874389873	4.31598255064541
8.377817517977727	3.628963367363416	7.34937894306454	4.657401942276509	4.273306250190271	2.334177363630229	4.334127670496514	2.4624109655723547	1.3142796182579073	0.08399310124243446	2.4065790310728605	4.980723438474023	1.0100440946230553	4.083434490869001
8.393453584398763	3.6227770332584193	7.264503793752712	4.751726823904345	4.361226438175562	2.4221475658689045	4.196999403320638	2.4195575657708392	1.3142796182579073	0.08399310124243446	2.5128669848369816	5.02013504616712	1.1960810746476254	4.095061324351332
8.29528625651587	3.628061288628357	7.179627771861208	4.74371977328287	4.509212670576863	2.5102336904353377	4.10205947752426	2.3379449999515005	1.3142796182579073	0.12255879847879307	2.6262386985050865	5.008125740250394	1.24415978949342	4.018714593771482
8.310872465780575	3.5687351377389263	7.049865943861992	4.829741659657356	4.60794045321349	2.643062615559899	3.918081486059757	2.2949625242767677	1.4033543901610603	0.12255879847879307	2.7304862049935816	5.204170498868008	1.7326097491808592	4.43743984494049
8.25440681668159	3.5687351377389263	6.993400294763077	4.829741659657356	4.60794045321349	2.643062615559899	3.918081486059757	2.2949625242767677	1.4033543901610603	0.16308094077647467	2.7839258364804564	5.332486914574982	1.831599068359681	4.394051184149303
8.381111659080402	3.447575630347174	6.941848524778738	4.886838764648768	4.612231689919278	2.6410961987537243	3.7756182079797305	2.252044345402513	1.4395447308637077	0.16308094077647467	2.995037858833312	5.504241044334094	2.1250440696863095	4.649739052313167
8.378706294702614	3.5519484606218295	6.991078018297505	4.939576737026956	4.563517087232631	2.5918667052350717	3.722365344769138	2.252044345402513	1.4395447308637077	0.16308094077647467	3.1609509101413837	5.691268429451813	2.1184188880234496	4.607239998544783
8.338611657814518	3.4319079393416008	6.876226226364416	4.8942933707918215	4.461419503017634	2.4977386179951577	3.8286218285698013	2.21031892435386	1.386541110273702	0.2048063618232411	3.6549019819396342	5.858505690307359	2.1976441870691183	4.964453187172468
8.298696042492095	3.472800840169162	6.824837980061914	4.946658902599164	4.364001045325797	2.4526856921106255	3.9178303151143172	2.21031892435386	1.3312954140167768	0.2048063618232411	3.766308471712605	5.956917964549289	2.145613356152253	4.965471669399187
8.270744105228843	3.5700194227738073	6.939861965177833	4.900901562824814	4.522561052951617	2.213875747577021	3.681211063264042	2.253237103228096	1.2592202323557284	0.2048063618232411	4.171723197725501	6.101272492573919	2.5353057729552493	5.405634116748018
8.17494830401751	3.609719615640283	6.884567536393049	4.900100383264688	4.521054788424054	2.0735377281347867	3.550030147074247	2.2544217443456214	1.2427908528855351	0.2870504924597465	4.229028434828778	6.139702380285924	2.4765291114984036	5.419426802227955
7.77871123634841	3.83979080670556	6.710420038263769	4.908082004790195	4.575343634455522	2.0712886252603506	3.4065215351247087	2.172873097909459	1.2448711602140317	0.3256810561301376	4.360437226000797	6.240049195740139	3.370895715673646	5.844990874889561
7.540077271291662	3.952238521347648	6.579628086495448	4.9126877061437835	4.522105248963116	2.0226559411215055	3.4065215351247087	2.172873097909459	1.2448711602140317	0.2851061664500979	4.484526908895559	6.056135864464024	3.272363523078437	5.961370804280802
7.3420129771811915	4.107855416783543	6.634656052016308	4.815212341948437	4.45489328483199	1.8717449652887928	3.413514868189366	2.0884018121184815	1.2088002014614503	0.3267234740594853	4.642792964251181	6.284398975383997	4.180200463988431	6.274751082775998
7.300528790794443	4.107855416783543	6.641422217527461	4.766961990050574	4.4961946864406706	1.8662207646904991	3.3722134665804986	2.045675660819029	1.2088002014614503	0.2862013317621829	4.656453649537413	6.336319022999275	4.3022635110977285	6.361183047175501
6.63317510245029	4.452115610269112	6.4248256672635815	4.660465045455651	4.595741526303299	1.8607089721077978	3.330989350157142	2.041647973266731	1.1747472846187095	0.2070971334964402	5.171391496224269	7.218619172782472	5.100017452053585	7.274697076081436
6.5028466940119545	4.667136651237554	6.565591652413634	4.604391692835943	4.647767348470021	1.84699369664091	3.2361875351817067	1.9565139033056411	1.1747472846187095	0.2039335550875827	5.523257672540073	7.159193117357604	5.188584947564794	7.446634985982899
6.075151682439537	4.951875199281922	6.369619960645693	4.657406921075855	4.55362584457738	1.8044584277753644	3.241242852082222	1.957492083161147	1.1767029139859397	0.20513057850978533	5.7850141593032	7.471585581378057	6.003073284387725	6.950732248687842
5.99081156599515	4.951875199281922	6.285279844201363	4.657406921075855	4.499950305254598	1.8044584277753644	3.2587805397615925	1.957492083161147	1.2128407656298583	0.16482293140525983	5.967145825082559	7.4908372798131895	6.150519728709422	6.811105357104805
5.803706608729746	5.064953883798129	6.110207733970577	4.758452758557295	4.459318613118282	1.8098016914849875	3.2463084592217424	2.000090884256858	1.178662876215931	0.12456764055639355	6.173875929992329	7.410999880821119	6.5701613296517145	7.77239318668897
5.761163841365323	5.070313805779961	6.067664966606214	4.763812680539252	4.453958691136328	1.8098016914849875	3.2463084592217424	2.000090884256858	1.2312077842600628	0.04709502714105078	6.182199503274789	7.6321832946629975	6.652229238654787	7.664627234167476
5.774689511339989	5.070313805779961	6.081190636580807	4.763812680539252	4.453958691136328	1.8098016914849875	3.2463084592217424	2.000090884256858	1.2312077842600628	0.04709502714105078	6.128857107605109	7.645410933041937	6.727616533328066	7.728589836740595
5.6037403581450125	5.159186629995473	5.898208636351089	4.864718351789473	4.305110955080599	1.7618596266793363	3.2994461443700143	2.000090884256858	1.17807009911198	0.04709502714105078	6.547167828480071	7.737605631256162	7.729639554486794	8.214851143672218
5.560423257198007	5.26018200350472	5.950549130985158	4.870056129717525	4.20411558157146	1.6662020310980852	3.2994461443700143	2.000090884256858	1.17807009911198	0.04709502714105078	6.860102408064212	7.531362582210895	8.050502530528613	8.229516562394947
5.213560531581112	5.423143554867026	5.7188568773521	4.917847209096014	4.121476415298165	1.7567827944278391	3.3820853106431517	1.9573012003062586	1.17807009911198	0.0902473074427241	6.970038242686103	8.462024680440988	7.292938831791883	8.626665255910146
5.1719878443399	5.252168335261317	5.553944100157324	4.87021207944405	4.169111544950292	1.7998918514520195	3.3820853106431517	1.9141921432817872	1.1964928250524072	0.1335731152338369	6.337579247934949	7.572309826079563	5.983386926368992	7.602735228243167
5.363986321503274	4.962075138626273	5.509209624542932	4.816851835586862	4.222471788807318	1.8428734625878969	3.3820853106431517	1.9127676211556748	1.1964928250524072	0.13244124983673988	5.984326236945916	8.093592272820812	5.933763040323485	8.132067203629111
5.063515534362045	5.032244571903475	5.464984607452443	4.63077549881304	4.318028639109704	1.7953996892539326	3.3289476254950987	1.869721908018607	1.2496305102004288	0.17291925597059155	4.41909117016735	7.451559743981711	3.0518580256735737	7.398410220818443
4.962159639048506	5.146241018191209	5.522998388855223	4.5854022683844455	4.318028639109704	1.750026458825224	3.3289476254950987	1.869721908018607	1.268109193449956	0.25403386761607794	4.119436456641919	7.521744165007619	3.6023242386161365	7.304380441052501
3.643096049689113	6.0391626206488	5.190335734349192	4.491922935988742	4.37250590178297	1.7524604470889713	3.3703836834812493	1.869721908018607	1.268109193449956	0.29467059889777847	3.0423854866280005	7.253873400996561	3.911571812528665	6.249136669644737
3.103586045746281	6.3330135274135	5.086469069465351	4.350130503694514	4.468777150649879	1.750049173605756	3.3703836834812493	1.8266119980741413	1.320898771993304	0.29467059889777847	3.0921406787421235	7.10561548203495	4.000355854946808	6.121742638523244
2.79427401896996	6.4970176117535585	5.03778962995486	4.253502000768571	4.522105248963116	1.7925820444570202	3.3703836834812493	1.7407787226103513	1.320898771993304	0.33536036425228066	3.5923716601191495	7.14139113694984	3.9287243967793835	5.019843790116331
2.80062674736512	6.444535563357728	4.991660309954314	4.253502000768571	4.563541306949449	1.7925820444570202	3.3289476254950987	1.7407787226103513	1.373751451252547	0.33536036425228066	3.7704562816372222	7.275787843044842	3.558298494040325	4.81962745249623
2.811640983194192	6.205253950630638	4.858412703925426	4.158482229899185	4.715762439993539	1.9351020477661947	3.3703836834812493	1.696896139461974	1.373751451252547	0.37610322644573135	3.7241373866880805	6.896618523158257	2.171026442894169	3.938131987304997
2.61241506664526	6.056820138108201	4.624951777602964	4.04428342715032	4.923973950194371	2.0291147552179525	3.3703836834812493	1.696896139461974	1.373751451252547	0.42037712213338363	3.2051648191895055	7.243743280196016	2.3299667752503286	2.94888950160404
2.373263780526757	6.231891246552944	4.670944611094256	3.9342104159855507	5.034046961359076	2.0291147552179525	3.4065215351247087	1.696896139461974	1.3376135996091945	0.42037712213338363	1.7355756838818737	6.887306473692782	1.5055499746357432	1.3101083656141868
2.236813590890577	6.291741637545569	4.692808473230715	3.8357467552055495	5.086779930431691	1.9406622499338766	3.4065215351247087	1.7396179530390112	1.3376135996091945	0.42037712213338363	1.7811889496109434	6.990111325952895	1.6373923679157407	0.9667756287157663
2.817663993697242	5.92265701036439	4.904574248856059	3.8357467552055495	5.04526598832345	1.9406622499338766	3.448035477233017	1.7396179530390112	1.3376135996091945	0.42037712213338363	2.1183073364823763	6.949615086635532	0.9950036746674434	0.24186885131695005
2.4661614230922306	6.171128145880353	4.752705383581199	3.8845841853913092	4.894368447617158	1.8923802341893199	3.4487692601480453	1.7396179530390112	1.3221418994732446	0.42386451216563503	2.0816915504365534	6.380093710650284	1.1829711502986975	0.4117842088607094
2.1664389253187832	6.223517960871223	4.658746864904865	3.7312100212852597	4.945837569348439	1.887543918389046	3.5024693698142393	1.737862466389938	1.2877888307361685	0.3447778997931439	1.1197140907199097	5.56635955571971	1.451367303941645	0.10488899046172037
1.8542803217865411	6.47542287333999	4.7045627459025665	3.62514044922406	4.898924694595552	1.9722228904146204	3.6096359356307053	1.607367613366431	1.2004063767771584	0.08470289433769938	0.9157988472313525	5.3825485039202965	1.7688743420832094	0.05546920007792123
1.7035136848687573	6.5747257024747725	4.705111399762633	3.5731279875805995	4.8493387912105685	1.9677194022446267	3.6991998608349337	1.5637393443809375	1.1298004632281928	0.038956340808758844	0.7880724031234106	5.212823066722692	1.8684799648763977	0.13153818814958174
1.5319183104002974	6.746321076943094	4.705111399762633	3.5731279875805995	4.8493387912105685	2.0114128221178027	3.6991998608349337	1.6002852843623152	1.0768702887526027	0.20210249006546677	0.32803981039827257	4.649692498321593	1.7866118831847688	0.578903387236465
1.0306186792611434	6.907977216616811	4.369413932327007	3.5691819635506734	4.794716325006128	2.1471272521096343	3.805900108225685	1.5127026115263913	1.0768702887526027	0.36154695542108073	0.025284376286913445	4.235535579512586	2.1781983686309987	0.7663122795647381
2.073936497701372	6.456856946130012	4.857444135088078	3.673349308743511	4.792069160523011	2.1953361116291843	3.7525887870352572	1.5127026115263913	1.0768702887526027	0.11342560087462297	0.4568344447127509	2.7440341141762965	2.0349818222341507	0.15076595455734892
2.5663812934019274	6.19403671053354	4.988996285530338	3.771421718405157	4.698097598210485	2.1973240588525393	3.7942998938730716	1.556526618489694	1.1114069551883115	0.06724763969974303	0.7914692060386589	2.3997690601881403	2.054535892489883	0.09185714134862744
3.073326083721551	5.979714658606809	5.176833302198849	3.876207440129498	4.635022983323775	2.196279873063098	3.8056067403166187	1.557570804279417	1.0928619890023958	0.026818315941560103	0.3740517192621483	2.519998260943824	0.9425496847901744	0.19101864594891066
3.420699472532977	5.871158195978723	5.363124690309266	3.9287329782026537	4.635886371450845	2.152587927307523	3.752217814116279	1.601262750034861	1.1272714478238202	0.013663870340543928	0.02636915338213435	2.6229885893522606	0.37272723288735193	0.15948095507417084
3.8218372923064616	5.812890195627812	5.547885558585742	4.0868419293486	4.531244028177264	2.1516134032178513	3.698751206244098	1.5636671552248407	1.1616175290671003	0.09276910132067133	0.0375606270843509	2.4142632505792863	0.6797107575924884	0.05926454959603227
4.105040821435691	5.8113891621356615	5.776707173446127	4.139722810125244	4.531907513288995	2.1516134032178513	3.6091358816032946	1.5636671552248407	1.1976884878192853	0.13335720235678716	0.14433442972541408	1.9116449471741286	1.3472365049895323	0.14982248450885421
4.350320145843782	5.702278234325133	5.912875570043833	4.139722810125244	4.531907513288995	2.1516134032178513	3.6091358816032946	1.5636671552248407	1.231971341806777	0.21138822768205318	0.087346981701598	1.7807799265102524	1.6284789006513556	0.06340692506615106
4.241209218033403	5.8113891621356615	5.912875570043833	4.139722810125244	4.531907513288995	2.1516134032178513	3.572998029959753	1.5636671552248407	1.268109193449956	0.21138822768205318	0.20289690361981852	2.0887168386063317	1.7384781449398512	0.02572281871602732
4.376541788929693	5.8113891621356615	6.0482081409402015	4.139722810125244	4.531907513288995	2.1516134032178513	3.572998029959753	1.5636671552248407	1.268109193449956	0.21138822768205318	0.36484787798231405	2.676648677865136	0.9528817885513488	0.2524394183651511
4.427852953971741	5.80035567089351	6.093134327418658	4.135074297446534	4.536556025967686	2.1516134032178513	3.536793128007486	1.605392576273695	1.3043140954023191	0.1696628066348099	0.0212225886946854	2.9565398315746085	1.2879906496541689	0.3991179402157906
4.472687185235328	5.747571853992247	6.092233687542139	4.128025351685514	4.5893398428688705	2.1973482743580615	3.536793128007486	1.605392576273695	1.3043140954023191	0.1696628066348099	0.15098140400046564	2.9922049848877292	1.417749464965803	0.28998896835804694
4.6227324349431855	5.735071776497283	6.1841659993797995	4.173638212060717	4.582762682572746	2.19480946810685	3.4952186216774352	1.605392576273695	1.3043140954023191	0.1696628066348099	0.28398092436412553	2.884519832874081	1.3623440605122132	0.02850083267950156
4.598943127937193	5.837427248716687	6.217199556605772	4.219170820048186	4.534699565819452	2.1487183845928213	3.4952186216774352	1.648953151021935	1.3043140954023191	0.1696628066348099	0.5307458808051216	2.933980978145154	1.4302282548580392	0.06520407794795789
4.506707017300103	5.8324904157395805	6.127192522812953	4.2120049102266925	4.5873785566233485	2.194231465575238	3.4952186216774352	1.648953151021935	1.3228489874346367	0.1696628066348099	0.004440309457485926	2.3801513360823643	0.8561805256547838	0.5846501922774969
4.354311531840081	5.9403009893490735	6.0371708405404	4.257441680648725	4.5873785566233485	2.2396682359970677	3.4952186216774352	1.648953151021935	1.3228489874346367	0.1696628066348099	0.19917511501910526	2.2010362109066883	0.48680909708366804	0.784824602992177
4.400795777249546	5.722433919549725	5.935460009535977	4.187769687263581	4.852168728745041	2.2831689412685416	3.3879365129365713	1.6932885157463045	1.3757299844540816	0.1696628066348099	0.2782486603149844	3.1040977923945245	0.2968472686057175	1.4381705996074887
4.400795777249546	5.722433919549725	5.890322451970612	4.232907244828856	4.852168728745041	2.2849410813026583	3.3879365129365713	1.736653933277481	1.4286742559072008	0.12902607535473332	0.6701797677823907	3.5580344334773306	0.3840135075170751	1.1677631378807225
2.673004613641856	6.661829377792406	5.2266736026263025	4.108160388807968	5.114708069868779	2.2811579297064255	3.387342911568645	1.8244718385693104	1.5347228154942336	0.2069996446999142	2.2267049596601294	4.988450668976353	0.9694026167556207	0.9022308863465068
2.373856588586331	6.629528869244988	5.060522627212832	3.9428628306183824	5.274030471179941	2.2315672999067697	3.423521368629453	1.9098689819780776	1.6050029362542602	0.20250185931289885	2.030225463014254	5.100581959314021	1.6872620692600162	0.9319194240609822
2.4759445577225816	6.57790613956457	5.073420476122652	3.980430221164358	5.32565320086041	2.277842665079948	3.476726139590149	1.9527837370313743	1.6051225542131644	0.20250185931289885	1.8661121285275282	5.264282447700123	1.4942346317011614	0.9337298643917452
3.1534998905916987	6.195829577122286	5.385461809933056	3.9638676577809027	5.431025078311159	2.184137009733934	3.5295014638721245	2.1200242786181653	1.639315387227478	0.16394067166778276	5.286930499469876	6.183535345696774	0.6735278743405501	1.1737005490508094
3.2146541439643204	6.093015920631514	5.452905688474225	3.854764376121635	5.533838734801957	2.1775330085708773	3.56553244521634	2.1203386546128358	1.6567693000389871	0.16394067166778276	5.5550781256759425	6.684592700740296	0.6469213101390576	0.6722552803779367
4.895581380335002	5.5415026967819125	6.359221600238171	4.077862476878841	5.318963279179877	1.9361798781140345	3.8337870248012584	2.5847898858268077	1.5499052819208838	0.20117168485590373	6.0864077519883955	6.898669140154415	0.6194801972914838	2.961933517461982
5.326250440645742	5.4205514301777855	6.533463175774572	4.213338695048814	5.152178399208652	1.8982898376395552	3.9525718600679034	2.710156099766649	1.5499052819208838	0.20117168485590373	5.668195295081861	6.640264319914882	0.8182857362693979	2.9363025280167383
6.008039540308035	5.097427023503984	6.820497517770941	4.2849690460411445	4.966493080627821	1.5354883257485525	4.18733627251244	3.2470461804764725	1.443209531720994	0.20117168485590373	4.574493062654398	3.9290445439551975	4.380259067768903	1.1354428420054499
6.048120037412064	5.094257497450729	6.860578014875016	4.281799519987886	4.853313033844828	1.413045168351234	4.250373752647153	3.3309281502265082	1.4432898690238016	0.23973287250228095	3.8051627321939634	3.7766746518142935	4.877236260690649	1.6335569233659948
7.278175171787111	3.917876490860743	6.792958493601536	4.403093169046307	5.104331401330434	1.697365047499216	4.158755076499041	3.534262860395025	1.6388642666643054	0.2815145429915056	3.3920153247594107	4.595942859783245	0.8002067325042063	5.3783440650568695
7.68755006730146	3.390786046335253	6.7523627557073445	4.32597335792941	5.345995885925727	1.7114101653577303	4.169469705320934	3.695477044836844	1.6388642666643054	0.24089145310664847	3.1674772010514505	4.748314484304666	0.7485957942353992	5.460975048042652
7.854192390371048	2.6644214553389696	6.521395369615131	3.9972184760947025	5.407013933272021	2.1243661328431163	4.8562232079052965	3.6960435134545007	1.6750954557198385	0.319799767855347	2.173497112720441	3.644112850454985	1.6812506905375668	3.7344398780863575
7.788086174152675	2.498499911997197	6.376083471011758	3.910502615138001	5.1345024769983825	2.2084107823651924	5.564624772099854	3.8392559986611765	1.7091438314070393	0.4417168800904631	1.9880488124457307	3.5927618332070432	0.1812400492824069	3.065625539270163
7.861484555772452	2.458040548885698	6.348373006484681	3.9711520981737305	5.048759633216698	2.1894852580727417	5.7486428679266055	3.9755450786657347	1.7091438314070393	0.4832780594582453	2.0458647013794238	3.653372762110615	0.27110203293512275	3.028710038874666
8.22325042774591	2.4494879929064637	6.756336998102182	3.9164014225503756	4.9603460198304985	2.1611350645845104	5.947285574442222	3.90275157367527	1.5984293633217679	0.4804077493594072	1.2809835158497942	2.9534276459180355	2.0408751148341184	1.7279771936976178
8.1937446128099	2.5552919173780744	6.838673695764684	3.9103628344232693	4.796744417083604	2.3231202244761286	6.199978358226142	3.7343952607450395	1.5428316817908938	0.4804077493594072	0.743581192330364	2.7163758839811343	2.6469773172561126	1.7129389944157098
7.500529686112069	2.396357443325864	6.401428350876013	3.4954587785619977	4.795114967227935	2.9002252220691456	6.884948283958333	3.3606028125105123	1.4360863959494743	0.2768385256755704	1.1356710739478189	1.6506744921473595	2.3642671361785483	0.10058611783695727
7.285580850374263	2.40176884616302	6.1061526384334055	3.5811970581039994	4.6004108348442525	3.198220804813341	7.179450596683996	3.2363479278452822	1.3297149910924162	0.11425039691550201	1.1875257022881132	1.2718356209225001	2.20395426014825	0.15886430745042376
0.28975477646792636	5.721315421872634	3.8874544336525245	2.1236157646879104	5.235096595515755	3.3247587672622623	7.804311242066306	2.896916924412002	1.2233387463731158	0.4429685163504023	1.0194319658565294	0.9344567056431162	2.9455223446052434	2.825802047157309
0.31615719389718805	5.596956148066306	3.7053740092746112	2.207739332689254	4.993546586675364	3.4447511190549553	7.907786824353143	2.8125582862727323	1.1547910453708836	0.4010160492042221	1.1053946906343257	1.0666376961398996	3.4724481715236375	3.288945662968607
1.4015902603873982	6.129519739083587	2.7333894751414443	1.99454000355495	4.785749037186659	3.5675501117940978	7.952185193410963	2.5992651321862863	1.126313223695418	0.5570713534736358	2.2992388485877404	1.1592358332560821	2.4138565542566583	3.2572259446812613
1.6739357056998094	6.358390461488721	2.6929832785140264	1.9914714772746138	4.917160413498619	3.6472611312166707	7.621447433196625	2.5132431519098515	1.2701846297579626	0.5570713534736358	2.0138476501199025	1.1197637915030951	2.5189721542104353	3.2147400350174746
1.4402098401236323	6.262833677543321	2.7443260755915255	2.078297761828058	4.779633627560935	3.7742602592433108	7.5714422343564065	2.428239177337052	1.360735110210472	0.5570713534736358	2.0038842673932615	1.0243652767682903	2.353218009891301	3.288788299973726
2.4388918725729645	6.648104941585421	2.6136673697467314	1.5955456992656587	5.043762623210772	3.819219908418553	7.5579378600986	2.257081205225397	1.31058588006535	0.6339202406563856	3.41927101758751	1.891531316995543	1.2972475792248208	3.691661367276603
2.429850802274578	6.619329748788079	2.8074288786490706	1.382050067864525	5.273117099107763	3.7353469339729477	7.230437032537292	2.171692625352901	1.4010643650485224	0.6339202406563856	4.591741194025156	2.3104960701481096	0.03975555967946668	3.275388018399726
2.194772596370443	6.602291704069313	3.1189702089952593	1.288548898703391	4.455500176163861	3.783459395030528	7.790553837198641	2.2144187766522867	1.704936980641013	0.6733519158982154	3.5404551401239712	2.3274460218747866	0.7472085256770785	2.371126869557598
2.6081869500474517	6.801863227916606	3.0850415726947715	1.1086347051746104	4.500670436097719	3.783459395030528	7.7835663947722455	2.1727452710272366	1.7949263676265645	0.6691011568251743	3.903456302552724	2.68117458288452	0.2701768364140786	1.7982289997541403
3.7854049112617094	6.812478173967131	3.0313812325141236	0.004307969742089206	4.711048946958303	3.3674042982366483	8.156421260172888	2.2155351450527387	1.727424754883782	0.7852947310253111	2.5779983913801945	1.1599976694154883	0.19045526579976504	2.7864308430522144
3.8532618087982224	6.897949504583772	3.2213977372400486	0.17671004145550503	4.799814164375289	3.280330475859236	8.147471955713032	2.2144825946288713	1.6040013931667325	0.8662506692904982	2.247348762932664	0.5938787780329257	0.5815415651428816	3.22729787480183
4.968380381006225	7.387237027243108	3.4518583118024413	1.0330016655655103	5.283311436227482	3.1705413279500183	8.2547746950847	2.2145466035344836	1.5888765055760625	0.9037837868622695	1.2557113910157842	0.6268053466483804	0.8506987413406198	2.6914354624890127
3.5861179262164073	7.234386303076805	3.792720119973208	0.14445174311577452	4.875486915261498	3.7832096072688284	8.317457871541967	2.300446969325724	1.6252990420630409	0.982199001595	0.4586418008230019	0.15586354632287688	0.2782057576966069	1.4215188002128325
4.376322220574823	7.263063851236938	4.21345078522706	1.3267091545649574	5.191798444514031	3.3063334602927785	6.41092972227672	2.7689043208335256	0.5196042326219279	1.3020822568428236	1.0436156058415305	0.29395431236526975	1.0284115805166754	2.7760173862878323
4.7721343077708145	7.300382959836874	4.230485365195162	1.7022367131293685	5.353345653284938	3.0926713689530354	7.122386533898655	2.726822318546746	0.13497590756739325	1.2169530954780508	0.6599992832626801	0.4500739721206286	0.5155147835502273	3.06736450596714
4.832149186789143	7.597611611977419	4.608565194871357	1.843102769683248	5.266608074028519	2.9510382340198364	6.694438783069081	2.6826155615030993	1.395680365843352	0.2554767376399795	0.47092804833948443	0.634911311036762	0.6942719011415565	3.3666164984217404
5.054443227804581	7.558535200765434	4.637938258977479	2.1338462860167007	5.37417525694486	2.811103695683929	7.239663684462555	2.5580566149544746	1.3257121531257696	0.6588846124124202	0.05236402452013506	0.6226860103480095	0.6204267990195566	3.857048308368412
5.1990135057977405	7.548784177936797	4.780966801850557	2.4311961297115063	5.485131140235234	2.6680751528110482	7.503530103226341	2.515515373781377	1.3375468195552391	0.6539699880258865	0.439888314601622	0.2714271006129536	0.6272737546609259	3.5017186418552892
5.223396713695052	7.712949635694152	4.880146149826147	2.390593227826816	5.528496557766588	2.7517246275222464	7.460164685695097	2.7285814235940182	1.5706311937970037	1.0283942871949097	0.7329331423105462	0.17975930487312455	0.469428879530566	2.956115451880564
5.1412094102315224	7.677160095362258	4.837254924412231	2.301304239281543	5.528496557766588	2.7977721145514476	6.839171946935997	2.943722418494913	2.3260171771281892	0.8734783093537962	0.9439993432514658	0.4184258953802075	0.32810588729037315	2.667410439351681
5.279531379114963	7.861782082427752	4.883554942594353	2.301304239281543	5.485131140235234	2.8407541031566415	7.03920198869472	3.1603373840606404	1.8725055527521006	1.2522289246216893	1.4419852755300842	0.06868701857033252	0.5843039674498116	2.2673103655849833
5.161954812025615	7.790408036843345	4.885227212995226	2.2567739881775584	5.528496557766588	2.8852843542606683	6.976307893671874	3.116925064163973	1.7444301573500465	1.2899964571114926	1.350083957516195	0.025891022313476397	0.7627370970596168	2.389213667787278
5.122514269283687	7.811378929289351	4.945638648183043	2.2567739881775584	5.4418301004153244	2.8852843542606683	6.6212075964567125	3.6858775535370616	2.150850496582956	0.9245511837377283	1.1533220422136117	0.47718169390012793	0.9738950152480983	2.300054574451516
4.993951112442163	7.6828157724476895	4.901184371158308	2.2123197111528627	5.4418301004153244	2.9297386312854052	6.4314645474200365	3.8629539957995207	0.35564433729255085	0.692168376921892	0.5787255656079755	0.5477781868967637	1.1945237948148753	2.226542154461485
5.2162561821211115	7.960366797697399	5.03596824898726	2.291857633411132	5.3977549971778345	3.0222538552985867	6.133949767253172	4.81050057219544	0.2883781729925303	0.8122056529715554	0.15531008702478058	1.2098238856372514	2.613610457810222	1.9011908983174883
5.136413121305917	7.961283623519713	5.17275543068607	2.34788492847234	5.41118520476418	3.0656254032895895	6.045965857178037	5.181076879504108	0.5366126281370958	0.7465753825685161	0.27695894996955833	1.3598776641885881	3.0927701788794293	1.8968481825121084
4.030240156576634	8.068441803196707	5.095832294376229	1.0576306477560442	4.736463869539848	3.8095251561849115	5.7753193165119034	5.323675618468974	0.03793138012006605	0.540950685609643	0.18453516373857054	1.8465619551343782	2.590164688009943	1.8590883606001032
3.1153722904658636	5.422162002633032	6.990599167383242	1.5469351257156052	3.8945792705304796	5.0544815591049455	6.519181389572336	4.211623870272296	1.1954393768396907	1.6282382867878837	1.1366718775986149	0.3834556902984577	0.8685663901534574	3.8239852474989346
1.785762379011874	6.459236013593752	6.614411468677986	1.6305869239275033	3.98079754305701	5.00931466549056	6.737489511706794	4.297267434157291	1.3995612746423167	2.1455113254701406	0.669617771888509	0.1446280218079213	1.365894695309784	3.3486036030837947
1.0840439781896636	6.552338266641256	6.046683307894628	1.5896989369361814	4.030401698438472	4.9745927103436145	6.979675406462228	3.853357136871848	1.9872604135208494	1.8569913156955105	0.8488919545914386	0.32957996014903235	1.7059458252171718	2.431679351071374
2.2371692191823387	8.342437443044414	4.76437168147706	1.3408965423848709	4.0732265503243195	4.854774132941512	6.985615967414247	5.292375756526447	1.6586485451184698	1.1433736698371244	0.6818598418758585	1.7758804344356505	3.1000506285214926	0.15827523141283872
3.070203361803847	6.569669341180964	7.37381852598717	2.2660541769976716	3.993601690874974	5.133888290210161	6.564382017240636	3.851816383992531	2.677109909823719	1.3008807187406124	2.4142112345532034	1.9074591087003543	1.0443118697115177	2.53374291128356
3.3200993773702345	6.174263825211853	7.188185695442617	2.306177507139392	4.08197187798047	5.1314772040494985	6.536389229631838	3.7144372227895555	2.4159712647718403	1.5154704635437024	1.8532521625277179	2.2518469822989466	1.1602907138392524	2.2105723594452864
4.535564480925807	5.48378669930339	7.597409386810607	2.4219417934186063	4.039039149347092	5.164072119600513	6.611929852506899	3.7160411095281303	2.3773791097558137	1.4649761589540569	3.394374845323641	1.8143990227209605	2.731266443890711	3.2336874230257857
4.786932238593089	5.328813724296342	7.646196803545485	2.4695491593440444	4.000011975806546	5.087458851888028	6.574360250234382	3.801234569625464	2.364973273673491	1.5026170441715314	3.6516612973513043	1.9748614556179287	3.0148545074206745	3.1305925992483266
4.728437335618745	5.285334629848682	7.672294184258274	2.341477781208914	4.044021887100109	5.04755162407582	6.520678856020627	4.2826544055274	2.2282392487096025	0.2056059817236808	3.8793094094497693	2.065191019436319	3.181826795138519	2.9764907692955
4.487532957717759	5.4239875046268855	7.685010548070842	2.226509914273928	3.9947736736104122	4.927423861982559	6.553566340315757	4.592747410746448	0.32569365553531815	0.1520453888781512	3.848581818116259	1.7710815072705173	3.1184804690092354	3.1631888831805424
4.351470198271917	5.335681514286983	7.544721975835446	2.142429736723374	3.9946529677403646	4.929525026210983	6.646393455624305	4.24037485093463	0.40558456959741745	1.2257537995857843	3.90752069048573	1.6322387869030344	3.221823544532684	3.3384232787828445
4.028720720462849	5.512740470166978	7.439277967957513	2.1021832226725325	3.9506962045109293	4.889278512160014	6.690350218853761	4.505989851412915	0.7502275689914989	1.9296634837301332	3.602970239170545	1.8430960366289375	2.7904760236657427	3.0826839500731285
4.7104901501601315	5.201030312184592	7.64490014798875	2.266620314355967	3.906794417324784	4.967534262064737	6.690350218853761	4.150649387261117	0.9900060597796646	1.7716187185178598	3.902484636720345	1.9577796211556555	3.07572331224621	3.209592799341016
4.988466196310375	5.1101028868879785	7.707954325206927	2.3906147579912536	3.86281733570087	5.00533540115045	6.690350218853761	4.061393139396333	1.0506400784081888	1.7180695461866846	3.984583177074098	2.0381249688213976	2.969952942012595	3.022748822717279
4.932314292242457	5.094862805645512	7.636562339896627	2.3906147579912536	3.86281733570087	4.963182413434511	6.7016321291609335	3.972604363737828	1.8543755718569153	1.7875173207972	3.691555006034407	1.966732983510926	2.846326180718139	3.022748822717279
5.08438585535077	5.049771853454648	7.663795953707295	2.4703617550984376	3.86281733570087	4.915841526977157	6.652746430637643	4.056162608725799	2.1499783913067536	1.7017431218818178	3.8720324271643576	2.0934427167627065	3.005517967860904	2.707319029194052
5.074812200964339	5.094862805645512	7.699313251511535	2.4703617550984376	3.86281733570087	4.915841526977157	6.690350218853761	4.012691663831237	2.2114875258810396	1.857886180884149	3.9171233793552074	2.1289600145668124	2.939259996578842	2.658432359729023
5.089996368009808	5.123731156581231	7.699313251511535	2.514414273079436	3.9067440740052084	4.915841526977157	6.613652872875333	3.5811952162756655	2.5840509057630854	1.4680944835066054	3.8498299392204083	2.3130110160139994	2.887150723489496	2.540334354336352
5.125442525018133	5.212063069942642	7.783179370199523	2.5543262247611827	3.950874973125911	4.825459197908996	6.530139995112928	3.4521850287277025	2.635269112724281	1.3763851344109996	4.143672398611192	2.5121507973110657	3.2322043514231007	2.425561616235983
5.150082338019693	5.196256779797921	7.74773321319129	2.5986059046264707	3.950881659839502	4.783559769810133	6.534867854545786	3.4089443891234925	2.636430708930489	1.3702996434738854	4.196044464945021	2.4767046403028776	3.344662387767074	2.5405035000686147
5.150082338019693	5.240612464988545	7.74773321319129	2.6429615898172663	3.9080519831215694	4.783559769810133	6.5333418460733945	3.366460663429615	2.636430708930489	1.2883146753658645	4.188264755864113	2.6595362297633627	3.336882678686364	2.3576719106081137
5.2305802254209945	5.146383370621742	7.734759408519847	2.642204187523	4.00165065090337	4.831979731489795	6.53799911443467	3.366460663429615	2.537176314542937	1.3278159177802487	4.135402652662458	2.6341268651616425	3.3801653284828066	2.418527432218301
5.2305802254209945	5.1908074378162645	7.734759408519847	2.68662825471756	3.9572265837088056	4.831979731489795	6.673849154124483	3.366460663429615	2.552037419248289	1.3672651336211898	4.082913550764505	2.8770195625571184	3.3276762265848823	2.175634734822898
5.2305802254209945	5.146383370621742	7.734759408519847	2.642204187523	4.00165065090337	4.831979731489795	6.760520651517267	3.32403438327296	2.566146377595805	1.2871059022862956	4.082913550764505	3.02113558822404	3.3786514306537967	2.0973140707187317
4.640087553803505	5.282468525906423	7.413167151071056	2.5093889286389333	4.134465909787632	4.873879159588706	6.760520651517267	3.3245612353308998	2.515725490934138	1.3295321824431312	3.6192217162385614	4.393397159326754	3.0496583832403497	0.6172221957436586
3.6210896988967005	5.857210669465369	7.101044286841233	2.377256081520747	4.266598756905504	4.915841526977157	6.711284417321448	3.2825988679425455	2.5494549117138825	1.3295321824431312	3.8512534915256498	4.551512677028788	2.823319707784742	0.3120033090960177
2.624728737221665	6.300438723715765	6.7153697259172525	2.2097977350201923	4.309888802491221	4.920208469759035	6.793076742679957	3.6259187528758727	2.2263518484246667	1.717519103305398	3.7982004196852728	4.79075302357538	2.5170785661034794	0.2771617150986179
2.3679250878580045	6.357090880969566	6.6026291394122625	2.122386829415285	4.308656230088164	4.962360235929128	6.93093852336495	3.8430136378757007	2.0273395565204146	0.9114102910975288	3.7960623131176523	4.738680110604193	2.402756894289874	0.22226936897203384
1.3110967086843193	6.639166793095416	6.245649612424994	1.7046138893546219	4.34938338365277	4.760982943365155	7.0582133406753105	3.887250583827534	2.0267485780490366	1.1884775698871015	3.5654326201094624	5.0756774356876155	1.9138390038706412	1.132258071294569
0.9541378199669422	6.6734192293567265	6.214054729728274	1.413502319595367	4.304237498264216	4.683931350663855	7.232800828246411	4.549667045332535	1.2514771468976325	0.88015012520627	3.019013601515006	4.979215811320117	1.2516000640078462	1.229061297200137
