0	1	2	3	4	5	6	7	8	9	10	11	12	13
8.432934317151659	4.208889974945438	7.787639087959361	4.854185204137786	4.467260423515712	2.342328700679055	4.143930643105777	2.4653114877009346	1.7168411333002755	0.11430645347058345	3.1050641563766033	4.9432016617315755	0.4135731050419169	4.292639969301627
8.089289094732143	4.617193367091369	7.951168576193304	4.755313885630209	4.313290533025537	1.9610191540561115	4.0659626224663645	2.47465123117458	1.6854123332561697	0.12333345800977243	3.154395802120882	4.96761604677072	0.6226754749179056	4.136990285984216
8.307601917340174	4.3815259376497595	7.839813611974589	4.849314243015239	4.313290533025537	2.055019511441147	4.0659626224663645	2.39722142239353	1.4925265802868493	0.20382172470307436	2.9678404507886595	5.053639296960203	0.6222464828146926	3.9885000427011468
8.309657185532346	4.2697827008215	7.738244450249588	4.841195436104311	4.366398400355821	2.1865533319712944	4.029851251280559	2.310676662283017	1.422914729697876	0.16646326841873346	2.909205081290872	4.997059195654536	0.6222464828146926	3.894352411361176
8.428388426388075	4.045704246542202	7.681741957830817	4.792350715099479	4.415243121360598	2.1865533319712944	3.9936727942199806	2.349419709369617	1.4590931867583663	0.13073836928700802	2.728382751738648	4.94055670323581	0.6737765678295305	3.894352411361176
8.467700664792366	3.996768956943499	7.622980518679349	4.841489103056641	4.464178410959362	2.284627009527274	3.9936727942199806	2.310676662283017	1.4063255980483305	0.16948141637333133	2.728382751738648	5.031441562074062	0.7683918445773996	3.8427797909271315
8.40940128287153	4.0060423001288035	7.573828174307717	4.841615408692655	4.513204449694873	2.33377935389896	3.9936727942199806	2.352358487739555	1.4063255980483305	0.1277995909170286	2.734293669726487	5.031441562074062	0.8696101929392613	3.9801833989550692
8.448636154152437	4.0060423001288035	7.61306304558864	4.841615408692655	4.513204449694873	2.33377935389896	3.9936727942199806	2.3940967563837847	1.4063255980483305	0.16394640406571895	2.734293669726487	5.113751873257613	0.8696101929392613	4.076382917448732
8.448636154152437	4.0060423001288035	7.61306304558864	4.841615408692655	4.513204449694873	2.3769548117352275	3.9936727942199806	2.3896560081098186	1.4063255980483305	0.12521169450061806	2.6313632432599428	5.156904891163684	0.9725406194065145	4.170881617086642
8.448636154152437	4.0060423001288035	7.61306304558864	4.841615408692655	4.513204449694873	2.3769548117352275	3.9936727942199806	2.3896560081098186	1.4403287794293127	0.12521169450061806	2.632938280534716	5.156904891163684	0.9709655821306263	4.308765504252059
8.503575145497493	3.9511033087838157	7.61306304558864	4.841615408692655	4.513204449694873	2.4200657823012417	3.9936727942199806	2.346545037543891	1.4403287794293127	0.12521169450061806	2.525697426171303	5.200135647746669	1.023267445149976	4.311174484289671
8.445157085022863	4.00952136925845	7.662215389960269	4.792463064320989	4.555050311557075	2.413960016890312	3.9518269323579447	2.303498458583209	1.4403287794293127	0.12521169450061806	2.5841154866461533	5.243444303905865	1.069043024900905	4.360341135069769
8.38878929418056	4.00952136925845	7.605847599117988	4.792463064320989	4.649974971558992	2.4569422999162414	3.856902272355838	2.2605161755572416	1.4403287794293127	0.12521169450061806	2.5841154866461533	5.238626760519266	1.069043024900905	4.493750416295519
8.38878929418056	4.00952136925845	7.650823341986305	4.747487321452675	4.649974971558992	2.411966557047886	3.856902272355838	2.2605161755572416	1.4403287794293127	0.16574254612611106	2.5841154866461533	5.290099040946985	1.069043024900905	4.48881785718728
8.443833640974022	4.007607264994224	7.650823341986305	4.800617563982113	4.596844729029513	2.411966557047886	3.893080729416699	2.2187821195491852	1.4041503223686527	0.2480603621548715	2.529071139852498	5.3414934482012635	1.069043024900905	4.529833032609709
8.38754297641833	4.007607264994224	7.5945326774305055	4.800617563982113	4.596844729029513	2.411966557047886	3.893080729416699	2.2187821195491852	1.4041503223686527	0.2480603621548715	2.529071139852498	5.28520278364547	1.069043024900905	4.622244057658644
8.501131024231007	3.894019217181532	7.5945326774305055	4.800617563982113	4.596844729029513	2.4548204391210717	3.893080729416699	2.1759282374762106	1.4041503223686527	0.28869709343474054	2.415483092039741	5.328629604699356	1.069043024900905	4.6249112608385206
8.501131024231007	3.894019217181532	7.545373460261958	4.8497767811506325	4.596844729029513	2.503979656289654	3.9462855003774404	2.1759282374762106	1.350945551407511	0.28869709343474054	2.466209917783264	5.328629604699356	1.0183161991580787	4.6249112608385206
8.501131024231007	3.894019217181532	7.545373460261958	4.8497767811506325	4.596844729029513	2.4609971806143753	3.9462855003774404	2.218910713151024	1.350945551407511	0.32938685878971113	2.466209917783264	5.328629604699356	1.0183161991580787	4.6249112608385206
8.461839151477657	3.894019217181532	7.506081587508661	4.8497767811506325	4.596844729029513	2.4609971806143753	3.9462855003774404	2.218910713151024	1.350945551407511	0.32938685878971113	2.518508948664753	5.289337731945973	0.9660171682761037	4.6249112608385206
8.517114976632982	3.838743392026405	7.551127750250991	4.804730618408253	4.596844729029513	2.4159510178720507	3.9462855003774404	2.218910713151024	1.350945551407511	0.32938685878971113	2.463233123509716	5.289337731945973	0.9660171682761037	4.6249112608385206
8.575439711021394	3.780418657637877	7.551127750250991	4.804730618408253	4.596844729029513	2.4159510178720507	3.9462855003774404	2.218910713151024	1.350945551407511	0.32938685878971113	2.404908389121256	5.289337731945973	0.9660171682761037	4.6249112608385206
8.536070571249608	3.780418657637877	7.560924590789825	4.755564638097613	4.596844729029513	2.3667850375615	3.9101336463953573	2.218910713151024	1.387097405389948	0.32938685878971113	2.404908389121256	5.293473351856943	1.0149200292625136	4.581406501155956
8.536070571249608	3.780418657637877	7.560924590789825	4.755564638097613	4.596844729029513	2.4526856921106255	3.9101336463953573	2.1330100586020366	1.387097405389948	0.32938685878971113	2.3541843955143684	5.293473351856943	1.065644022868768	4.581406501155956
8.55201838689892	3.725024244342061	7.5214779931432245	4.755564638097613	4.596844729029513	2.4526856921106255	3.9101336463953573	2.1330100586020366	1.387097405389948	0.32938685878971113	2.298789982218517	5.297609612226626	1.065644022868768	4.491431035434281
8.56800134860365	3.669517035801092	7.48195374630727	4.755564638097613	4.596844729029513	2.4526856921106255	3.9101336463953573	2.1330100586020366	1.387097405389948	0.32938685878971113	2.295677409236154	5.2580853653905715	1.0132493873102493	4.491431035434281
8.56800134860365	3.71853575741942	7.531042400624297	4.75549470539878	4.547826007411262	2.4035970377936806	3.9101336463953573	2.1330100586020366	1.387097405389948	0.32938685878971113	2.295677409236154	5.2580853653905715	1.0132493873102493	4.491431035434281
8.56800134860365	3.71853575741942	7.580053839330856	4.706483266692401	4.547826007411262	2.3545855990870628	3.9101336463953573	2.1330100586020366	1.387097405389948	0.32938685878971113	2.295677409236154	5.2580853653905715	1.0132493873102493	4.491431035434281
8.56800134860365	3.71853575741942	7.580053839330856	4.706483266692401	4.547826007411262	2.3116030268706673	3.9101336463953573	2.2177266868268535	1.387097405389948	0.2876528027823422	2.295677409236154	5.2580853653905715	1.0132493873102493	4.491431035434281
8.626224495726701	3.6603126102963475	7.580053839330856	4.706483266692401	4.547826007411262	2.3116030268706673	3.9101336463953573	2.2177266868268535	1.387097405389948	0.24696303742731954	2.237454262113072	5.2580853653905715	1.0132493873102493	4.491431035434281
8.569898354861227	3.6603126102963475	7.52372769846534	4.706483266692401	4.547826007411262	2.3116030268706673	3.9101336463953573	2.2177266868268535	1.387097405389948	0.2876528027823422	2.2899418294074425	5.201759224525116	0.9607618200155511	4.491431035434281
8.569898354861227	3.6603126102963475	7.568870827406094	4.661340137751509	4.506076588209133	2.223412835829167	3.951883065597712	2.260773748927294	1.387097405389948	0.2876528027823422	2.2899418294074425	5.201759224525116	0.9607618200155511	4.491431035434281
8.569898354861227	3.7135264263894325	7.568870827406094	4.714553953844437	4.452862772116081	2.223412835829167	3.951883065597712	2.260773748927294	1.387097405389948	0.3283956649742098	2.2899418294074425	5.201759224525116	0.9607618200155511	4.398870724484676
8.569898354861227	3.7135264263894325	7.568870827406094	4.714553953844437	4.494612191318471	2.223412835829167	3.9101336463953573	2.260773748927294	1.387097405389948	0.3283956649742098	2.2899418294074425	5.201759224525116	0.9607618200155511	4.352852548107179
8.569898354861227	3.7135264263894325	7.568870827406094	4.714553953844437	4.494612191318471	2.223412835829167	3.9101336463953573	2.2994520330360437	1.387097405389948	0.24897451867326412	2.2899418294074425	5.201759224525116	1.0097428081366293	4.352852548107179
8.62552377105029	3.657901010200174	7.614091203347035	4.66933357790359	4.494612191318471	2.221239521988902	3.9101336463953573	2.256404970935605	1.387097405389948	0.24897451867326412	2.2343164132182745	5.2454203407921955	1.0097428081366293	4.309191431839993
8.683639023817436	3.5997857574330636	7.56506714118556	4.7183576400650376	4.547845984475782	2.2702635841503485	3.856899853238106	2.256404970935605	1.387097405389948	0.24897451867326412	2.2269189653008787	5.2454203407921955	0.9590250032875544	4.309191431839993
8.644008927387004	3.5997857574330636	7.52543704475516	4.7183576400650376	4.547845984475782	2.2702635841503485	3.8930517072202013	2.256404970935605	1.4036847319455872	0.208284753319592	2.2269189653008787	5.205790244361819	0.9590250032875544	4.262650746641632
8.644008927387004	3.5997857574330636	7.52543704475516	4.7183576400650376	4.547845984475782	2.2702635841503485	3.8930517072202013	2.256404970935605	1.4036847319455872	0.208284753319592	2.277543855597696	5.205790244361819	0.908400112990421	4.262650746641632
8.644008927387004	3.6487059482620805	7.6234077801329425	4.669307095516142	4.593870616612446	2.2152754209889536	3.798106884254377	2.213422398718835	1.4036847319455872	0.24562159138586562	2.277543855597696	5.205790244361819	0.908400112990421	4.216035303571996
8.5877327580723	3.6487059482620805	7.567131610818262	4.669307095516142	4.593870616612446	2.2581935998632994	3.798106884254377	2.1705042198449505	1.4036847319455872	0.24562159138586562	2.277543855597696	5.09806740741497	0.908400112990421	4.220791651855658
8.603740123557376	3.641792083479174	7.527395770563578	4.718136436472925	4.545041275655756	2.30104748193621	3.798106884254377	2.166272284455361	1.4036847319455872	0.2069996446999142	2.274374433007806	5.0583315671603435	0.9048855607061372	4.266806921961763
8.56392616485714	3.641792083479174	7.487581811863311	4.718136436472925	4.545041275655756	2.30104748193621	3.798106884254377	2.166272284455361	1.4036847319455872	0.2069996446999142	2.327041111699169	5.113703810738744	0.8522188820145983	4.217711108742841
8.524033895683022	3.641792083479174	7.447689542689136	4.718136436472925	4.639947211382428	2.30104748193621	3.7032009485279325	2.166272284455361	1.350945551407511	0.2069996446999142	2.327041111699169	5.117629654929471	0.9505725339629859	4.173892995378122
8.524033895683022	3.641792083479174	7.447689542689136	4.718136436472925	4.639947211382428	2.30104748193621	3.7032009485279325	2.166272284455361	1.350945551407511	0.2069996446999142	2.327041111699169	5.066157433968865	0.999867185808635	4.2253652163388065
8.441745467945475	3.6440602710710555	7.367669302543424	4.718136436472925	4.68140637694298	2.3440297649620803	3.6617417829672094	2.1232900014294627	1.3169423700266631	0.16636739812902934	2.3843122147137334	5.162148720802464	1.0436898020029628	4.234468921321678
8.441745467945475	3.6440602710710555	7.367669302543424	4.718136436472925	4.7227883792018	2.3440297649620803	3.6203597807085384	2.1232900014294627	1.3169423700266631	0.16636739812902934	2.3865635223555683	5.250630740343984	1.140579763620599	4.192454750363288
8.383507434990468	3.6978465022264304	7.371306235622366	4.710047701594453	4.780627676889761	2.3403928318833467	3.5308204308379265	2.1232900014294627	1.3530942240087407	0.12902607535473332	2.5509925941415568	5.38395274081422	1.4844562888670252	4.386538872668767
8.439468229311244	3.690541954519141	7.371306235622366	4.7587039482081055	4.690609318471966	2.3403928318833467	3.482705467479863	2.1232900014294627	1.408505465630035	0.12902607535473332	2.601599650118543	5.524840920800991	1.4787826433407707	4.292728942988983
8.399051817390994	3.6922823511018423	7.225951607901569	4.865382560591366	4.591354779631268	2.3892562551143772	3.524144817168323	2.0815645803807525	1.408505465630035	0.17075149640088735	2.8675019487963516	5.653026361851993	1.8204991468415135	4.400693567048909
8.24191293048233	3.7986471000837123	7.16370461947714	4.876855411088844	4.406240566054059	2.255872308255348	3.6072559228128847	2.0857919708036783	1.4425712991708821	0.21262465453288576	3.429069201824972	5.86987128489507	2.152117107643306	4.804932768005574
8.199351290275617	3.854294807604186	7.168718131541519	4.8849279663381395	4.406331190842832	2.1675730400724165	3.5173984531791844	2.128710053136173	1.478884402916121	0.21262465453288576	3.551037523352096	6.018640435005473	2.1464145846529825	4.763158995108085
8.103683939684052	3.838110062775461	7.057576736198284	4.884217266261255	4.2023463531940335	2.069888476107292	3.76730585229053	2.0483497858168604	1.3359879775658652	0.29298492185205055	3.9371093579086036	6.045948854043198	2.355917409517255	5.325255678614659
8.136983795915613	3.7641131730316264	6.920267234442421	4.980829734505026	4.147347894900558	2.069888476107292	3.8686835360463614	2.0483497858168604	1.1929962838597823	0.3336791902608169	3.822976846600786	6.146094021774358	2.353945380923431	5.341546521169239
7.996046235830454	3.869069131565912	6.879991235223661	4.985124132172634	4.421438767179102	2.0154313289685923	3.492923036629128	2.0054317034842666	1.2269994652410414	0.37442663696383893	4.250371435270853	6.332874411146891	2.880653907182557	5.7088579054927875
7.940135337987053	3.8636520471731908	6.872652235118381	4.931135150041903	4.684600918062083	1.9667308376287604	3.181744652057264	2.0472379976549733	1.280432783322014	0.2920014896925923	4.308114601066261	6.371797299996286	2.8795427965832157	5.619638286715016
7.58451668895284	4.197498655131999	6.942928111760702	4.83908723232405	4.65245134216928	1.8160017253087162	3.112423351535933	1.962770615274227	1.280432783322014	0.3710645593579742	4.556188852237592	6.275700187773522	3.6278594353784226	6.378641254076778
7.386787727740813	4.352403524829993	6.948743523917468	4.790447728653225	4.597775800833678	1.7570538300769079	3.0714033523232684	1.8773834662868851	1.3331719638599802	0.3303747940035322	4.635974963297645	6.181167034066943	3.766679247350159	6.72511873761723
7.090024020986966	4.415232896008302	6.768268442473873	4.736988474521252	4.651235054965699	1.7996514903143865	3.0714033523232684	1.9151460733685415	1.3331719638599802	0.20937779540452237	5.050395654313711	6.931634749098001	4.888050787814534	7.038282565215885
6.8902725463940016	4.531511458335861	6.732754666571092	4.68902933815894	4.651235054965699	1.7516923539522118	3.107501523993296	1.9151460733685415	1.2630990189806781	0.20937779540452237	5.061685894893161	6.893293986624191	5.00962426832861	6.841968511667632
6.535107051329014	4.707484304670962	6.60693220640964	4.635659149590277	4.704605243534244	1.7516923539522118	3.107501523993296	1.876463506617716	1.2630990189806781	0.20747660213418706	5.178482009547285	7.069833316811847	4.827460436409129	6.82655762995864
6.204887662594644	4.995598601117121	6.564827114121352	4.635659149590277	4.60952307529692	1.7516923539522118	3.202583692230501	1.876463506617716	1.2819203699774566	0.20747660213418706	5.4880359929828835	7.127574191235056	5.142843619175786	6.868100408432197
5.99479013077227	5.107474107858147	6.466605089040177	4.635659149590277	4.60952307529692	1.7516923539522118	3.202583692230501	1.9151460733685415	1.2819203699774566	0.16879403538590004	5.599911499724003	6.976671664657739	5.176953742018657	6.76543397906005
5.624713829350228	5.33208698004525	6.267771471236487	4.68902933815894	4.473837091549047	1.666433122815965	3.284899487409794	1.9617227377542252	1.2478486122307526	0.1700779670726057	6.020586898001946	7.497906306848288	7.064347675597379	7.841165862045238
5.4835671682612475	5.387608948587048	6.182146778689405	4.68902933815894	4.378513982024054	1.6666895394294687	3.380222596934986	1.9614663211404673	1.2478486122307526	0.17321872193364957	6.076108866543738	7.51739779710184	7.018462742141835	7.81386588606969
5.225702150326896	5.550022684869004	6.025208976811177	4.750515858384674	4.271506278370836	1.6211683560019974	3.380222596934986	1.9614663211404673	1.2478486122307526	0.17321872193364957	6.383802818761244	7.744331981860913	7.714003574326628	8.485504452972208
5.1953398591436954	5.550022684869004	5.994846685627962	4.750515858384674	4.271506278370836	1.6211683560019974	3.380222596934986	1.9614663211404673	1.2478486122307526	0.13262634302868648	6.445223418153478	7.823191432142501	7.489237451946163	8.411823054839894
5.441198257681204	5.363377066228879	5.94669446196369	4.857880861946557	4.164141274809009	1.6211683560019974	3.380222596934986	1.9614663211404673	1.2478486122307526	0.13262634302868648	6.771711635218046	7.723097549705436	6.612410026199095	9.076353905011429
5.672415409610529	5.243012977197126	6.003730712131978	4.911697674675691	4.205647571604828	1.6638935505243695	3.284899487409794	1.9187411266183512	1.2478486122307526	0.1700779670726057	7.532765749766981	7.7264504003494725	4.3749667143289335	9.238799525627014
5.481800942970731	5.300221661765455	5.92414174278964	4.857880861946557	4.164141274809009	1.664214549669959	3.344124425264972	1.9184201274724595	1.2498120301301248	0.17321872193364957	6.9585497345893925	8.325808010361776	6.07165755156933	9.020016038299579
5.413457098862502	5.292681886659367	5.800295003098438	4.9058439824235505	4.164141274809009	1.7552881580177726	3.307958903887453	1.8336319390333613	1.2859775515079561	0.21489642250074373	6.760134792801139	8.310865622726714	6.582210372521523	9.074433922445992
5.530142451169306	5.132288787572379	5.812579820168793	4.849851418572749	4.265651037972448	1.887219596597598	3.2545660496400557	1.785904461460904	1.3051725053849752	0.17620966080647232	6.0881534301199345	7.522727374179996	5.782007489051184	6.091993689441381
5.541678578936162	4.970390340122899	5.710089674394969	4.801979244663992	4.313523211881164	1.9305235384304882	3.2545660496400557	1.7426005196273138	1.3051725053849752	0.17620966080647232	5.7381171700390095	6.92328014275101	5.549876612563318	5.698858823600535
4.7420280504675985	5.4406914700354525	5.573500011115543	4.609219509387508	4.51726423931789	1.8880392688594405	3.2005174829952785	1.7420175147140184	1.3051725053849752	0.2168551727605833	4.186594877988576	6.851030911933802	4.958502774354507	6.466356909465917
4.1259945972666126	5.674844309952457	5.34687741275891	4.453961494460071	4.6725222542454405	1.8880392688594405	3.236709890182913	1.7420175147140184	1.3219876671396291	0.17620966080647232	4.104050847366308	7.132534742144518	4.302360567567083	5.545917610818044
4.159023115897726	5.621426364492177	5.379905931389981	4.4005435489998606	4.725940199705687	1.8880392688594405	3.1834112365522893	1.7420175147140184	1.3752863207701018	0.17620966080647232	3.944754026906874	6.994306276719875	4.1773969548506935	5.6026115429156045
3.5010892060982135	5.848067091732263	5.0019408471440086	4.347215450686531	4.779268298019037	1.8880392688594405	3.1834112365522893	1.7420175147140184	1.3752863207701018	0.17620966080647232	3.8988687434934293	7.820267954359972	3.2838095290307954	3.0700699782756713
3.54710407496429	5.848067091732263	5.047955716009955	4.347215450686531	4.779268298019037	1.9314736322785697	3.1834112365522893	1.6985831512952398	1.3752863207701018	0.17620966080647232	4.57189871803543	7.871819887501948	2.995226983453625	3.0331484982000587
2.814537079919903	6.359420074326948	4.9331288962183	4.240828258028409	4.885655490677146	1.974258268029402	3.1834112365522893	1.6557985155442374	1.3752863207701018	0.17620966080647232	1.8136875140710234	7.40831970315666	2.0055098032230676	2.7206361464175286
2.6087947467492913	6.419128229845446	4.888197536933349	4.13972543966158	4.938714854174723	1.926214813159637	3.1834112365522893	1.6557985155442374	1.3752863207701018	0.2168551727605833	1.6987882225136048	7.2515005667935615	2.365333140485871	2.6394850894547623
2.831060099968929	6.30876132835771	5.00484187805131	4.134979550275462	4.943460743560828	1.926214813159637	3.219563090534324	1.6557985155442374	1.3922053558975926	0.2575538811625263	1.6383917852572452	6.698588996295945	2.0537755736083327	1.444914579147927
3.540240690300277	5.821684255369366	5.2269453953944	4.134979550275462	4.943460743560828	1.926214813159637	3.2556478234483097	1.6944290792149608	1.3030497338737541	0.21892331749377464	1.5808295174316782	6.38021561918813	1.689887088152669	1.2968073285902055
4.142560073443411	5.389220321977736	5.449673523087226	4.0821068723340685	4.996333421502083	1.926214813159637	3.2556478234483097	1.6944290792149608	1.3030497338737541	0.17822460908948526	1.851647437971773	4.914651951589369	1.1052584435410602	2.786439893792059
3.1757778021128167	5.868890244008667	5.079272182436268	3.9653958636851643	5.056626273070203	1.9673434753437822	3.309696390093197	1.6895052795615104	1.2688171326060609	0.13965015612563778	0.7804308788181352	5.332916472748319	1.7156230137892878	1.4624704042865626
1.8972929913929484	6.456394804957781	4.588572957958381	3.765114838392672	5.105743471231375	2.0112345529458073	3.4175598126121556	1.6023137973468093	1.234521059440966	0.18688703761290837	1.1787030564139003	5.445753161320658	2.001198243460353	0.616000199024929
1.612113943919764	6.669757223155008	4.672948791381237	3.6089223756937407	5.10072397930101	2.0986866386913157	3.5787717672411943	1.556526618489694	1.2876494225593134	0.1044078228561639	1.0453000303903404	5.347877252211745	1.6664651715356735	0.1821269589287997
1.3510709923805289	6.83115214717746	4.67093699110303	3.5112861484546753	5.152613612142835	2.096764051257365	3.6147895372975407	1.5544236109118197	1.2705215235677827	0.02509258263020481	1.0857416797660773	5.180047665478005	1.4544061525758696	0.2539897938546807
2.2835327573485116	6.315877607688867	4.932193669991367	3.667216695045924	4.996683065551445	2.096764051257365	3.6147895372975407	1.515857913675776	1.3580793418736385	0.10125252070649875	0.9330777770799145	2.6204394358945646	1.0654699631364704	0.33488905528581303
2.753541601174251	6.104243524541495	5.040431165176629	3.8173539605392066	4.945952053588845	2.142510645654928	3.6143481427448365	1.515857913675776	1.3048610772930735	0.10125252070649875	0.9034651074158185	2.382106094173053	0.7119016169443624	0.6187416064112622
3.639832924939634	5.90010351248218	5.565370165997618	3.974566271424192	4.890524379571885	2.1905579889327678	3.5246199100024	1.515857913675776	1.4092073550289288	0.09803684827762818	0.7579721480902554	2.294341828576068	0.018629788506070343	0.8866321530109362
3.7252109605728614	5.9068679048597	5.657512594008502	3.974566271424192	4.985677043999718	2.1905579889327678	3.4827793382759573	1.4772359669921913	1.3558952623276066	0.13665879496171981	0.3158091193872204	2.5540488194432163	0.2469037820100257	0.7848739946678427
3.8237384887113097	5.90010351248218	5.749275729769228	3.974566271424192	4.985677043999718	2.189446886153294	3.4827793382759573	1.4783470697712136	1.3558952623276066	0.13665879496171981	0.5144602949734206	2.7607322343387795	0.335678522856588	0.16280322144374587
4.1679818674730615	5.790854689417529	5.931671594061266	4.027164962829227	4.933078352594658	2.189446886153294	3.4294672455745014	1.4783470697712136	1.4092073550289288	0.17741522136795662	0.40450675842093636	1.8439995751611646	0.6873854883521238	0.15045925626291987
4.466674303778834	5.685296613988144	6.065101553029066	4.0868693647379	4.875759094860221	2.191832030328025	3.393409309142542	1.4783470697712136	1.4261792836877656	0.21490257038116872	0.3056315911937679	1.292015615718469	1.2734167640631617	0.838258318845879
4.452967454928388	5.738169291929575	6.051394704178543	4.139742042679434	4.822886416918976	2.191832030328025	3.393409309142542	1.4783470697712136	1.3730739743498024	0.21490257038116872	0.13198101865344605	1.388704293301713	1.2922954050819733	0.7278627924121556
4.299157005958631	5.8468689601797585	6.1002315616125316	4.045794404525737	4.822886416918976	2.1843526135794527	3.340137417176029	1.3918788483660014	1.4263458663161213	0.21490257038116872	0.07351656564425382	1.4599524301327877	0.929104701028209	0.12569558806422373
4.404792083815676	5.8344798329315015	6.145342342332266	4.093929574414863	4.828623167680875	2.226933275303938	3.286265496525175	1.3492981866419353	1.4263458663161213	0.21490257038116872	0.06970464563940926	1.8313943543893931	1.1004364879597632	0.18839996407439077
4.449810453285807	5.8344798329315015	6.190360711802459	4.093929574414863	4.869862288613848	2.226933275303938	3.2450263755923268	1.3492981866419353	1.4263458663161213	0.21158914957632097	0.07647079811850133	1.7359851800880965	1.2668616389139797	0.3657455710071191
4.45154461153067	5.774070035912793	6.131685073028477	4.093929574414863	4.869862288613848	2.226933275303938	3.2450263755923268	1.3492981866419353	1.3733037478251633	0.21158914957632097	0.07918093738921876	1.7390598578320184	1.2092360292255022	0.4403035964675006
4.3973418515210625	5.82827279592249	6.131685073028477	4.093929574414863	4.923790775758762	2.226933275303938	3.191097888447269	1.3492981866419353	1.3733037478251633	0.24897451867326412	0.024978177380887454	1.7615678174609366	1.3820212477539326	0.29166184650491195
4.592202837825239	5.662349461477157	6.222747572291888	4.031804727010719	5.029430773863959	2.269147231009169	3.137893117486551	1.389221328321573	1.4265085187861324	0.21035257198812227	0.07489245362201813	2.0799689010226605	1.4653958589267768	0.4224630125984886
4.53974968384572	5.651677241041452	6.1185680768785415	4.072858848008566	5.075187082984488	2.271065429883439	3.0967526824165907	1.4329731244956474	1.4265085187861324	0.21035257198812227	0.14439405814717532	3.241687218664441	1.4260846000740277	1.214117020313607
4.4873637618884565	5.593054229676564	6.108116883948509	3.972301107616565	5.127777833504285	2.223098440011517	3.0967526824165907	1.4329731244956474	1.4265085187861324	0.21035257198812227	0.024601943177095003	3.1918425330281925	1.2454323861226984	0.9508138036946928
4.576723975725465	5.540551586308821	6.060913413894402	4.056362148139999	5.1802804768718715	2.3159751667369424	3.0967526824165907	1.4766600816607849	1.479550637277431	0.21035257198812227	0.5477793596509217	2.1531964454393933	0.20800883348848714	0.12256724667970884
4.675279539478609	5.486539850984385	6.0600880901500345	4.101731300312989	5.1802804768718715	2.317722107410103	3.0967526824165907	1.5234464572597668	1.532655946614931	0.20718840788985088	0.6737209069322013	1.6486475714030429	0.10752826208625671	0.682854903971073
4.7683780760663215	5.331419416679648	5.84696330019981	4.2528341925461355	5.389412646501168	2.504113912255278	3.0967526824165907	1.7359072206659043	1.6198437486844315	0.12788113614730764	0.08141928181600516	1.4044109375947975	0.19925818747940566	3.102349464126848
4.910795309325409	5.273379439934402	5.846060193871991	4.338114555387771	5.393440887921874	2.550122632410452	3.1499574533774584	1.779207104773008	1.7264358288333046	0.12788113614730764	0.3189644353628809	0.9391683676075628	0.2658601400859319	3.786580183283118
3.2658248835855073	6.228598420151719	5.274102958540527	4.220320345196712	5.549089826235664	2.4149089759727755	3.2565683931332874	1.9941134785537353	1.7801900160593356	0.0860431469287034	3.2648477520238464	5.474233459931383	0.5155519080629715	0.7450105162124842
3.4789033723289817	6.065426048733702	5.382363339110012	4.161966081952519	5.559658722322855	2.322116489167722	3.3511150662550433	2.080261033271658	1.8002288035445615	0.0860431469287034	3.264306369627534	5.842001615270869	0.14379614002751503	0.6637612587387676
4.233332230855836	5.857837595645222	5.996829489877836	4.094340336623234	5.459147982122454	1.8373428952713093	3.601857881596078	2.504677613739088	1.6035905086250157	0.0860431469287034	4.640543261356302	6.9961373337950254	0.41532628349504414	1.428776539647032
4.435322194064715	5.843286537885673	6.144587860593409	4.134020871356967	5.403116030370153	1.8443287118532403	3.7093276333414305	2.5888101318838785	1.6035905086250157	0.12337998499115596	4.734526279617357	7.013686464339895	0.4152942943202975	1.5887222982678282
5.356992395772716	5.832510582807187	6.868596631440387	4.320906347139339	5.131154531058141	1.4334556953407849	3.8285220035334313	3.0873147821555964	1.6909151369327173	0.12337998499115596	5.905838303353839	6.458353663595409	2.15376937145077	3.1094552992288143
5.860141471107083	5.498115898877036	6.898668557881866	4.459588812102109	5.018187402243623	1.4421179267428212	3.89375892886803	3.1309918344501115	1.637333721864128	0.12136071620627518	5.735679193999008	6.244411344917558	2.201149042931344	3.0435485652517604
6.644820700632462	4.9110178327299625	7.0486181094402465	4.50722042392202	4.9568972959604745	1.4599119873308735	4.104495315836011	3.3752584613948353	1.7441590347154141	0.16320323402794715	4.052586459882411	5.354633951067858	0.5469129368900856	4.163973527245283
6.839364519936889	4.740943943626508	6.998139778480825	4.582168685082581	4.853369980382504	1.4655734312083235	4.119606510490901	3.498771078854688	1.7994112211385778	0.16320323402794715	4.089045079048085	5.730544803965217	2.0973856104436046	3.8147263752012774
7.399323063438644	4.267387162547516	6.977248906004477	4.689461319981582	5.0214419151963146	1.6644614828536615	4.115426534920912	3.6186647385913764	1.7818879753930736	0.1644099886749994	3.0635626818786625	4.147489055581897	2.8445444123378096	3.3676260506987217
7.549720157534418	4.116430379677985	6.989970044962062	4.676180492250208	5.057650810866962	1.7216551887638976	4.230174422119846	3.6991469878194465	1.7285296906838228	0.1644099886749994	3.3702408210753725	4.347491382026458	2.368756960435929	4.241123264678952
7.9522843491315705	3.0059377134631613	6.683461083622226	4.274760978972657	5.397203017986206	2.150843461930433	4.723372941171721	3.659560154180524	1.6560222057450689	0.24671911817836734	2.4720191313608386	4.127903409942429	0.08603139694877923	3.070471028012702
8.15015884230414	2.6471896154222634	6.621649805142727	4.175698652583457	5.491175206309217	2.247479405145172	4.93162905012278	3.659560154180524	1.530338066451119	0.2840075505060998	2.1559987091662913	4.172895542880995	0.09768772954869125	2.946118193607307
8.426609107977596	2.505419022729603	6.653159959214831	4.278868171492269	5.365980577953319	2.2362322050827736	5.256216319968113	3.7980218636998733	1.510894503026384	0.3248922010326683	1.5525507996076382	3.1503148880050826	1.995057475281968	2.15756501102568
8.587511746016737	2.3501821098962203	6.5608476427482465	4.3768462131649395	5.255604750776932	2.2110883055660246	5.468868810155133	3.9699871498185386	1.4913208310107808	0.20059145268853373	1.3435080897689824	2.929133338763427	2.029317997111227	1.965224431360742
8.05833508458416	2.5521922994204287	6.456674297053446	4.153853086951082	4.955971959911213	2.7648815061025163	5.977844825844606	3.4773733929669097	1.5274593068161473	0.041291530498646194	1.088565719622289	1.867868379134685	3.2854248949171634	1.1819821056794726
6.752067449365358	2.8968685568197983	6.130053407242639	3.518882598942724	3.7620165098298743	3.077073619728274	7.751501703429978	3.1515295264459624	1.561256344352534	0.15775002882418315	0.5216676160886666	0.7891452601226076	1.6706035023708186	0.45682848022980255
6.040061663454446	3.292746602707093	5.9579967351197745	3.374811531041808	3.452601426712295	3.279234320929598	7.976946279612022	2.9424413707447066	1.7068999215275031	0.19942353444660185	0.45416787738128117	0.6296577431017655	1.4944616710659688	0.7759445218604119
5.8384314095121805	3.454685925060799	5.86857020611096	3.4245471284620486	3.2684772237916233	3.411411225236153	8.106557119514763	2.900595199929396	1.7602786472497873	0.24115330781455216	0.16802656293671644	0.6271280597523253	1.2845417796043586	0.7906004562771871
2.25360354757927	5.860619105578725	5.109969998671078	3.0042526544867787	3.4481361539624196	3.1338597428991877	8.15321712516375	2.945492860001995	1.7072892394119357	0.48100761580785883	0.8243555757100082	0.1356782910492947	3.0455197158852165	2.1596756960052685
1.1479833946342357	6.33372970794644	4.661908527838679	2.819804574742294	3.669435287152656	3.1289022373990263	8.121429078598336	2.9439251281133023	1.6539105136892478	0.6787622113661098	0.7730771244244465	0.41595299028714494	2.823877111848909	1.8123175317780873
3.0435475832858065	7.69056928793895	3.6058200755144076	1.0412016291388406	4.426819081646442	2.4619355451943994	8.181122625188022	2.5596189955869626	1.352831335546452	0.8343308993663047	3.1789743317566606	1.5899591392905175	1.9485391260673715	3.1198516128896245
2.8809141586382068	7.3393683569645285	3.820252064271857	0.638202134053877	4.736550170862056	2.416391210226748	8.196564316054978	2.515696218038191	1.1415013503985494	0.9921706524160665	4.033612220701567	1.8084188725738517	1.91592515446501	2.8749706435769107
3.488689326228873	7.4458328194351004	3.856797101035559	0.10034639217390823	4.955631393364755	2.8457647360754676	8.46185146106727	2.0863226921895506	1.055929536952525	0.9529396168541724	1.7008803781863566	0.9991288061432189	1.8348931017602952	3.4925774211165534
3.6704683008662498	7.449591885833531	3.8584241268791852	0.07930054191233024	5.3056758594318625	2.6582485488109704	8.14724227857288	2.129627228944322	1.0035375162681583	0.9529396168541724	2.2682073203054527	1.106575804538103	0.8924909541284469	3.6211502404275855
2.7478559139124714	7.19919056780444	3.8291598317486466	0.6221748221428189	4.880233923546828	3.209569697372308	8.215832120621316	2.17260951197012	1.0442744635985606	1.1080185115876537	1.7624697582435997	2.062343585913369	0.15335066631097086	3.3007555238502864
1.869682256012197	6.829353988794404	3.6795222390038647	1.280149493778443	4.715154490308237	3.7954551185537704	8.384336979537567	2.3012997517916114	1.1495921505396747	1.1861258686418097	1.5317964532640358	2.0780609004424964	0.04132330931018326	2.7967570400720096
1.2069559967936982	6.539814828116054	3.7593053162485504	1.5735535150733222	4.5064038563009285	4.285024976960273	8.283041302544582	2.344153633864426	1.4904640485293104	1.3417273165319847	0.7347704337499525	1.5074357587751237	0.16108398454438086	2.126643005824918
0.6537150100333212	6.2650212883482395	3.9960715818833887	1.6152346964316866	4.684021226770564	4.45918451035597	8.237902284112437	2.344153633864426	1.5248231151359832	1.4578938266544808	0.6796532078062192	1.0718959321892036	0.006340153050138791	1.99449159041889
1.0604515300167734	6.219972861090637	3.8144053989427986	1.345115932131113	5.079880688645073	4.452000446959431	7.9999451847361405	2.302306657010506	1.4400053605204153	1.416046849800612	0.5605130485324902	1.02672010341274	0.6656241241076136	1.9903673174329921
1.437189256272617	6.2478930585244195	3.816239275723315	0.9944645265282651	5.294875656736838	4.318823107331341	7.940451698632217	2.3033058573690846	1.4930618195942857	1.373189901490853	0.7906636302447229	0.9987717769823015	0.43310912654367045	2.047536571224608
0.18199849222933667	5.263519545982762	4.04135228649175	1.0401687672627067	4.794369945337437	4.4448390116653576	7.101934376478183	2.1800431973503587	2.766381856247226	1.2528715793413285	1.927235591824391	2.135723115689595	1.1212367646265782	1.653426748769925
2.2166401006355203	4.564610481188503	5.401379529034163	1.379871052789761	4.575794170166127	4.741485843707825	7.658496188522907	2.1383613718936467	2.436921758934098	1.17236268941628	2.1761755605044955	1.276177892569651	1.2449319729713872	0.6686054026052974
2.579572879590249	7.474801641863128	4.735760561460289	0.15946820081105736	5.207300260749505	4.4137796101241555	7.892971054769585	2.0096067387301395	2.180325070392804	1.1322543440975574	0.12201360767516103	1.1121586493897497	0.07781272347057891	1.069861109027067
3.7647654407310784	7.642996375667063	4.764341161866421	0.8861102269309717	5.5294532821358	3.8205272692930015	7.988104556421293	1.9234480281047839	2.0778109341616826	1.093272074084883	0.40721752125765565	0.265353058559879	0.7256470408555942	2.3093628765979823
4.516551845761784	8.057490519484238	4.804505223121238	1.2635665493986443	5.778149438390869	3.777476177650752	7.814541453844574	1.7937245986335126	2.0700527876916652	0.8975889429017905	0.031278026723608396	0.695458276743404	1.370803787691859	2.5818373689744747
4.819600309822248	7.937971586309497	4.891050897069267	1.7726796205819249	5.975510431123079	3.596437029484502	7.7818990942009405	1.6621844596402666	2.008952502383792	0.046993742613104676	0.2669995490591768	0.6335897578037719	1.5566102785167837	2.963365494789585
4.906514818193395	7.899206582321545	4.93400100208902	1.9413092379607566	5.968285634536903	3.4656277915160985	7.755272676875099	1.7916999847792978	2.107118875293117	0.08168003418400875	0.8108512437909955	0.7046963656521246	2.5032462647694547	2.2977081754813553
5.239161282205972	8.096453201899035	5.019660629717254	2.1623687100241664	5.83683535574267	3.419226681443513	6.574937421691307	2.6433542106466357	2.7902808083377897	0.11746363983100899	0.11509667608986782	0.520885585833666	2.2406629163304235	2.370201827560923
5.3091416689149185	8.166433588607953	5.06410008598815	2.2068081662949464	5.793148398577254	3.3318123430425923	6.839327678289401	2.474685053142028	2.519126060267077	0.037942427146924626	0.12652036724479612	0.8757494053290769	2.518699460538195	1.8475664709500739
5.3091416689149185	8.166433588607953	5.06410008598815	2.2068081662949464	5.793148398577254	3.2880483289695444	7.060140842746878	2.475374748444592	2.434330390470988	0.0841779496462276	0.11263252202764831	1.076804957525423	2.5280205140025873	1.8865197216355636
5.262895350982214	8.389542626609574	5.260216182668308	2.133568907041003	5.722567032268551	3.376851198403021	7.3053831872766235	2.778123893674876	2.023398648139304	0.15162073220874758	0.016491705736153352	1.8446404443287194	3.1167045278389223	1.4999589704529137
5.262895350982214	8.308856540229744	5.30457959583106	2.2586184065835675	5.716199550176178	3.288789424480097	7.245189273687117	3.0398348909560893	2.2208896928343136	0.03190624065811597	0.1274154575135333	1.8821154732846668	3.4696878415936943	1.7367937815255365
5.413689038703561	8.367647382308522	5.200494193790579	2.2465358501856714	5.748480406941041	3.2901101152661605	7.355339508136054	2.9518930817838944	2.145821968778646	1.151670495037316	0.29948280015313056	2.3560947079976327	3.4320522385092107	1.970764489243829
5.515033135371111	8.384021115246902	5.111354899802783	2.2423669199269525	5.788598988695579	3.247195793701683	7.40456746207967	2.6923919839297517	2.146876517738229	1.5605376646374203	0.18735176229411651	2.423142137036393	3.6280039111858287	2.016656290565561
5.165918819104411	8.298353335940709	5.032042896673408	1.8996083798369856	5.705890067513963	3.2466863083228263	7.396996600348349	2.6914100157783865	2.2320360287510694	1.5332972859418734	0.3435618945291173	2.982423129532627	3.0865099915832026	2.0994891799442037
5.04248632155292	8.26360365104444	5.077106337684746	1.8559890081930388	5.705890067513963	3.290305679966881	7.359633657246593	2.691410015778251	2.3197201436028707	1.4544463969340253	0.29394056758153675	3.1729831099168977	2.963358365730694	2.0480869524557583
4.815859198403036	8.341752231642529	5.138502764080366	1.6126097308409302	5.507548349198739	3.291770491042477	7.457111412921133	2.8630195436774475	2.2572959913488533	1.418049107401207	0.9008396600679222	3.589480050144538	2.479427418171164	2.3239863006232886
4.294973233727396	8.438005162288663	5.303548598352993	1.160516669791837	5.3148298768579725	3.422004419133786	7.3761392175150675	2.90983367607374	2.294769934135105	1.5371310151079107	1.708528304154997	3.7559035800790213	1.7364366037421903	2.1605806828019154
1.179335085935402	6.589467949287564	6.731974799215004	1.0368282360076733	4.382791497500912	4.556847322886081	7.341622953452279	3.0809237951384194	2.5715660345831655	1.5764784718220253	3.4652812137491127	3.360612863840699	1.7688815285035993	0.8164957947267064
1.4369487155747769	6.7189901652375585	6.952057185663831	1.2038816951488887	4.341049937892537	4.638395208345535	7.222455434551304	3.0809237951384194	2.476053429951778	1.2999526071320018	3.0234897745125795	2.513810236177799	1.0378487484559862	1.9143049890602315
0.14610026858902656	6.586244203384908	6.035744712713472	0.6965997592596875	4.641992822891283	4.34433078183536	7.0969301847234725	3.0809237951384194	2.478777516091524	1.2980627176480608	2.8106628158593283	2.237665932154603	0.8238338067954072	0.9800723936226138
0.6468201136117219	6.868925895543766	5.685150275665225	0.5369555062674277	4.721885649767086	4.263213451118329	7.052968629452599	3.038328144467967	2.393165533451385	1.2582950293693949	2.417996362365142	3.2075138302451296	0.20849376203109238	0.41345921766633803
3.578680316183782	5.7921777547189395	7.386851399148546	1.9840066717541562	4.349909547851343	5.031027843598366	6.830835163723211	3.0344707863141887	2.5954350049332477	1.3676245105316125	4.554363158040834	2.3318819263518082	3.104505737955451	2.5157829328606813
4.125525346371875	5.735422545760796	7.4687024980764924	2.392245394056092	4.174965804523896	5.223812894811704	6.787673416139062	3.0344215967935213	2.682958037380865	1.3616635707998073	4.348752102791137	2.263072182883235	2.7554065620658093	2.84526733815576
4.600244757222393	5.547202224888939	7.7158030455319855	2.431643936579394	4.174965804523896	5.306317044281343	6.787673416139062	2.9489420250983422	2.682958037380865	1.3601995414120565	4.595751071041541	2.487143029294653	3.0394267390993956	2.809314880008943
4.46664757883995	5.54622066190957	7.66835376925544	2.3445144714941266	4.262095269609226	5.263976050522992	6.787673416139062	2.9489664511324762	2.7180262180003827	1.4356141813557486	4.579295090265134	2.521843304231458	2.98733779627178	2.7271653287959197
4.622089527313666	5.5036001989223315	7.698315540977326	2.427374185258772	4.3073571279467195	5.303308325168839	6.698884118682821	2.906707209963597	2.768725331962601	1.3933549401868401	4.706936418036383	2.7564874896102753	3.2011270261489626	2.561815189784766
4.55279548094586	5.5036001989223315	7.629021494609479	2.427374185258772	4.35185196539204	5.303308325168839	6.654389281237354	2.906707209963597	2.768725331962601	1.3933549401868401	4.706936418036383	2.7509963306209175	3.2011270261489626	2.498012302406209
4.6812184708532065	5.3953860921722	7.610817635445984	2.4657869275793916	4.400937128602659	5.390806230700113	6.604797400429715	2.987773622881347	2.818317212770145	1.4366263197305662	5.018648765324937	2.63234315096842	3.4053331582325805	2.588028308421307
4.827884894884747	5.395743218340364	7.714248044100279	2.509380069124963	4.35587311935063	5.348528849583532	6.6441695741952245	2.9877966401763065	2.831177023469908	1.3943719559091026	5.080021516495712	2.6731527800552093	3.342839940098869	2.359527329853857
4.8712102165675315	5.396085865053727	7.7535004683538835	2.513795613267499	4.312205150954452	5.309276425329992	6.594661028448542	3.072362603157496	2.8806855692168525	1.4789379188902037	5.036696194812942	2.591280893710192	3.342839940098869	2.345240997031186
4.862226224103998	5.43941118673642	7.787841797573067	2.513795613267499	4.312205150954452	5.309276425329992	6.594661028448542	3.7184792043197863	2.678012981521916	0.370223081695684	5.027662664670383	2.746691763107615	3.3414032013897397	2.128450318812867
4.94896640106142	5.352671009779087	7.787841797573067	2.513795613267499	4.312205150954452	5.267062559539721	6.545217913496722	3.6742648506534876	2.72745609647353	1.1372833730608567	4.940922487713048	2.867415940779462	3.276115843617155	2.0555322279777144
4.91462507184229	5.352671009779087	7.7535004683538835	2.513795613267499	4.312205150954452	5.267062559539721	6.545217913496722	3.6311383407848337	2.7625088300098595	1.4903420997579813	4.784498543213266	2.83307461156036	3.1196918991175093	2.1034472791812733
4.836801267281437	5.35241789665766	7.670779832296943	2.5184393316422926	4.35587311935063	5.273223798548205	6.545217913496722	3.630220585915669	2.7625088300098595	1.6840670673667049	4.775988778445323	2.738346718464564	3.067767279074997	2.163766222990662
4.802324522903116	5.35241789665766	7.636303087918547	2.5184393316422926	4.35587311935063	5.273223798548205	6.545217913496722	3.3730319195367695	2.7625088300098595	1.5445783967876896	4.672463068107574	2.7038699740860723	3.0150769445413035	2.163766222990662
4.861420747061162	5.249728530954098	7.684614774689433	2.4265345033258288	4.399466260896101	5.22491211177725	6.583089131294325	3.2840058271851644	2.8258034477064546	1.6117671474422506	4.613366843949725	2.6434647402239717	3.0150769445413035	2.2241714568531097
4.8268760320713255	5.255286255045998	7.650070059699623	2.4320922274177925	4.436865788605443	5.22491211177725	6.639048141726443	3.1567269167099465	2.7775628317997745	1.562288896403211	4.561765250698844	2.5484284505890527	2.963475351290629	2.3979237141330354
4.8268760320713255	5.255286255045998	7.650070059699623	2.4320922274177925	4.348085030620826	5.267949285215082	6.815137538138282	3.0713781441128623	2.740991704106294	1.5199772972437056	4.561765250698844	2.487850485056065	3.014195161479674	2.5549469523979855
4.8268760320713255	5.211833261667087	7.650070059699623	2.3886392340389997	4.303022940490965	5.267949285215082	6.941339863203369	3.0291237802911146	2.788977333544013	1.5153231701337233	4.6650758613771375	2.365690379327477	3.1175057721579575	2.6771070581264977
4.851269938667502	5.152826493455194	7.615457198083895	2.3886392340389997	4.214772761320291	5.182824984761302	6.980069887290479	3.033234046508148	2.787721857936833	1.3941529118242173	4.606069093165181	2.209689118846771	3.1175057721579575	2.7984954569912293
4.851269938667502	5.152826493455194	7.615457198083895	2.3886392340389997	4.170746770075794	5.140801081229025	6.936917667350252	3.159719176350118	2.8749000691214004	1.4382973748875376	4.657885786075566	2.1693967348325778	3.169322465068362	2.7252401048064128
4.9638982716475235	5.109355737080835	7.645362350435832	2.4278916582925554	4.170746770075794	5.180053505482685	6.887509870332402	3.202035744074235	2.924307866139463	1.4792741460982501	4.725908177038822	2.11818520383086	3.2808156124060863	2.6060324277990707
