0	1	2	3	4	5	6	7	8	9	10	11	12	13
8.822516889734523	3.8769576974624846	7.908377756857584	4.7910968303394155	4.384901525072424	2.128096064272153	4.279974366294244	2.5035805333024306	1.5867553848870781	0.14494840419193053	2.889406945162978	4.919868894453965	0.41748429151952937	4.053125032218802
8.540215978749178	4.151004210883455	7.805956573253474	4.885263616379047	4.2528430995255055	2.1735490333779186	4.273575606629368	2.4263358316023638	1.5760144254264556	0.1886276711141884	3.060928777587871	4.958044564429737	0.47129515558289214	3.957981147744804
8.584909046081805	4.040589665916935	7.694543410025681	4.930955301972891	4.354965257822128	2.224712446370455	4.220167265266612	2.4308703487228573	1.5087122747102912	0.19363043824715354	2.891892185801893	5.079738382098455	0.5786310193362479	3.9117376327537956
8.44023365494558	4.208066743727477	7.717345096700102	4.930955301972891	4.354965257822128	2.1380323560634986	4.238032566299746	2.517550439029661	1.4036765038422099	0.2006927755159176	3.005843945842166	5.2415316072337825	0.6321563371058695	3.865209115537702
8.44023365494558	4.15926184081505	7.622951913401388	4.976543582359328	4.362000613889944	2.2324255393623162	4.189867424229635	2.517550439029661	1.4936111927565074	0.238059314892608	2.9524134919214173	5.2415316072337825	0.6855867910264708	3.865209115537702
8.44023365494558	4.110365667235846	7.577744192391182	4.972855129790292	4.410896787469257	2.277633260372393	4.243761542804622	2.517550439029661	1.4397170741814507	0.238059314892608	2.9524134919214173	5.2415316072337825	0.6855867910264708	3.7727460942931477
8.49891633504261	3.998195651042985	7.528571559214448	4.96854042687103	4.3690896084661	2.326805893549328	4.339056057903687	2.517550439029661	1.3863549237495953	0.238059314892608	2.8911753475983346	5.2415316072337825	0.6881422552531972	3.7727460942931477
8.49891633504261	3.9491999734801357	7.528571559214448	4.919544749308337	4.418085286028839	2.326805893549328	4.339056057903687	2.517550439029661	1.3863549237495953	0.238059314892608	2.8911753475983346	5.197831031894996	0.6881422552531972	3.7693955090327895
8.49891633504261	3.9491999734801357	7.528571559214448	4.919544749308337	4.418085286028839	2.327002001829256	4.339056057903687	2.517354330749712	1.3863549237495953	0.19715678610629925	2.8911753475983346	5.197831031894996	0.6881422552531972	3.722269651994802
8.500839686285877	3.890631197652163	7.471926134629819	4.919544749308337	4.418085286028839	2.3703091653000876	4.339056057903687	2.474047167278701	1.3863549237495953	0.19715678610629925	2.7793698273346434	5.192789401094002	0.7413789996886582	3.7161446953530817
8.55656255856076	3.834908325377588	7.471926134629819	4.919544749308337	4.471532225352626	2.4135511565359984	4.285609118579909	2.4695127484579733	1.3863549237495953	0.15844921369223341	2.723646955060116	5.192789401094002	0.7413789996886582	3.7161446953530817
8.615023084338953	3.7764477995992434	7.471926134629819	4.919544749308337	4.471532225352626	2.4135511565359984	4.285609118579909	2.4695127484579733	1.3863549237495953	0.15844921369223341	2.665186429281833	5.192789401094002	0.7413789996886582	3.7616984706425787
8.670865129131975	3.720605754806139	7.517127313673398	4.874343570264746	4.471532225352626	2.411526894347982	4.285609118579909	2.4263358316023638	1.3863549237495953	0.19935174247816645	2.6093443844887005	5.0975637393861986	0.7413789996886582	3.8569241323503705
8.670865129131975	3.720605754806139	7.517127313673398	4.874343570264746	4.471532225352626	2.411526894347982	4.249500639962082	2.4263358316023638	1.4224634023673575	0.19935174247816645	2.6093443844887005	5.0975637393861986	0.7413789996886582	3.8569241323503705
8.670865129131975	3.6715185785690214	7.517127313673398	4.825256394027756	4.520619401589842	2.4547038112035633	4.249500639962082	2.3831589147468186	1.4224634023673575	0.19935174247816645	2.6093443844887005	5.054020416866728	0.7413789996886582	3.8532613225775845
8.726821143569225	3.615562564131922	7.517127313673398	4.825256394027756	4.520619401589842	2.4547038112035633	4.249500639962082	2.3831589147468186	1.4224634023673575	0.19935174247816645	2.55338837005158	5.002364822914651	0.7413789996886582	3.8593658162713878
8.688802090748494	3.5572059939009533	7.42075169062185	4.825256394027756	4.520619401589842	2.4547038112035633	4.249500639962082	2.3831589147468186	1.4224634023673575	0.19935174247816645	2.495031799820588	4.957644793815255	0.787127272067366	3.8077102223192205
8.688802090748494	3.659788554702729	7.466030593514026	4.882560051937395	4.418036840787914	2.4093599317869345	4.285609118579909	2.3832238912713772	1.3863549237495953	0.19935174247816645	2.5457223417928443	4.957644793815255	0.7364367300950546	3.8077102223192205
8.688802090748494	3.659788554702729	7.466030593514026	4.882560051937395	4.418036840787914	2.4524069934493125	4.285609118579909	2.3401768296088723	1.3863549237495953	0.19935174247816645	2.5457223417928443	4.957644793815255	0.7364367300950546	3.9004674548698155
8.688802090748494	3.659788554702729	7.466030593514026	4.882560051937395	4.459884416563158	2.4524069934493125	4.243761542804622	2.3401768296088723	1.3863549237495953	0.19935174247816645	2.492584235790491	4.957644793815255	0.7895748360974678	3.947598521382531
8.648914699807131	3.659788554702729	7.471499973254974	4.8372032812548404	4.459884416563158	2.407050222766771	4.243761542804622	2.3401768296088723	1.420159873516822	0.19935174247816645	2.492584235790491	4.917757402873926	0.8352445194335405	3.947598521382531
8.648914699807131	3.659788554702729	7.471499973254974	4.8372032812548404	4.459884416563158	2.407050222766771	4.243761542804622	2.3401768296088723	1.3668903037689855	0.19935174247816645	2.492584235790491	4.917757402873926	0.8352445194335405	3.947598521382531
8.665023240001855	3.603713762133444	7.431533720880304	4.8372032812548404	4.459884416563158	2.407050222766771	4.243761542804622	2.3401768296088723	1.3668903037689855	0.19935174247816645	2.436509443221254	4.877791150499196	0.8352445194335405	3.9946546373930154
8.72327013734785	3.545466864787562	7.431533720880304	4.8372032812548404	4.459884416563158	2.407050222766771	4.243761542804622	2.3401768296088723	1.3668903037689855	0.15844921369223341	2.3782625458752524	4.877791150499196	0.8352445194335405	3.9946546373930154
8.666697748729863	3.545466864787562	7.374961332262423	4.8372032812548404	4.418036840787914	2.3640031611043533	4.321649688919517	2.42535439260126	1.3308497334298004	0.1572212411493446	2.4288636609273597	4.916352634230464	0.7846434043820104	4.0847589553326396
8.722890890780182	3.4892737227370167	7.374961332262423	4.8372032812548404	4.418036840787914	2.3640031611043533	4.321649688919517	2.42535439260126	1.3308497334298004	0.1572212411493446	2.3726705188767854	4.967864734193639	0.7846434043820104	4.079034249647095
8.722890890780182	3.4892737227370167	7.374961332262423	4.8372032812548404	4.418036840787914	2.3640031611043533	4.321649688919517	2.42535439260126	1.3308497334298004	0.1572212411493446	2.3726705188767854	4.967864734193639	0.7846434043820104	4.079034249647095
8.722890890780182	3.440194453123083	7.325691396571415	4.83739394733201	4.467116110401939	2.4132730967955447	4.321649688919517	2.42535439260126	1.3308497334298004	0.19453443313732352	2.4231779531888007	5.01151292864357	0.7797272088143717	4.081248430011787
8.779198296650595	3.3838870472528484	7.325691396571415	4.83739394733201	4.520641252682213	2.4132730967955447	4.268124546639126	2.42535439260126	1.3308497334298004	0.19453443313732352	2.3668705473185705	5.01151292864357	0.7797272088143717	4.174026337838093
8.722704909194615	3.4374821640954276	7.269198009115406	4.890989064174618	4.467046135839745	2.4132730967955447	4.268124546639126	2.42535439260126	1.3308497334298004	0.2354853335191502	2.3668705473185705	4.955019541187602	0.7797272088143717	4.174026337838093
8.722704909194615	3.4374821640954276	7.269198009115406	4.890989064174618	4.467046135839745	2.4132730967955447	4.268124546639126	2.42535439260126	1.3308497334298004	0.27648956090565097	2.3668705473185705	5.006466208819575	0.7834246141286085	4.2153602543296556
8.722704909194615	3.4374821640954276	7.269198009115406	4.890989064174618	4.467046135839745	2.4132730967955447	4.268124546639126	2.42535439260126	1.3308497334298004	0.27648956090565097	2.3668705473185705	5.006466208819575	0.7834246141286085	4.2620516659321055
8.722704909194615	3.4374821640954276	7.269198009115406	4.890989064174618	4.467046135839745	2.4132730967955447	4.268124546639126	2.42535439260126	1.3308497334298004	0.3175471774455321	2.3668705473185705	5.006466208819575	0.7834246141286085	4.2620516659321055
8.722704909194615	3.3838870472528484	7.269198009115406	4.83739394733201	4.520641252682213	2.4132730967955447	4.268124546639126	2.4640002148031863	1.3308497334298004	0.2789013552447816	2.3668705473185705	5.006466208819575	0.7834246141286085	4.2620516659321055
8.722704909194615	3.3838870472528484	7.314626441982378	4.791965514465049	4.562469394324675	2.3678446639287216	4.2262964049968135	2.4640002148031863	1.3308497334298004	0.2789013552447816	2.3668705473185705	5.006466208819575	0.7834246141286085	4.2620516659321055
8.722704909194615	3.4329663168668745	7.363902727325684	4.791768498735723	4.5133901247106225	2.3185683785853306	4.2262964049968135	2.4640002148031863	1.3308497334298004	0.2789013552447816	2.3668705473185705	5.006466208819575	0.7834246141286085	4.2153602543296556
8.682604040092771	3.4329663168668745	7.323801858223866	4.791768498735723	4.5133901247106225	2.3185683785853306	4.316174938762929	2.4640002148031863	1.2409711996632422	0.2789013552447816	2.369496625761724	4.966365339717797	0.7807985356850584	4.2153602543296556
8.682604040092771	3.4329663168668745	7.372999987597083	4.742570369362548	4.608704288420181	2.3125470682115408	4.220860775053337	2.420823395803563	1.2747429221253195	0.2789013552447816	2.369496625761724	4.966365339717797	0.8301657389146433	4.2153602543296556
8.642424031092071	3.4819539459608833	7.381940065417827	4.742437911634989	4.559716659326256	2.3064738477821254	4.220860775053337	2.3777765294112845	1.2747429221253195	0.3161459197076763	2.369496625761724	4.926185330717155	0.8301657389146433	4.2153602543296556
8.642424031092071	3.5355327375453625	7.381940065417827	4.796016703219562	4.601412408093034	2.349455836387338	4.1614632701358385	2.3347945408062034	1.2388658866922289	0.3161459197076763	2.369496625761724	4.969924865363759	0.8301657389146433	4.171620719683165
8.716730430901656	3.420966993965755	7.387205700704127	4.750491724163289	4.601412408093034	2.3039308573310384	4.1614632701358385	2.3347945408062034	1.2388658866922289	0.275093507090797	2.254930882181882	4.973483634958471	0.879611615805189	4.173892995378122
8.7732703007775	3.3644271240899184	7.387205700704127	4.750491724163289	4.601412408093034	2.3039308573310384	4.1614632701358385	2.3347945408062034	1.2388658866922289	0.275093507090797	2.1983910123062707	4.973483634958471	0.879611615805189	4.220058627689828
8.732931426910344	3.3644271240899184	7.346866826837003	4.750491724163289	4.601412408093034	2.2609488687258943	4.1614632701358385	2.3356509339086937	1.2388658866922289	0.3172191025937783	2.251618362568345	4.977041613721784	0.9751950815572002	4.176161775059247
8.732931426910344	3.3644271240899184	7.346866826837003	4.750491724163289	4.601412408093034	2.2609488687258943	4.1614632701358385	2.3356509339086937	1.2388658866922289	0.3172191025937783	2.251618362568345	5.021017366373734	1.0249567959227546	4.131657558272688
8.749167459815048	3.30777249143598	7.306448227087887	4.750491724163289	4.589364714495276	2.3041903702420043	4.209320547213667	2.2924094323927346	1.2562962627539427	0.2762199960119075	2.197698287920445	5.15729399975634	1.2220626783639625	4.140680269007815
8.76543857201582	3.2510028573623346	7.216823669926521	4.799617759451664	4.589364714495276	2.3962980036004318	4.209320547213667	2.2915534298250866	1.2562962627539427	0.2340944005088964	2.247864424941073	5.154050218950085	1.2155248679815291	4.196740674748736
8.741085848845339	3.189435365154373	7.090067041964039	4.840454172035789	4.5940473325007565	2.4418170341900503	4.209320547213667	2.2915534298250866	1.2758865576896092	0.19314853810962068	2.352093475249587	5.2066159155595395	1.5101711188546136	4.344719518136519
8.682930476294649	3.2963956406172787	7.090067041964039	4.889259074948186	4.54524242958838	2.4418170341900503	4.15547128338845	2.2915534298250866	1.3297358215147375	0.19314853810962068	2.467491188436631	5.296220957963798	1.6063016852806078	4.349657419755435
8.418758592508548	3.506942259356182	7.0292536154888525	4.896447236375945	4.394361239010566	2.298124005039784	4.101689278364816	2.2915534298250866	1.3301854193459914	0.15225585798635075	2.8611172348687255	5.492803836769595	1.8931771842890304	4.428627214218488
8.476326138283849	3.4462428348459295	7.0214564296640445	4.901112543465841	4.406473729681254	2.2491539995367495	4.035941475100855	2.2915534298250866	1.3301854193459914	0.15225585798635075	3.0775130397894603	5.52758365351747	1.7720257282346872	4.4338202614474636
8.55188550319424	3.3183999847520482	6.817971779139447	5.0523137088069285	4.304242569843316	2.3414299920443904	4.0000755771168235	2.248247442820743	1.3660513173300695	0.11141629817127495	3.40653164632951	5.898092686538287	1.8496688886331047	4.545391943151753
8.337791536793803	3.4830266210324603	6.769060540827687	5.051757616998687	4.255828656148349	2.292459986541291	4.0000755771168235	2.286836441372411	1.399793429586907	0.07282729962164525	3.415643387267857	6.090413190365253	2.018961619103999	4.500643741155893
8.140929328583713	3.628669379989838	6.810924369038386	4.958674339535147	4.2064227385787545	2.054289489664823	3.9764481086678183	2.2872257063310055	1.2748889016093818	0.06926234902541793	3.9340383416821014	6.130090912852188	2.2373480526729908	5.179591536311135
8.14235758700955	3.6189119790736157	6.803212390654824	4.958057175428342	4.30751457223176	2.005620315572745	3.827304265029347	2.2872257063310055	1.2748889016093818	0.06926234902541793	4.099385658314554	6.172659598535254	2.18009343795242	5.286866904191147
7.928426304169358	3.7862296904243236	6.694781958881824	5.019874035711915	4.374948141374838	1.9598300526810628	3.6164649022595605	2.209990885577464	1.3443966274564192	0.15006212037470834	4.443263932642001	6.157215968592217	2.776666140906229	5.493705178600854
7.985631350366094	3.836992863704575	6.786596034133523	5.036028179937224	4.388805896904093	1.825099255383615	3.4587730292694974	2.2529076076232917	1.3802625254404017	0.15006212037470834	4.393723816658371	6.153322781191951	2.8967249924192737	5.503291211940062
7.919873009013082	3.9924207518685453	6.79403333717732	5.118260423704266	4.158621346183757	1.6358242717079683	3.4174503525472013	2.2529076076232917	1.3802625254404017	0.15006212037470834	4.779031884107924	6.748089800250613	3.9932890981882823	6.847756135457855
7.763119202330139	4.146576044261731	6.838832633663363	5.070862612928508	4.104231266597292	1.4927922433598175	3.4300162959590934	2.2529076076232917	1.3264524440425893	0.15006212037470834	4.803448987131982	6.897190916583015	4.013859889176609	7.053664231972667
7.155972091351418	4.282201489479875	6.6349342910531055	4.803239289777957	4.362691766800443	1.485380362135316	3.424688337245851	2.209990885577464	1.2906146224325983	0.15006212037470834	4.95690326161786	7.447410415226264	4.374451037420831	6.50926898364882
7.010960728512871	4.227541522531722	6.597670024998269	4.640832226046304	4.422535910712632	1.5233912813582042	3.4791055121959746	2.1238342214851635	1.2569055670368698	0.15006212037470834	5.016504613531974	7.206082808374891	4.687308992286823	6.687735364629962
6.231472431069214	4.8649545887866115	6.457531404170159	4.638895615685447	4.422535910712632	1.5642411596507966	3.4791055121959746	2.0775679595311707	1.2231338445744395	0.15354189367676485	5.626638486276065	7.31954515633147	5.432599566615242	7.291460710439682
6.114132620368379	5.038623111318922	6.515790374287674	4.636965357399616	4.46364569579945	1.6050327149413648	3.4379957271091106	1.9927773048000872	1.2764034143221696	0.19561073482944444	5.869980784481007	7.166969843411708	5.511975878251805	7.2367307947169595
5.771930213895491	5.1041346088384705	6.2868607118307045	4.589204110903238	4.470297157208888	1.6050327149413648	3.4791055121959746	1.9927773048000872	1.2764034143221696	0.1583409789584624	5.964588156970402	7.515051397268547	7.172402253840654	7.72705605295939
5.728567348920653	5.1041346088384705	6.1955132521829634	4.637188705576013	4.470297157208888	1.6530173096142746	3.5329547760212416	1.9927773048000872	1.2225541504969764	0.11754968613413863	5.973209354396858	7.632179377997407	7.324958738817886	7.772594915213062
5.391076249369021	5.1041346088384705	5.858022152631378	4.637188705576013	4.470297157208888	1.6530173096142746	3.4971451925412054	1.9927773048000872	1.2245587842103567	0.11754968613413863	6.222084507901067	7.6234565006123605	7.294681814171789	7.751013159035168
5.258199206887042	5.1041346088384705	5.725145110149383	4.637188705576013	4.429109265311832	1.6530173096142746	3.5383330844384986	1.9507651486448079	1.2245587842103567	0.15956184228694723	6.231276608791913	7.601557686764479	7.2636150503030015	7.788310392903346
5.118944875332333	5.152164622931893	5.525995864779233	4.745113633485042	4.3756236239271775	1.6530173096142746	3.4838937979142868	1.9507651486448079	1.2779209346420575	0.15956184228694723	6.792531701309703	8.542283844246224	7.253194612725365	8.473602124383584
5.148195911842389	5.0327287602295145	5.483795633259587	4.697129038812235	4.471284756092054	1.648400359999324	3.3882326657492037	1.9073975035871011	1.2779209346420575	0.11882362731678278	6.864489157433752	8.34007730852183	7.234862027386446	8.889744961787695
5.042755128404756	5.198425995826893	5.59010959002337	4.651071534208369	4.512349997400434	1.6457751711470394	3.4011123782832002	1.8639651878353718	1.2239759807996495	0.11882362731678278	6.5082612963678175	7.959407179533662	5.917349636451765	8.659845287093594
5.245011307169704	5.020577447002921	5.614517219964134	4.651071534208369	4.512349997400434	1.689272252332097	3.4011123782832002	1.8624802628057067	1.2774011397629015	0.07681147116126222	6.1146928030061805	7.928612835247214	5.744013524033493	8.73639772306323
5.196276955259519	4.975767543962282	5.568802335029504	4.603242164192316	4.614730422932522	1.7328341936740959	3.346561322767087	1.8189183214639164	1.2435928016962712	0.07681147116126222	5.790513505249611	7.8923114054252705	5.493253702988267	8.143720702501014
5.3267064397288575	4.85753773555968	5.581002011096291	4.603242164192316	4.614730422932522	1.776461089878916	3.346561322767087	1.7752914252590457	1.2435928016962712	0.039479198919148355	5.672283696847047	7.851036063344097	6.299333295704812	8.559724312385702
5.50257312834258	4.73977103294263	5.6391019970927045	4.603242164192316	4.669359613008034	1.776461089878916	3.2919321326916706	1.7752914252590457	1.2971110179780414	0.08022206110471454	5.682362691404619	7.969769858205536	6.394071178316179	8.426323064034555
4.418567772193476	5.441086437733358	5.396678365357475	4.462975844569321	4.758221101400894	1.684114487925122	3.2509903619675677	1.7752914252590457	1.3506924330467753	0.12101808285292195	4.447464053007458	7.634999624516124	5.642600316470404	7.218096875261311
3.854549718549491	5.717927483515515	5.257739031162083	4.314738170902916	4.771308643153544	1.6335980724908652	3.2919321326916706	1.7315994795033385	1.3506924330467753	0.12449595679504767	3.954812737470805	7.131575462756631	4.745139942626621	6.030918968383022
3.4789336340412493	5.887395004155784	5.105529374294172	4.26079926390284	4.879954943241103	1.6335980724908652	3.2372247396045095	1.7315994795033385	1.37055604351491	0.16540331622381327	4.003960271363592	7.100062349724217	4.818948046322749	5.665260977805566
3.00770586622193	6.008263901589972	4.916446106554566	4.099523661257375	4.986523152799313	1.6762474083519299	3.2919321326916706	1.7275490024627882	1.37055604351491	0.16776524685049438	3.5793170269260517	8.321542615988434	3.8641812143602055	2.3928848343834708
3.116114582590185	5.846276584646333	4.870154065938959	4.0922371012972585	5.04010175337494	1.7225394489677126	3.2919321326916706	1.685541641821331	1.3367116327924207	0.2507868897517178	3.5324289116763454	8.06603592579984	2.980291834832293	2.9871189220063585
2.0832443187013587	6.361886355884426	4.507872458613428	3.9372582159721747	5.140451448624381	1.7225394489677126	3.346561322767087	1.685541641821331	1.3904804301650693	0.29185472756140785	1.9568413797050952	6.977901503633057	2.655397555085105	2.9387515719196093
1.773889922695849	6.327772763057123	4.322676711490778	3.778985974262287	5.157069767292215	1.8597389304324488	3.5736199349592663	1.636512794338845	1.1990153310976943	0.21957515411976183	1.5242546207360284	6.7914139860815395	2.263295385287939	2.635114677418064
2.4192548962421987	6.053616094703974	4.599527177502893	3.873343813443146	5.102630480768138	1.9553385393717526	3.6637730843409217	1.6772735206343905	1.1633014682399245	0.17757265806859768	2.2087608548954725	5.793888117678265	1.6370332682801187	1.0962132295035205
3.794932514478546	4.844587541033547	4.766176242069267	3.873343813443146	5.102630480768138	1.9126290941116002	3.6637730843409217	1.6814407024466234	1.1633014682399245	0.21611492151473005	3.234487898088907	3.322742293804133	0.5304078917095649	1.9293353983967034
3.801460417784216	4.903773845746517	4.836800869096576	3.8684333944343274	5.005736341075608	2.0047330129325047	3.903299950367496	1.6374857281145538	1.0737281054036276	0.2197977403777172	2.0906691181983565	3.869917604547151	0.3931088355646046	2.0808849002076415
3.8531216705596143	5.012778461637745	4.944407374265525	3.9214927579316865	4.898450836856499	2.0047330129325047	3.9575260910890573	1.6374857281145538	1.0737281054036276	0.17860723970429948	2.0845432378925217	4.21197435933355	0.45580697395062814	2.2481943972903355
3.789554982252941	5.124315141463472	4.992377365784596	3.9214927579316865	4.898450836856499	2.0487536134947204	4.011519775045211	1.6355290835569054	1.0197344214469697	0.177733784375486	1.2747124195210928	4.038820767031569	0.5733531421960109	1.6748522773879777
3.335499636657232	5.626240878684842	5.040247757410413	3.9214927579316865	4.898450836856499	2.0500706367456134	4.06558051373064	1.6342120603060764	1.0195337406531966	0.177733784375486	1.2384216232431144	4.319713456545062	0.8457413311511188	1.3119292282795212
2.919278516601055	5.850381857597148	4.848167616266395	3.9214927579316865	4.898450836856499	2.094224875774662	4.030020163937124	1.590057821277148	1.021024952488704	0.21897828120682197	1.024798222903914	3.2450098103705947	0.8264753710730454	0.4675406136841384
2.913156084014607	5.904674213063281	4.896337539146075	3.9214927579316865	4.844302947365779	2.1827314974752996	4.0841680534279	1.543671819959682	1.021024952488704	0.2219677682455759	0.8831258295222421	2.9813442942370734	0.893242041915761	0.236461828241157
3.5201707507007707	5.632060190403046	5.230738183172118	3.9214927579316865	4.844302947365779	2.1827314974752996	4.0841680534279	1.505082821407837	1.0012340325555313	0.25674521577864734	0.6600949881893288	1.9129640662303407	0.26527208817066417	0.8595663352004571
3.7639567715861024	5.630339181889967	5.41965438837846	3.974641565097462	4.845302029690769	2.1827314974752996	4.084177096126226	1.505082821407837	1.0150842640219921	0.2903876466821437	0.6003902216478324	1.7246474025799254	0.27010703903551647	1.1198870848139684
4.261356657839551	5.508987235748373	5.640955387999116	4.129388505588879	4.744781229920904	2.2254941775556687	4.029950955404632	1.4623201413278577	1.102761016230862	0.28654838205214134	0.5768241993991288	1.8616701267208158	0.8468192660148662	0.36409973316263683
4.409690168637708	5.501506405527142	5.733717276394974	4.177479297769814	4.738000157401639	2.181210122389195	4.024172475315906	1.5066041964941252	1.1010437308282404	0.28271963260625543	0.7090173423258317	2.2819963836028516	1.163010217600689	0.09271114574834609
4.455927862386201	5.554905644866779	5.779954970143486	4.230878537109501	4.684600918062083	2.2239091078315316	4.024172475315906	1.4639052110520685	1.1010437308282404	0.2416033395257224	0.4526639010970178	2.2581133720765254	0.4655187526384905	0.050987503832664094
4.502070368574057	5.554905644866779	5.826097476331369	4.230878537109501	4.684600918062083	2.2239091078315316	4.024172475315906	1.4639052110520685	1.1010437308282404	0.20054058115813045	0.3836328748442821	2.068978562992596	0.20566891536570242	0.13890804646371174
4.548117921168283	5.608394498671133	5.872145028925632	4.284367390913831	4.631112064257755	2.2239091078315316	4.024172475315906	1.4639052110520685	1.1010437308282404	0.15953129510908262	0.3836328748442821	1.9506819403168663	0.14365815156052825	0.3032522217392489
4.446498746171887	5.66396612107344	5.826097476331369	4.284367390913831	4.631112064257755	2.266542192602703	4.024172475315906	1.4212721262804957	1.1010437308282404	0.07767289016146223	0.17957173376244978	1.791645184501739	0.5846448950431187	0.02282054256501504
4.12909561994135	5.829976221070986	5.72098498287051	4.238086858141704	4.631112064257755	2.30710550275753	4.024172475315906	1.3344282833532686	1.1010437308282404	0.07767289016146223	0.7591592961401007	2.1714668776424544	0.19474755938599908	0.7166272350939581
4.221522773899927	5.781904451659203	5.813412136829327	4.190015088729955	4.679183833669542	2.2628289492778775	4.024172475315906	1.3787048368331385	1.1010437308282404	0.03682364620124367	0.7514755258916284	1.3302531776793962	0.25507569482283526	0.3252846271411084
4.166420098531082	5.783508670174375	5.767131604057144	4.182797164648443	4.732682290523218	2.309109482050084	4.024172475315906	1.3787048368331385	1.1010437308282404	0.0039723755556225916	0.42279911411754295	1.6588227714399506	0.07912296148710901	0.21474465309265825
3.2304886395206758	6.168906615639986	5.429695274035455	3.9696999811250677	4.891574834501591	2.353386035529752	4.024249292892111	1.3730172819051047	1.155171552797204	0.07994215868720622	0.6224229198170339	1.7013352991293293	0.7868477263324954	0.055440357657857084
3.5771854962355416	5.948573257694384	5.523695797122427	4.0020629568075625	4.997587310578705	2.315049039163376	4.024249292892111	1.5497297300306325	1.155171552797204	0.07994215868720622	0.5403262884802813	1.481575379308872	0.651071340082975	0.6633495416322802
3.5695263945315747	5.949549013674562	5.4780219244660895	4.041053483740368	5.050459988520051	2.362897889136737	4.024249292892111	1.5937440849319222	1.155171552797204	0.12068960539424808	0.26068067335086986	1.6424088701324053	0.4929984402231524	0.7727188732036305
3.4011807888994574	6.152670023553647	5.529063197853247	4.024787614599834	5.161983885799213	2.228546077210449	3.9700446533472773	1.7305602869002068	1.2089733004054486	0.04135316013336346	0.03302296042693706	3.6957809320912935	0.7417314622477448	0.34479888795296726
3.236414135616649	6.20610815018978	5.472702953047792	3.9698193327586844	5.214582577204255	2.1824877728147616	3.9344843035536767	1.7742490008596319	1.2646462467821789	0.040301520136348634	0.16085371573171872	4.392833366750397	0.9311129925136868	0.2037210545147153
3.1708792638263037	6.307038856192196	5.462381483511377	4.015536636507314	5.220786186784822	2.179024800236732	3.8802015196790185	1.7753501028927008	1.3186057824925697	0.08120887956519458	0.3309255587867236	4.665029024868065	0.9457007333733762	0.04443244807988869
2.94442555647613	6.449064515838445	5.394546174735128	3.99894389757915	5.2844154604568905	2.1368702798792274	3.9214895588680223	1.905829197182636	1.3186057824925697	0.12216966901431982	2.0227097209900484	5.900978692357316	0.6624525793404179	0.2133883174528192
3.0545204219591127	6.224887939582763	5.354674753288951	3.9247336082528292	5.441132960592739	2.088071743301247	3.940047976711087	2.0371349445701648	1.3540705138427895	0.20054058115813045	3.976064969078656	6.801396578189879	1.027658254727339	1.0566674948187242
3.414982428360953	5.979091722284386	5.430624358268859	3.963449792376412	5.438500508449175	1.9962763366680445	3.844573923643265	2.1659084631371486	1.4082565277218084	0.1583581620136333	4.090584876867157	7.607431212150777	0.4473277277683371	0.36713542336783517
4.834478390389032	5.524401544341306	6.327587687330573	4.031292247399696	5.329583735199	1.7461937639327703	4.061236480725495	2.5915792747276116	1.3002738428183336	0.1173488759682557	5.801679427618986	7.392251273581535	0.39047608457608307	1.6143511314935644
5.130016326463841	5.446314870137594	6.459289973024492	4.117041223577133	5.184158382061001	1.6562921821687433	4.11520711949817	2.6757751183041805	1.3002738428183336	0.1583581620136333	5.849434365947244	7.357256138385875	1.4289730504995124	1.4213798600536525
6.18225335393032	5.04997788789717	6.891182713047823	4.341048528779532	5.016546949687934	1.4566531502549709	4.181154733043537	3.009693821855141	1.300496508251742	0.20054058115813045	6.028051961324275	3.767404679253503	5.1346821033922705	1.7811471763354711
6.369859889946121	4.943923512931667	6.8816837203299785	4.432099682547842	4.802453680623227	1.4225268017769852	4.341196777850047	3.096225501899383	1.3007153731196048	0.19817711731395776	5.446666883670655	3.4532195754646655	5.025458448865734	2.7831992008057953
7.588933818102072	3.9656578883076707	6.892791979632713	4.661799726777233	4.852261108191617	1.5326317903579023	4.411191200261812	3.383256963243532	1.4443127895549799	0.2403076186430164	3.723998524696598	4.323773578783723	0.27973148318635727	4.253154188378634
8.003421616366026	3.5304006080777173	6.899276734547069	4.634545489896955	4.932773702065738	1.4565957894605412	4.487339284231701	3.5466257481515715	1.3904804301650693	0.24142539943199914	3.2665953265285865	4.432014387875628	0.9507342451165234	4.711744822911818
8.03565962490546	3.266070361797063	6.776359220639636	4.525370766062711	5.032110730432325	1.4995894504136034	4.5401706406527875	3.5466257481515715	1.4443127895549799	0.20052287064633992	3.2502628856454634	5.384758012724804	1.584006326615751	5.164413514782403
8.281188893329654	2.78648026058865	6.501443275951157	4.56622587796715	4.7403119280087145	1.9266834621107831	5.426693155736764	3.7130936787572155	1.3904804301650693	0.16089448719670438	2.41378333399204	3.374245218529428	1.602234367894554	3.4662184425497418
8.336299434189627	2.6472529339497757	6.434031040833804	4.549521327305403	4.876096947829123	2.0643893238231237	5.487867357894925	3.6717787688921604	1.4242943843356404	0.20401534447486805	2.3100391606971415	3.339018281196359	2.1104440716583968	3.5698716580516994
8.468670001646089	2.1702033197984503	6.4118331200246335	4.227040201419887	4.611256935288764	2.012155158430672	6.12261605888728	3.894493543727055	1.5860734509307421	0.32428024813338946	1.9376440819161607	3.996632599553082	0.49321092265022815	3.165363737139254
8.503159632209986	2.025293309845738	6.288819607188052	4.239633334867752	5.193129932740217	2.121518442341539	5.685653071388395	3.9426334032165977	1.6198239982458342	0.4060320208816535	1.783216756787844	4.06284699683244	0.6143691968096386	3.1428654467158124
8.673559869639075	2.161028568896371	6.715133612713506	4.119454825821912	4.995071511890562	1.753700202856596	5.831258329510572	3.9937364120157985	1.543051932291068	0.3616031442368188	0.965203774635909	3.192991047251995	2.51151810927758	1.9907386020329545
8.364483186841877	2.425981786793513	6.79832210133531	3.9921428723000494	4.819599061786781	1.5251659904448969	5.962264656628678	4.035081256907582	1.3816838152552116	0.3601468803892163	1.0283852203842079	2.946248774346216	2.1640439218337777	1.80084038157459
8.04847795758587	2.4995488963154746	6.528679429283339	4.019347424618028	4.439575324945847	2.369386868451257	6.546723720934279	3.410198618781834	1.3611007843994425	0.31824333823232265	0.5035684890072767	1.5622738666753941	3.395506677852223	1.0290430651175535
6.673935280296195	3.1491037004290914	6.014755566390063	3.808283414335221	4.058208466779278	3.2248141948884386	7.327527863210345	2.6888714822831448	1.360381268326115	0.19604276012885336	1.5352021185766531	0.9315699297754096	3.8449415505908133	1.1347522113203186
6.340818790400609	3.180703079405819	5.8227894877341235	3.6987323820722455	4.0185122705595	3.5310375392712916	7.574752276915689	2.516494577537533	1.4498668641026837	0.1554150607850465	1.751189058837994	0.8344878321349897	3.519176266364956	1.3756932507884696
3.628507040378213	4.8905499242783135	5.5795998512510385	2.9394571134055743	4.3345731468610715	3.5213388693446537	7.921006060023868	2.47119281551877	1.3426969549252359	0.2498254596509664	0.685917635584933	0.01633654895094809	3.2133195617002355	2.783349613175242
3.0223926289670993	5.1729162822227694	5.503459382747052	2.6918495284428534	4.600161940379254	3.584820543216744	7.837559002208239	2.3842621746487023	1.2357780724676761	0.2918423419142196	1.059129051904843	0.38955277965667123	2.4447737010994257	2.357895159532311
1.6854775281560477	6.853257197616491	3.112857742553993	2.0549219269063115	4.686280846549325	3.628392229348878	8.104652011995016	2.2977740888430476	1.3278357067624278	0.40861983911593913	3.5029616106345935	1.8328531675412512	2.955779722509649	3.6031738515743235
2.3958936287645805	6.985415844851159	2.6252790514248674	1.964243164661743	5.02818048278399	3.5856025475368387	7.76318452823878	2.382694271985056	1.3648423569862682	0.5309177060617849	3.418143810725149	2.0626924738899985	3.058906083959664	3.768782231244679
2.024671346681913	6.811943340281589	3.043374213900525	1.7438977796988988	4.461962688705752	3.634263786827046	8.189141726847792	2.29692259547076	1.5289939466848153	0.6882246744347853	3.141449607901073	0.916324724686703	2.2084543668614938	3.5424778338893113
2.161434524592307	6.749218318498444	2.936734997206606	1.651048796699461	4.347589351283993	3.634263786827046	8.289077351197088	2.335568417672605	1.4775001631488092	0.8462703280794183	2.8217532439162487	0.5054927388687523	2.215722562105828	3.925131757965933
4.503561808493146	7.72678269157574	2.533179425539594	0.690041457542971	4.911386564593811	3.430073922877516	8.332036831172497	2.2925222240046708	1.4789738652404123	1.0006924050751314	3.13592930636601	0.8986780187510909	0.013714067276778673	3.1916959499618263
4.247246514231508	7.744006727916307	2.8624270390288116	0.6343331746555175	5.134681055720509	3.198437739391781	7.932814439446906	2.2538764018028252	1.4262971880059367	0.960013194333447	3.063425980132904	1.861210875673742	0.488629675271609	2.0998836808603234
3.2232279637001477	7.216708097507107	3.330911892536351	0.6625682412709213	4.875464281590085	3.4683952732135706	8.030770430439846	2.296665409998551	1.7328159985688403	0.9996656185469139	2.2572414143870145	0.7130786618226446	0.4220140688392939	2.69099282772324
3.1137612069363003	6.940569722460577	3.388016273239551	0.4387922422842086	4.574824738333147	3.484918224877222	8.488943880504783	2.4254191738545745	1.7003812254843471	1.0373367256778199	0.9491810551018416	0.6782640665198676	0.8370535400139744	2.267439568760261
2.35959102973567	6.334919709046121	3.6258328976712275	0.34949578163834727	4.628602478604232	3.888753579524615	6.7245965754590955	2.3389357785202	3.3492028990381524	1.0373367256778199	0.27471121825123535	0.09583025674232491	0.36782290771376414	2.474927524484186
3.8722617828362322	3.88507392619881	6.130742657791871	1.6265930512430948	4.649130418699767	5.095365373501886	6.758070799781664	2.300233042304936	3.380284835620185	0.9589788877511227	0.44443152207455516	1.1340795309498526	1.3950463240591027	0.4686752097842853
2.7829422671525395	6.854046705925528	3.839567253510467	0.23153718526027472	5.203118071733273	4.211185514233884	6.807709168470052	2.3433446886253204	3.382627908703939	0.9589788877511227	0.7112184193917925	0.22346815225081418	0.20517124119523555	2.3831220155181136
4.683881996542229	7.504339326070366	4.16993094471092	1.3494736151827091	5.4809093099207	3.172019596403943	7.367070994432104	2.300037525154617	3.0095551344324574	0.9966995293910907	0.6048188920062604	1.001847861890594	0.9452310096857303	3.021431861700588
5.1914731707342465	7.645680223742308	4.143296054039554	1.689089001031737	5.50976943212005	2.9932709775686286	7.506122027773249	2.256665091596846	2.8206123902565117	0.9966995293910907	0.6773147376149197	0.8365355209936348	0.607499925950999	3.292329102782762
5.385109540893713	7.709387496194397	4.455346127782429	2.1310681724817497	5.3731096274125525	2.6773200999347395	7.423855489115636	2.2554196320601476	2.880131143671526	1.0369521756657791	0.1089649669280587	0.4181658280095513	0.07724176623573209	3.978027573800493
5.117887596607973	7.627499030098195	4.506740453096494	1.9971290196064604	5.321908542743333	2.7598775171056333	7.411810823465997	2.1688064949584436	2.805382021184154	0.9971871211683953	0.2402344804340861	0.8933641627734744	0.08290799694176341	3.7888135834288486
5.206927078011366	7.776661995617575	4.470233586279159	1.9004986686728018	5.400249503809379	2.8472598338415938	7.493724244931026	2.254558584720395	2.5760777129986874	0.9996189881420023	0.8303744702178795	0.20760024995822382	0.09623050256630254	3.7608454184233095
5.196352792387683	7.861299296192337	4.472451800624077	1.8075052968194145	5.396230075325273	2.892081639226174	7.512985427893601	2.34291543226003	2.4611061847808413	1.087975835681877	0.8374629799428358	0.3167036560936053	0.03761631237013575	3.5147270941804427
5.577803694193725	8.208568805546596	4.570498189099839	1.9397330777471378	5.473112754130111	2.8370803486794	7.5426758522625095	2.3848953011978415	2.423529637003003	1.0932079575781004	0.2757228568451262	0.08314590899759973	0.9193011046271077	2.719756523753179
5.673317267054915	8.36492677190291	4.804953369157185	2.1133438643091997	5.500269344602878	2.73604718712855	7.44953965670623	2.341013101255088	2.510358470883943	1.0936089542798453	0.24922046091803532	0.04077567500748811	1.3038994835686615	2.843554956920096
5.658718310764906	8.309404887139374	4.895033735193379	2.2443471588187376	5.453098154023957	2.7331650920838824	7.375801351723456	2.381957519787432	2.5180419776849616	0.8995921240259988	0.6360128876574658	0.05035939785561004	2.072704010730673	2.374802999784375
5.6343587710671885	8.190193681081146	4.8030141884761335	2.247179278462483	5.458432208795937	2.734611832002842	7.517588572281573	2.425589334552206	2.41883137668189	0.8590824640401213	0.6487500516092769	0.013084827554176687	1.5493240642121773	2.4306250334181483
5.64404341769306	8.24681931974081	4.895033735193379	2.292257833145665	5.458432208795937	2.6901879261194552	7.530425804915764	2.4249346857517304	2.303539737415648	0.8590824640401213	0.9007937761472539	0.41851035308900847	2.0923713334763128	2.2454260757758098
5.608321103309215	8.211097005356892	4.80110403632812	2.198328134280507	5.458432208795937	2.7404848206344288	7.732723742464285	2.4685674901023433	2.203696206499223	0.8995921240259988	1.4209636218488804	0.3914743976481856	3.068071850854526	1.8232682161177802
5.34638842476458	8.189159722880344	4.819753548085011	1.9769822499690008	5.422868160775769	2.925341350744447	7.778170812679391	2.426648627135002	2.2356564419883824	0.8545621524489865	1.131082090819426	0.5881441133337688	3.190405797165005	1.8405074436547262
1.3384624059388712	6.691394479712383	6.973688405700085	1.056168479951254	4.637342855467486	4.606540590499861	7.743363135888675	2.817104808921416	2.2222906651118377	1.0106912898766998	1.0435048611013737	0.1047046258054159	1.6827468517483868	2.9507095956823757
1.616194321737793	8.06135525276316	6.354587201407796	0.0905737296210187	5.143990867000537	4.277716096190467	7.889011464131849	2.6462949243365435	2.2749385932259005	0.9279976612805563	0.5706604726611586	2.3968960649246513	1.525305182403966	0.04033233899927366
2.613582687842066	8.393352706322666	5.519886984001985	0.25988303447777883	4.8059835866281055	4.108935174504047	7.931910798805332	2.689277205184823	2.2749385932259005	0.8902912258479393	0.699496274761304	2.092238175777012	1.5194504485373865	0.44756001260463535
2.957327512142986	8.424536093068834	5.333922597637693	0.1332859832872002	4.848357267423871	4.110805927873415	7.931910798805332	2.60318308142083	2.2749385932259005	0.8902912258479393	0.6768142647116627	2.0612422905281913	1.8658868611595931	0.5183098835930554
0.8723320124312556	6.911813385510544	6.59932682660249	1.184818571339204	4.515782962375821	4.655456981721148	7.811786343214514	2.689567940652226	2.55581303537204	0.9277034717506715	2.053209038522536	3.485680741196562	0.9328627028838848	0.20596131841860474
3.6763153379227296	5.932581021623162	7.591373986659183	2.0175223728866127	4.1379173941819785	4.980771433655887	7.76535324293481	2.8608514172418675	2.6957375328043276	0.9675154043486761	2.3514067096107274	2.400439728834249	1.9517461970986814	2.3177143254890025
4.27895826309086	5.8371179290844335	7.704816838119126	2.411259354056334	4.092302199047607	5.061306960511646	7.497766983755536	2.8608514172418675	2.7475316278614237	0.9696093187409057	2.0678602601244473	2.2156621401172174	1.8321732134961302	2.5964010882002904
4.526124968000659	5.655667027677593	7.779528760167028	2.402263235511354	4.186296826748602	5.015704144054206	7.327141331107738	2.9043080348577357	2.925180687945699	0.9272977195813576	2.8189169609896325	1.8523230926091154	2.5177038626695727	3.0916278255694984
3.786044400553363	5.879828807032427	7.507904206567366	2.1579690010183117	4.26951973922876	4.854632822041096	7.276425478803697	2.9043080348577357	3.0278155055443268	0.9272977195813576	2.4191447933350334	2.3664264139313436	2.2043427317949424	2.26151060147533
4.369012421811023	5.600619338977166	7.610494100954364	2.3591376598340124	4.26951973922876	5.05580148085673	7.0869717992832095	2.907817430833156	3.217269185064779	0.9308071155566444	2.8199946625282393	2.6271210260160087	2.6217271116285517	2.3045745425934907
4.161079856301634	5.672686044196471	7.470673059485732	2.3630928410125827	4.223713080181821	5.015704144054206	7.126431105734523	2.9043080348577357	3.231545461451085	0.9272977195813576	2.450843907496849	2.5766771227908594	2.2737638408375145	2.2251449168694144
4.578980050666185	5.407081917767428	7.5387436942305985	2.447318274202983	4.224415401240525	5.013270884990889	7.081600688287835	2.9468386307234535	3.231545461451085	0.9272977195813576	3.29095095613189	2.34145382827796	3.1764456732960666	2.5851627913036634
4.674959253628103	5.347013949244717	7.574654928669893	2.447318274202983	4.222596641574884	5.013270884990889	7.083419447953491	2.9468386307234535	3.1795640196790718	0.8896842441412095	2.914658561078956	2.482286970218858	2.860221246765968	2.48024088380245
5.1838494660949115	5.2509210463424445	7.819336946011389	2.6154335664259682	4.184233311757815	5.096471899242369	7.081832246477588	2.8614126596232463	3.143410107494209	0.84742988031971	3.683311385975754	2.3618400222223435	3.5361078560198966	2.4889290474951298
5.379779154232165	5.2943198187355165	7.924934256287633	2.749164716680246	4.0954644813699534	5.139579508341804	7.036869926611211	2.8183050505237155	3.143410107494209	0.84742988031971	3.976126915339562	2.2814060067676825	3.75150612838851	2.2376216532296804
5.2543179329440415	5.3399985115963196	7.849843802219004	2.7444726423213397	4.140118166370262	5.179541118983266	7.074422603046883	2.8183050505237155	3.1579013764213872	0.84742988031971	3.8048058473435638	2.2462771633405443	3.5403999575925136	2.064337226994787
5.138825374218177	5.3404456012325365	7.7793753353699095	2.699895640080751	4.184695168611034	5.179541118983266	7.074422603046883	2.8183050505237155	3.1579013764213872	0.84742988031971	3.8583958938132277	2.339066179057258	3.532740135913152	2.0622003226727967
5.404613342889447	5.294879769231743	7.915126522179644	2.7843665899415933	4.142148131985431	5.2194350666036025	7.021915924496123	2.8183050505237155	3.208378089356734	0.84742988031971	3.7076880112008257	1.8320079059639605	3.4217122795801793	2.085884716780616
5.379779154232165	5.245035198800306	7.884972645646124	2.7398417073864656	4.146779066920345	5.179541118983266	6.921160746927513	2.945239918129426	3.309133266925571	0.8549465148329116	3.662474375704411	2.099660298485661	3.4217122795801793	1.9996138335061997
5.314431541470185	5.279884903070207	7.898357721675863	2.695958722864506	4.142148131985431	5.216604083334351	6.958706583184817	2.944573040172002	3.21954348530545	0.8599828836666107	3.5283841549900856	3.133095488056297	3.5085488970881387	1.4522001962998365
5.057126120758834	5.28035963122238	7.686104031357575	2.651381720623758	4.184695168611034	5.216604083334351	6.998216530339925	2.944573040172002	3.1820635037654363	0.8199674278651469	3.521783329396818	4.518121650615765	3.589454412771157	0.24226750247303364
4.7847260533563984	5.2850442980621715	7.502138186756693	2.5676321646620988	4.2229459749782485	5.213428040527723	6.99269532507388	2.901856101350101	3.14464923582444	0.8224407027656274	3.316263337238906	4.6134562048113406	3.5319544797470237	0.13686950172682125
4.799732805112147	5.319146385615368	7.502138186756693	2.6167410039709664	4.173837135669463	5.299135229752318	7.0300440202636505	2.8587477386554334	3.1416954662522456	0.7418186692350485	3.1895074206558656	4.109455607247061	3.4693179659829227	0.6902771978650802
4.802096255844287	5.308308863517875	7.4930232135527115	2.61738190580945	4.167672575446663	5.293661368430096	7.0244591893624815	2.81582984767595	3.104412203235896	0.7418186692350485	3.1296372444178426	3.8267921936086853	3.4693179659829227	0.9154338859979522
4.838149967692464	5.308308863517875	7.56914534187295	2.577313489337432	4.167672575446663	5.2535929519580575	6.974278572364185	2.81582984767595	3.1545928202342015	0.7014834389424961	3.1296372444178426	3.7289124599369288	3.403296650532899	0.9014863821143266
4.838149967692464	5.259276209377529	7.56914534187295	2.52828083519697	4.216705229586993	5.2535929519580575	6.924163196837745	2.81582984767595	3.2047081957606847	0.6610952342511808	3.07865524440211	3.684459863505166	3.352314650517219	0.945938978545996
4.593086235082117	5.409098659846982	7.630840246947853	2.3713446479814824	4.1284254448682995	5.14096801184582	6.95684720845196	3.2451288416414346	3.1145915761767675	0.6390235825651011	3.191048518873978	4.402552642563267	3.3194796216078233	0.17704437361608433
4.306273211266627	5.493526035280123	7.594743011432555	2.205056235114178	4.00003307565725	5.068136500280613	7.1287765230833	3.375014739438875	2.512254882656813	0.6454849806113035	3.0177667743452097	5.010979927845213	3.0172344865327245	0.49113135161035754
4.225577464812797	5.493486023904601	7.598876073427508	2.120187415290156	3.955260759432047	5.027547360321821	7.2178285191741525	3.418427059335531	2.614584789268053	0.6888973005080672	3.1222021424123296	5.132241468050372	3.077430186109705	0.6488489697794391
4.2698171333027695	5.4050425384412195	7.558286933468702	2.1165727382751998	3.999464576405524	5.068136500280613	7.167973600703038	3.4618980042299823	2.7156980440066247	0.2845398211820267	3.007296562162394	3.608977199411247	3.0067642743497855	0.8744152988596341
