0	1	2	3	4	5	6	7	8	9	10	11	12	13
8.378807647524134	4.421928320646252	8.094252701478169	4.706483266692401	3.9353991713292564	2.053710302782136	4.240489281029047	2.514297695023892	2.0540152320806757	0.027778770101354777	3.2327005113481375	4.705237969236055	0.5038195476846062	4.540473265804417
8.30698871520298	4.559780391507591	8.119490728597654	4.747278378113089	4.101592243142501	2.00712486870128	4.029639124024426	2.5152913819680442	1.8952212100881294	0.02942176639201624	3.2599115331720125	4.881947378666064	0.6102990078936568	4.161919800667559
8.302148198427016	4.493949540597257	8.007919782082183	4.788177956942081	4.091201877402235	1.9732574711429065	4.093046968926815	2.643075837517372	1.6843675155865823	0.01061313713464155	3.188265760264106	4.915918040004859	0.715068237247679	4.0654851207188765
8.291046763823475	4.442180911705508	7.952932413932804	4.780295261596141	4.098441082712566	1.9822923713180884	4.18759437405354	2.7279448524335206	1.5978748264966451	0.08491534978209024	3.1837300970077775	5.048904852324147	0.769621882049818	4.018511688490507
8.349523033951161	4.232856962639809	7.805496217897643	4.776883778693391	4.249288761650326	2.0864952625208306	4.18759437405354	2.72950465164103	1.5113259960588359	0.08047086208348157	3.0709932978027505	5.048904852324147	0.8209892140867328	4.018511688490507
8.349523033951161	4.180089583387875	7.711396631366864	4.818215985972091	4.2074740522712135	2.1372975563346173	4.245867355053014	2.6924937674786875	1.5476351036906923	0.04270888987690646	3.0170236249691604	5.048904852324147	0.826284958737854	4.018511688490507
8.349523033951161	4.127412562897394	7.666673604948227	4.810261991900222	4.260151072761619	2.1820205827533066	4.245867355053014	2.6924937674786875	1.5476351036906923	0.005383132551402337	3.0170236249691604	5.048904852324147	0.826284958737854	4.018511688490507
8.331880535582421	4.078262415985148	7.599669553294139	4.810473398273308	4.256863668883139	2.2313821360387385	4.2983049058437235	2.612177532632515	1.5476351036906923	0.12585785661910578	2.964817033745766	5.0312623539553485	0.8298954250809993	3.9714148553413766
8.331880535582421	4.078262415985148	7.599669553294139	4.810473398273308	4.204503195373054	2.2313821360387385	4.350665379353863	2.612177532632515	1.4951458019677033	0.08848354142530736	3.0170236249691604	5.0312623539553485	0.7776888338579656	3.9714148553413766
8.331880535582421	4.025669508537445	7.604385013531542	4.753165030588411	4.204812624038098	2.2266666758014058	4.402948858136338	2.531853554294253	1.4427189127268512	0.16880751976061903	2.9662967992257316	5.0312623539553485	0.8284156596010244	3.8770000871751127
8.331880535582421	4.022329025794288	7.5598157095887135	4.794393851787893	4.208153106781467	2.271235979744165	4.402948858136338	2.531853554294253	1.4085759158763331	0.16880751976061903	2.9662967992257316	5.0312623539553485	0.8284156596010244	3.8296819344788497
8.331880535582421	4.071401273098416	7.658277829751668	4.745003978929179	4.243274618975324	2.3024738667008675	4.355064206270226	2.4021535471747657	1.3722668082444118	0.16880751976061903	2.9662967992257316	5.0312623539553485	0.8284156596010244	3.874480294829186
8.331880535582421	4.120383765921585	7.662878545422256	4.789385756081722	4.28850712036832	2.340978757976627	4.260849212054253	2.359047940228051	1.3722668082444118	0.16880751976061903	2.9662967992257316	5.0312623539553485	0.8284156596010244	4.0611089069999355
8.386144296454916	4.066120005049035	7.662878545422256	4.789385756081722	4.28850712036832	2.340978757976627	4.260849212054253	2.359047940228051	1.3722668082444118	0.20902224375795525	2.9120330383530217	5.0312623539553485	0.7798972213761483	4.0611089069999355
8.386144296454916	4.0626242283899785	7.711911199562657	4.736857325282274	4.292002897027262	2.2919461038362696	4.260849212054253	2.3564022431206997	1.3722668082444118	0.2116679408632946	2.9120330383530217	5.0312623539553485	0.7798972213761483	4.108212967048578
8.384113050721917	4.008249680296556	7.655505405736073	4.736857325282274	4.386183877089847	2.3349880008132278	4.166668231991687	2.3133603461439622	1.4064098050949703	0.2116679408632946	2.8561787247796087	4.974856560128698	0.7813769868556931	4.108212967048578
8.399700294256812	4.0061527932143255	7.616607072570728	4.789246014900416	4.333795187471521	2.3349880008132278	4.166668231991687	2.35211902191031	1.4064098050949703	0.17290926509827031	2.749578838106229	4.935958226963447	0.8334912968289818	4.0611089069999355
8.399700294256812	4.0061527932143255	7.616607072570728	4.789246014900416	4.333795187471521	2.3349880008132278	4.166668231991687	2.35211902191031	1.4064098050949703	0.17290926509827031	2.8002186853266675	4.935958226963447	0.7828514496088704	4.013930928272586
8.458089628216733	3.8988705462953175	7.567574418430395	4.789385756081722	4.382688100430814	2.384020654953583	4.166668231991687	2.35211902191031	1.4064098050949703	0.17290926509827031	2.7418293513667042	4.935958226963447	0.8286508029655317	4.013930928272586
8.456335641704158	3.795283727394214	7.462107266531058	4.789512102567255	4.4316705932538065	2.390087597285488	4.166668231991687	2.3951609188869125	1.4064098050949703	0.17290926509827031	2.687225025288516	4.879599914372857	0.8286508029655317	4.013930928272586
8.417331724784827	3.795283727394214	7.423103349611696	4.789512102567255	4.442185336739012	2.43249230101619	4.156153488506444	2.394209195001734	1.4064098050949703	0.1314562852528012	2.687225025288516	4.840595997453538	0.8286508029655317	4.013930928272586
8.417331724784827	3.795283727394214	7.423103349611696	4.789512102567255	4.442185336739012	2.43249230101619	4.156153488506444	2.394209195001734	1.4064098050949703	0.1314562852528012	2.687225025288516	4.840595997453538	0.8286508029655317	3.9666789208573983
8.417331724784827	3.795283727394214	7.423103349611696	4.789512102567255	4.442185336739012	2.43249230101619	4.192395691774985	2.394209195001734	1.3701676018266706	0.1314562852528012	2.687225025288516	4.840595997453538	0.8286508029655317	3.9666789208573983
8.472047365270297	3.740568086908615	7.423103349611696	4.789512102567255	4.442185336739012	2.43249230101619	4.192395691774985	2.394209195001734	1.4042482097529776	0.1314562852528012	2.632509384803231	4.840595997453538	0.8286508029655317	3.9666789208573983
8.585173942710695	3.6799321715069073	7.467611473249832	4.797494640967878	4.389694674700385	2.344877522814537	4.192395691774985	2.437315849564908	1.4042482097529776	0.1314562852528012	2.519382807362697	4.840595997453538	0.8286508029655317	3.9666789208573983
8.585173942710695	3.732512730470337	7.512196030256153	4.805490642925076	4.389576929339723	2.3002929658084357	4.139932878172184	2.437315849564908	1.4042482097529776	0.1314562852528012	2.519382807362697	4.883194734135969	0.8286508029655317	3.92408018417508
8.60103886485555	3.677567097323293	7.468568659010423	4.8100373031683334	4.347663533784563	2.2616690710939595	4.181846273727153	2.4804864045224075	1.4042482097529776	0.1314562852528012	2.464437174215434	4.844114023133593	0.8286508029655317	3.9713321915901503
8.656096333198247	3.5734496977771277	7.468568659010423	4.760977371965106	4.396723464987831	2.2184345226761075	4.181846273727153	2.5237209529403994	1.4042482097529776	0.1314562852528012	2.409379705872654	4.801515286451036	0.8286508029655317	4.013930928272586
8.656096333198247	3.5734496977771277	7.468568659010423	4.760977371965106	4.354733161392886	2.2184345226761075	4.22383657732211	2.5237209529403994	1.4042482097529776	0.1314562852528012	2.409379705872654	4.801515286451036	0.8286508029655317	4.013930928272586
8.656096333198247	3.626126718267848	7.468568659010423	4.813654392455591	4.302056140902543	2.2608998763309915	4.22383657732211	2.4812555992855274	1.4042482097529776	0.09124156125967872	2.409379705872654	4.801515286451036	0.8743727245689831	4.013930928272586
8.769472262891107	3.5127507885750147	7.419284039075265	4.86293901239078	4.302056140902543	2.3101844962663427	4.22383657732211	2.4812555992855274	1.4042482097529776	0.09124156125967872	2.2960037761797816	4.801515286451036	0.8743727245689831	4.013930928272586
8.769472262891107	3.5127507885750147	7.464007065493828	4.818215985972091	4.302056140902543	2.2654614698474647	4.22383657732211	2.4812555992855274	1.4042482097529776	0.09124156125967872	2.3481154419235417	4.801515286451036	0.8222610588250089	4.013930928272586
8.769472262891107	3.5127507885750147	7.464007065493828	4.818215985972091	4.302056140902543	2.2654614698474647	4.22383657732211	2.4812555992855274	1.4042482097529776	0.09124156125967872	2.3481154419235417	4.801515286451036	0.8222610588250089	4.0611089069999355
8.769472262891107	3.5655181678269545	7.464007065493828	4.870983365224212	4.249288761650326	2.2654614698474647	4.22383657732211	2.4812555992855274	1.4042482097529776	0.09124156125967872	2.3481154419235417	4.853001658572462	0.8707704293088981	4.009622534878638
8.769472262891107	3.5655181678269545	7.508807169671123	4.826183261046905	4.291279065245243	2.220661365670257	4.181846273727153	2.4812555992855274	1.4042482097529776	0.09124156125967872	2.3481154419235417	4.853001658572462	0.8707704293088981	4.009622534878638
8.769472262891107	3.5655181678269545	7.508807169671123	4.826183261046905	4.291279065245243	2.220661365670257	4.181846273727153	2.5227646540615134	1.4042482097529776	0.009570249635049747	2.3481154419235417	4.853001658572462	0.8707704293088981	4.009622534878638
8.769472262891107	3.516380756671705	7.508807169671123	4.777045849891571	4.298426172805633	2.220661365670257	4.22383657732211	2.5227646540615134	1.4042482097529776	0.049732506476446246	2.3481154419235417	4.853001658572462	0.8707704293088981	3.915192548736033
8.769472262891107	3.516380756671705	7.459430465069745	4.826422554493075	4.298426172805633	2.270038070271719	4.22383657732211	2.561459543866793	1.4042482097529776	0.048411931877262365	2.3481154419235417	4.844114023133593	0.9193572088856936	3.8767540381206693
8.730314567256098	3.52002367245477	7.42027276943473	4.830065470276048	4.2947832570226545	2.3132737692242378	4.22383657732211	2.5182238449140253	1.4042482097529776	0.048411931877262365	2.297478238932759	4.804956327498578	0.9242818128528223	3.829353643535246
8.730314567256098	3.5692452724509685	7.46964947403615	4.8299103656710125	4.298136224315978	2.306427660488695	4.171262010032447	2.475693249048317	1.4042482097529776	0.048411931877262365	2.297478238932759	4.753378652110905	0.9242818128528223	3.8783952427201203
8.691079695975215	3.6183760487908994	7.430414602755246	4.879041142010815	4.2490054479762485	2.3496002265933593	4.20743746476536	2.471159514323712	1.368072755019876	0.009773100511263245	2.297478238932759	4.756804555681422	0.9242818128528223	3.835734467868699
8.691079695975215	3.6183760487908994	7.479714085108796	4.829741659657356	4.30165717103627	2.343409214367759	4.154785741705367	2.428051044195702	1.368072755019876	0.009773100511263245	2.298958004412927	4.8423571308679545	0.9714712214652078	3.7501818926820825
8.707055108876288	3.563088397485685	7.485286442384714	4.784857063977088	4.30165717103627	2.2985246186874675	4.154785741705367	2.428051044195702	1.368072755019876	0.009773100511263245	2.2959722161256386	4.8459370144903025	0.96791631233549	3.707289770655545
8.707055108876288	3.616036922986481	7.485286442384714	4.837805589477965	4.290663850380045	2.341121036449987	4.112830536860854	2.3854546264336913	1.368072755019876	0.009773100511263245	2.350043523245825	4.975078653389657	1.060553703869145	3.7586501238052343
8.650630175445311	3.616036922986481	7.428861508953751	4.837805589477965	4.343375009241818	2.3841661742501055	4.060119377999071	2.342409488633033	1.368072755019876	0.009773100511263245	2.299139360237103	4.9618565627514934	1.209654686871139	3.808257881827333
8.608394115864051	3.6718940018125474	7.389443215465254	4.890844902211339	4.332195951720422	2.4695524612921935	4.071077081058288	2.2570232015911618	1.3676539949057127	0.009773100511263245	2.4108026684147026	5.096032114538662	1.3515693091019936	3.8623762037291574
8.566069147653632	3.719659406150946	7.497404363565941	4.788324190238383	4.381794926766618	2.3650773138438996	3.923723717562755	2.214041206888856	1.4204719531771932	0.009773100511263245	2.5770193130170327	5.327115829108009	1.7392245557191568	4.194300571371353
8.467222828884458	3.7224996553708007	7.356492752221196	4.8332297320341855	4.3400297802543095	2.4099828556396234	3.9127374988117487	2.214041206888856	1.4732233184406849	0.009773100511263245	2.686859728910781	5.363361111191988	1.784194475651513	4.390437956456308
8.458726534848294	3.6495475144392375	7.173412041679067	4.934862007608652	4.158527861509586	2.3609911792400995	3.8711463759010916	2.17540237550855	1.5456924081218912	0.048411931877262365	3.05525834606487	5.584261284479757	2.015100575058423	4.601721163660475
8.434886381371776	3.59336742777024	7.13830404022494	4.889949768917112	4.169528467378738	2.316078940548339	3.8766394593435107	2.17540237550855	1.5291987188103284	0.048411931877262365	3.112018953117035	5.639431999168191	2.111170758378939	4.61082108019937
8.319955731338652	3.6563160594726325	7.081968487376449	4.894303303434641	4.218232040385743	2.316078940548339	3.787206183634384	2.136707485703499	1.5655748869948962	0.049732506476446246	3.2255203076977943	5.6801711566492505	2.010776521674113	4.513746369870043
8.33621238852315	3.64102276941938	7.034450565922222	4.942784592020395	4.162771347459142	2.2671573889632226	3.8179493122066526	2.136707485703499	1.5793138649816585	0.08994723047984875	3.5556245521836	5.914710543592621	2.2566552959270307	5.061007399121324
8.223881591932273	3.64102276941938	6.92211976933132	4.942784592020395	4.162771347459142	2.2671573889632226	3.8179493122066526	2.17540237550855	1.5793138649816585	0.08862280962222552	3.5556245521836	6.0891910314182045	2.3638711965557966	4.970212720332816
8.02884853789213	3.8369507042262923	6.875594334824748	4.9902049072938155	4.235405882862216	2.078382643461261	3.5515896429186613	2.1791774125942345	1.5268802626023292	0.12731769942878113	4.233997728098783	6.174229538929665	2.522548925641186	5.602376822341584
8.029539891287703	3.8236007524838658	6.965270027955573	4.88787061581604	4.329050654471817	2.018408366978473	3.4146617965267576	2.1322292126222777	1.5268802626023292	0.08862280962222552	4.291472683882692	6.164892029617538	2.4737478915730513	5.6632826038095025
7.677276461842634	4.046068304401453	6.835823313707497	4.887521452536438	4.42973400960059	1.970021499657687	3.2296316297249152	2.1322292126222777	1.5291987188103284	0.12888613881906208	4.586907828090656	6.018940208036582	2.8981265528059117	5.722219477086579
7.536491889586633	4.105141393062718	6.799148543483053	4.842484739166329	4.42973400960059	1.882195102336882	3.1932554615404825	2.175018896573101	1.5315219701522502	0.12888613881906208	4.769782168992936	5.979337346037662	2.9591183808667525	5.943203970950853
7.137702247023585	4.392580411995416	6.731321185454346	4.7989614735648365	4.418177487846468	1.828428240471893	3.1517787030801965	2.1322292126222777	1.5315219701522502	0.12888613881906208	4.8018015649618855	6.273892199758151	4.349933419304021	6.6437318316604985
7.081334272388966	4.448948386630258	6.731321185454346	4.7989614735648365	4.459576685985476	1.828428240471893	3.110379504941233	2.1322292126222777	1.5315219701522502	0.12888613881906208	4.871047374330322	6.22136666168502	4.42635445810206	6.759201429953725
6.519962556994154	4.725544149736062	6.611680154252214	4.633826552478079	4.5103461517305306	1.854333776064837	3.1589755607893197	2.0041781093510576	1.5476351036906923	0.08862280962222552	5.448155305519172	7.186943804062259	5.393578683827257	7.423748257719603
6.4639328627806805	4.773333986442984	6.651281295224114	4.585985553999472	4.5038212248115554	1.8013019312021168	3.1177106510012793	1.9615791190283274	1.513547589257647	0.08862280962222552	5.620136568410331	6.980161371679991	5.3648170029792945	7.692020675474974
6.219080828782896	4.942653332810364	6.422223273439199	4.739510888154021	4.398073788755679	1.8490798293006383	3.154019758633436	1.9615791190283274	1.4772384816258841	0.08862280962222552	5.894537386453348	7.200962362668285	5.897078257877038	7.517215914202853
6.177140073854963	5.048753709438088	6.380282518511303	4.845611264781639	4.345494801963487	1.8490798293006383	3.100498368797816	1.9615791190283274	1.4772384816258841	0.08862280962222552	5.963167260305556	7.106247340789423	5.978920220388968	7.414080315914827
5.973542762965199	5.283036736371301	6.3493863077977855	4.907193191538756	4.286774403543382	1.8519413576376993	3.189584420143254	1.9615791190283274	1.4222399447133716	0.08862280962222552	6.207760366099952	7.328364460195686	7.267696611255789	8.18512064493305
5.815683855723917	5.398731982260321	6.307222646445363	4.907193191538756	4.286774403543382	1.8946672248848693	3.189584420143254	1.918853251780988	1.4747916821725424	0.08862280962222552	6.217210600098722	7.3366813086261455	7.3509405085595265	8.212451870258796
5.489871267698426	5.5076060340152235	6.0847714958561	4.912705805857487	4.150837803014971	1.8468096506349674	3.272150832103019	1.877348130829699	1.4407321305063843	0.13012793057837946	6.456684190963543	7.6956922367498	7.544376797221367	8.270875812490804
5.520566639240205	5.548722559956439	6.055410253867574	5.013878945328928	4.008265465404552	1.8468096506349674	3.3135500302420238	1.877348130829699	1.4407321305063843	0.13012793057837946	6.634703716102047	7.828541303016549	7.4982749494600265	8.075793574673625
5.081225387615461	5.5351737354869375	5.695378191904818	4.921020931197514	4.008265465404552	1.7539516365035823	3.3135500302420238	1.877348130829699	1.4066099720108496	0.13302471585911557	6.825597811864195	8.151657933697964	7.689748409954281	8.910913042136858
5.226365011294758	5.416153072323885	5.721497152421114	4.921020931197514	3.9252342135909046	1.7113528354075136	3.3603649319571907	1.8397951284504237	1.408641408274821	0.21317651933690707	6.894395221884535	7.456388614200581	7.480984052376659	8.75134264764886
5.32679090299394	5.297589807489332	5.7033597792856305	4.921020931197514	3.871612013662981	1.6688182337168453	3.4139871318851136	1.8823297301415653	1.3743935902244533	0.21899372017798804	6.374439714448817	7.002545565619483	6.815546857109938	7.311454785400351
5.399058349545464	5.190765307331024	5.671440999607405	4.918382657269112	3.9193258990023883	1.7568119278932195	3.4139871318851136	1.8781143184470548	1.3743935902244533	0.18029104911021154	6.145358875167772	6.905950040797111	6.789689504409173	5.4189504161321445
4.637714279231329	5.488850091045159	5.4450136667887366	4.6815507034877335	4.068500557998468	1.7121369161342768	3.4139871318851136	1.8351320354213252	1.4271200915243658	0.22072440973665988	4.639813404743182	7.529512727828967	6.096435062403343	6.454840915388664
4.4209081991770125	5.656029551007758	5.387205456277331	4.689732293907494	4.110198132831877	1.7098859670667723	3.31881043860368	1.7920854564606508	1.4271200915243658	0.2612107129348322	4.646905689982024	7.37203216442556	5.665394285309755	6.8876371374013
3.444876663650723	6.211229201069781	5.158666743365094	4.497439121355314	4.265348931035832	1.6621746414947771	3.3013468669125934	1.7489744858945528	1.4436933199693402	0.3048419219018177	3.5055122819391977	7.060648353053254	5.64457353887044	6.251395265313189
3.430361215427255	6.31745228962311	5.29589941762807	4.451914087422463	4.306805426839596	1.6166496075617391	3.259890371108925	1.7489744858945528	1.4965459992284673	0.3423424011404376	3.4983060331581775	7.154167545789258	5.78466302305151	6.193669902560146
3.3917100279610572	6.210996597419677	5.204191777297964	4.398514848082867	4.3602046661791585	1.6598250653983861	3.259890371108925	1.6670963569869302	1.4965459992284673	0.38104507221137635	3.214219463398936	7.548984723831042	5.1944289077348	4.503564746217047
3.398883462638242	6.104520204368981	5.1103116718071995	4.393091995200245	4.45489328483199	1.7509520106421266	3.2185115098175694	1.6238563162214796	1.5494618023012776	0.4248974853556445	3.219458291182955	7.502991522818614	5.08947936066277	4.51618421601326
3.119093186445396	6.300007254710989	4.97817956753626	4.440920873620218	4.509804013359287	1.8950704788812702	3.259890371108925	1.6238563162214796	1.5494618023012776	0.5064637431269738	2.9802976700958066	7.593879586834901	2.670162835191127	3.0005641394863902
2.905310849766778	6.371135785818894	4.9420171649824205	4.33442947060318	4.6644878729057195	1.9865676547558122	3.259890371108925	1.6220045767213316	1.5494618023012776	0.4650107632828293	3.02555763142594	7.671716548675655	2.0062761808787317	2.7353868340827656
3.043774431041869	6.443106617962974	5.1981454418616355	4.288735607143043	4.659214504693128	1.989779093933523	3.3135500302420238	1.6601843886342889	1.5494618023012776	0.38550210828792286	1.978771143808957	6.660496892315032	2.0194012400579453	1.7600846620902104
4.29147642617437	5.359430850279961	5.313821202451665	4.337086074002695	4.617737746232872	2.0381295607931875	3.3550267887022076	1.6601843886342889	1.5494618023012776	0.38550210828792286	2.715323213906126	5.007553418700255	0.5975009532087471	2.736344238565343
3.455696536502105	5.910467907065298	5.127803646499136	4.238360797068323	4.6292593325050255	2.0794159170833972	3.3965812820558	1.573248835035039	1.4623196304779162	0.38550210828792286	2.316549208304372	5.440091553682976	0.7363970659541647	1.4692232412518897
2.2714988350470606	6.754712337064907	4.893733666880906	4.1324775052312495	4.681520424414087	2.1229813881985895	3.50311411517125	1.5711884848711464	1.3407662853071762	0.26569541234918004	2.125803206930456	5.9860081341310405	1.67903124625717	0.7560917709049831
2.4743735355350873	6.594456201445945	4.989096238933245	4.07973349804797	4.5788985590573095	2.0746264894193747	3.610125088932171	1.5711884848711464	1.3407662853071762	0.2249880143029437	1.1826169375028455	5.974648842232068	1.4858509730652034	0.1786353539199823
2.1134372337348215	6.692547723342499	4.884042645807719	3.9219423112695697	4.635022983323775	2.0691961925198568	3.6467529468720734	1.569902124827722	1.3575273535674226	0.18342683493484663	1.079382058966797	5.639864713988844	1.2938348518202571	0.1963031379623333
2.491751563748025	6.432768483351047	5.002577735829504	3.9219423112695697	4.5284778689761085	2.1128257391556904	3.7532980612196694	1.526272578191984	1.3575273535674226	0.18342683493484663	0.058599235216595345	3.1511597057446545	1.965197039979725	0.2792354064842186
2.7476927309635504	6.2833006992108995	5.063393194559673	3.967600235614695	4.475321526563327	2.158483663500699	3.7703048387051736	1.526272578191984	1.3407393565874186	0.18342683493484663	0.08728612079516343	2.3811009479776697	1.844416141425417	0.2503830096705456
3.144470900097165	6.086534911469205	5.215132034756568	4.015873776809798	4.433553208974128	2.206757204695844	3.81207315629442	1.526272578191984	1.3407393565874186	0.18342683493484663	0.08616842573362832	2.0716015086309674	0.9706372019595464	0.570076371448193
3.1837008552585284	6.093952032843608	5.261779111292501	4.015873776809798	4.433553208974128	2.206757204695844	3.81207315629442	1.526272578191984	1.3407393565874186	0.18342683493484663	0.20683433247401098	2.0743350439730768	0.7957197501776856	0.34866536246767843
3.4300952965926204	6.033181381560248	5.447402901343118	4.015873776809798	4.475321526563327	2.2922542639877697	3.7703048387051736	1.4407755188997475	1.375120695883689	0.14277279591383743	0.19554466419830668	2.6843195788833976	0.06984188016672002	0.5435187761544499
3.4762613067389556	6.0814447921760655	5.54184245268439	4.015863646230543	4.427058115947425	2.2439807227924415	3.7703048387051736	1.4407755188997475	1.375120695883689	0.18032648917689897	0.18817957025754065	2.9561438282708368	0.11055828326366629	0.8246663207116249
3.416986029092302	6.0814447921760655	5.482567175037983	4.015863646230543	4.427058115947425	2.2439807227924415	3.7703048387051736	1.4407755188997475	1.375120695883689	0.18032648917689897	0.20104729598326856	2.27641556202869	0.15453817215372576	1.021402218410209
3.416986029092302	6.0814447921760655	5.482567175037983	4.015863646230543	4.427058115947425	2.2439807227924415	3.7703048387051736	1.4407755188997475	1.375120695883689	0.13972989585745274	0.27479308777998	2.169859465956646	0.13981945902867512	1.0216923248633798
3.363632499183375	6.187316363215662	5.528225099383128	4.022723763016003	4.374540074817083	2.2420147442031557	3.7703048387051736	1.3970835731446076	1.375120695883689	0.18032648917689897	0.6551173815125694	1.9589856817591917	0.24125736522213276	0.9828437308031871
3.455726827189187	6.139060449542352	5.6203194273887975	3.974467849342569	4.422795988490258	2.2420147442031557	3.7703048387051736	1.3970835731446076	1.375120695883689	0.18032648917689897	0.6645098719282649	1.8809347272464725	0.28962353726797	0.8656685671214717
3.7297390983350547	6.139060449542352	5.89433169853471	3.974467849342569	4.422795988490258	2.2420147442031557	3.7340884886066372	1.4387008807539328	1.4113370459823835	0.09507797260211638	0.40094140009571383	2.397484327325236	0.7150689913111379	0.9489301959729199
3.776761819065602	6.1266734098936535	5.928912355471415	3.9745228734879685	4.469368385636188	2.1927728135661093	3.639260177787353	1.4397419218628187	1.4456549835567718	0.09507797260211638	0.3391154985479133	2.2788542831062046	1.5575067352240128	1.0431841868240859
3.8156549723824784	6.115069957383184	5.963002960993553	3.967721968772224	4.473711338496746	2.1903148617110477	3.639260177787353	1.4367593552743099	1.4456549835567718	0.13551636046997118	0.5166945622814043	2.258154374728577	1.4976048855470772	0.9380973042419583
4.019471467701987	6.001382612253681	6.007542584817103	4.013311495138586	4.515306027464865	2.234866477465471	3.597665488819239	1.4377972658860885	1.4456549835567718	0.13551636046997118	0.4515298400352188	1.9337211691389062	1.3763408332683345	0.5235349484627755
4.071405150840807	5.94195285432949	6.006955690312962	4.0064023148573185	4.620923710501287	2.280379558447849	3.5444700670462	1.4377972658860885	1.4456549835567718	0.13551636046997118	0.39323087403349694	2.2583256526764615	1.2185324660151573	0.803213245521153
4.012754328842577	5.889618606868534	5.902868097892507	3.9995048378184284	4.673257957962223	2.325816328869849	3.5444700670462	1.4377972658860885	1.4456549835567718	0.17605147253490552	0.14892967312059657	2.5622797931285755	1.35048993191367	1.1658182079718835
4.040797142668986	5.9436321676690875	5.991810245922857	3.9926190644152997	4.72550432598311	2.3276178095987548	3.5444700670462	1.4813563797751264	1.4456549835567718	0.17605147253490552	0.24518789107397151	2.4896202651264843	1.106594804219738	0.42461178987329157
4.039690935482936	5.9852809340401345	5.945901957277913	4.079069912245015	4.7295466786486235	2.4181110100942544	3.5444700670462	1.4813563797751264	1.4456549835567718	0.17605147253490552	0.31922258371750345	2.554685999811458	0.8376764280657558	0.2709688066667527
4.128588106631548	5.6742031742324555	5.8098897846570345	3.992901496206823	5.0406244384563275	2.512730592624082	3.4916003657995045	1.6116461410142804	1.4985246848034117	0.13551636046997118	0.3893991800325537	1.5045845962526383	0.2831847221140783	1.762933458110298
4.128588106631548	5.622660883461013	5.7204526895853185	4.030796300507003	5.0921667292279285	2.5156298918694837	3.4916003657995045	1.6981839368406646	1.6043499532763505	0.13551636046997118	0.3893991800325537	0.8926010899449518	0.01875475529022418	2.2527557799721465
3.2508578679449966	6.034814977093513	5.330164999317937	3.95550784572056	5.255896784257896	2.515874738823057	3.5860455319722657	1.8695692853157184	1.744804529837796	0.0908281195782799	2.1361224079462766	4.712848323751535	0.1299366703314718	0.9623660510181129
2.589575525370353	6.4945827263022196	5.275835617263841	3.8083226344088974	5.313543159078425	2.4250725477437016	3.6806349956201663	1.9124854609681405	1.7982681644213134	0.12818241270002528	2.725552835489594	5.1632501734516625	0.37928819478659137	0.7839060301074425
3.2389459622951433	6.1404733525191375	5.48448654773734	3.8949327670769094	5.213080547785836	2.229624669700053	3.67485796792774	1.9991360374214022	1.7623953789890523	0.12818241270002528	4.604375594348012	6.472190986775585	0.12133823764765617	0.15429629913234658
3.5217894998493113	6.180133992746901	5.762350599231687	3.9395728933645264	5.21852439670952	2.226339210536187	3.674532845413902	2.0408052783765167	1.7093510671281023	0.08651317173994034	5.1734006530596375	6.980761189388874	0.5216116254446374	0.07096547479579235
4.920454158539723	5.6749033502730954	6.615135341380669	3.980222167432057	5.1118629604330135	1.7197059423977274	3.7811942816904853	2.5880878205828974	1.7093510671281023	0.04609211130196859	5.562449063491898	6.563682930175056	0.4946868887242395	2.3266798734983025
5.274875319445607	5.616473322908081	6.772314256584875	4.119034385768605	5.102257840781134	1.6418367337494222	3.73961881676451	2.7119194220348857	1.7093510671281023	0.12818241270002528	5.610586145230542	6.6026592842600405	0.5476866622598406	2.7678031634053712
6.268500269816826	5.0767555676472345	7.011742248321682	4.333513589142521	4.994874653841423	1.5304690250732047	3.8503424759203475	3.041106806300435	1.636843582189341	0.1654840032375676	4.399824283793944	3.019416337225633	4.885773588491489	2.5954068977809355
6.470628255486018	4.914346789199411	7.008112402784279	4.376862641901186	4.784762286760886	1.4907416594932745	4.00741053113963	3.1241832246397063	1.636748467667755	0.1654840032375676	4.013563116857971	2.6313468597288154	5.003747523279749	2.6768816225770884
6.52044262810834	4.869018124358219	7.0636876112069835	4.325773141259786	4.78351284757539	1.4484815181482071	4.059749470966476	3.1278128023138807	1.5836721021505074	0.20411456690719734	3.7490788225541705	2.588275077592433	4.531842248101372	2.2113279062976314
7.055292300418452	4.036126339239063	6.7486847968744	4.342733842783147	5.285529338197731	1.7837726687976512	4.075033105539417	3.4159502736564455	1.6728398974243222	0.20411456690719734	3.3938500611483695	5.198964695711979	1.7488688093359426	5.179631471157991
7.316197359592528	3.825862076636259	6.766595650151284	4.375463786077596	5.281280898765324	1.7547356479119198	4.179183113719164	3.5776188065842227	1.6198265715177111	0.20411456690719734	3.070943566824151	5.2668755616034435	2.2072705715855623	5.160411881316688
7.592518583461382	3.0855969320355063	6.4924743690206554	4.185641146476368	5.350258443402809	2.1318706059897767	4.7448515477993745	3.6566265225970658	1.6727632141011646	0.24573187451785483	2.651996490799097	3.9993975790009797	1.5255087132988019	3.586383928223863
7.690709421777548	2.5104272154521903	6.261893566447533	3.9392430707822843	5.0357425279028405	2.345514332606445	5.667162464568226	3.8354522231639527	1.745396895079167	0.2872930538852583	1.9967411455840243	3.849728706174299	0.30296894726299095	3.000732008376259
7.712433692989241	2.2204958351252517	6.09941731600643	3.833512212107945	5.14491388777426	2.4045118816714295	5.827490377158285	3.932921844404319	1.765349288247828	0.36749699846730605	2.0492117388179847	3.923923570619797	0.3480898785491303	3.0227840640575576
7.879349112785997	2.42579548889301	6.421604428431153	3.8835401732479684	5.325576663496817	2.347414541016907	5.784564778070918	3.892523515717695	1.582115366713916	0.36749699846730605	1.5492779342936398	3.0728700259446695	2.332489366890705	1.3010611230346987
7.863490427571086	2.5760846849695027	6.4581003181108825	3.9814747944298556	5.394808436096591	2.474244550354879	5.706875459451729	3.765693506379622	1.5265219609092993	0.36749699846730605	1.497945601324841	2.874940956690952	2.192313921954795	1.3044911935995513
7.6382039484093625	2.5766777672759362	6.216358823301679	3.9985228923837117	5.226581968905334	2.8245504428333215	5.921157245783155	3.4784910309950625	1.5265219609092993	0.16593780309877648	0.6079205850359537	1.5420540621439098	3.500087830016065	0.21329883682706893
7.4330789563794495	2.825963857436109	6.308310049280236	3.9507327645354837	5.07352474064474	2.795435614509816	5.982221364570873	3.314523968366791	1.4732233072788274	0.12578314456083758	0.22585162189404423	1.2980377993469863	3.605441935800934	0.27293599412212854
5.780005837291988	3.558766058238287	5.91101270528581	3.427759190244372	4.303079925438181	3.3327888735215074	7.239447346880805	2.81867976413124	1.5622512388129315	0.07582269717000503	0.9643634899905678	0.8594274100900828	4.046562984344052	0.705111993249835
5.416332761253178	3.7298687869864433	5.770897578889327	3.3753039693501976	4.540034852898267	3.416464417524664	7.096540870725047	2.7765974505378703	1.5094157144662896	0.11571674587451143	1.1130225429558183	0.8710910319981354	4.236293804369869	0.6670071771457923
1.9219312946474174	5.85190403511074	4.945384239344517	2.828451090413693	4.795770396755726	3.285898551581943	7.26170967741997	2.8174746695159447	1.4401917183815884	0.2747742340509293	0.9981957589835393	0.08294613790403457	2.6545779783631063	1.5540239599534398
0.028651200148977256	6.608686632115321	4.074753310181416	2.5052821217701027	5.1063568387927845	3.2327420338514434	7.219934169570965	2.857838352695241	1.3875433226783536	0.4724553788795525	0.9441697951428142	0.3080336182013347	2.257287395285727	2.826372202480594
3.4402627038543865	7.084877242543603	3.2751799135035546	0.3694346251849705	5.336745583721325	2.6330617164341654	7.995478309616017	2.475862017617826	1.1273851534490245	0.6304143951307052	3.4923736187904018	1.4395524088355582	2.4101555627308318	4.010518713738803
3.7646792750128117	7.120954201036304	3.5558149956150964	0.19954006959179516	5.369493561085844	2.451186033797857	8.179248576554992	2.3052812497801405	1.0231465523195817	0.7072740755457836	3.605319251668894	1.1786447387271353	2.2414381725808075	4.1583699422895375
3.4944701553401534	7.316126349391464	3.821656194051528	0.0	4.273441101020652	2.452300210347254	8.532910045386249	2.3478789100175663	1.4538172465097896	0.784138738476683	2.935367673566253	1.092041933992933	3.0213718947420483	3.5300360272613713
3.699811440660086	7.33879843595985	3.861723936306429	0.22273694100793784	4.677624217519127	2.3651855341604473	8.211281668065254	2.3058751652791494	1.3859538590724296	0.7818021043582151	2.6946751871965176	0.9483342782747921	2.660964708278403	3.8195377911757955
2.766279301789188	6.7155422419274124	3.5124788428024605	0.43678409733522555	4.266583622911339	3.277620738863528	8.802972842779067	2.3912614694057455	1.4917734164709255	0.8993478815189955	3.242090256441242	1.6145121543320418	0.27048656585450787	2.897566384202839
3.809453999238952	7.22682869288987	3.3745286997148316	0.042845993937327895	4.742963844693103	3.2715466575277405	8.671986514587118	2.3487913409317196	1.4917734164709255	0.8993478815189955	2.4238053294478954	1.303417930664253	0.25794834713171977	2.9018719918378655
5.206797715022569	7.728529763775014	3.2461766159368177	0.7244445671837939	5.4562916957700525	3.3056193794241735	7.762241841241175	2.3076728549226586	2.248724190220192	0.9734849497371713	0.8724306445808214	0.9929045679489868	0.9815848628495281	3.179228288454946
4.293201726359328	7.3192704952679435	2.838384180317104	0.18768458859142045	5.168174628231667	3.9312410772075657	8.02545331104624	2.3086969795266943	1.9781108143484551	0.9319758949613116	0.19219170639138877	1.6502759079529858	0.5524028509910992	2.447310931862441
3.6934890946690997	6.859134523389502	3.068555972090028	0.09708945662707859	4.9922565255567015	3.883179124626611	8.267171614831073	2.224710820301619	1.9123106132386798	0.8905229151157904	0.289040644693252	1.4791572930217332	0.10460265844578283	2.0823388881410634
4.9209457215548635	7.4343537696025095	3.615424464943086	1.102016416895147	5.649491179196902	3.4284283790906245	8.162902939303853	2.186400194860832	1.984565484989307	0.8475959337281816	0.3711712820372819	0.8599192680747051	0.5037038276481338	2.9459737205877126
5.174696899709386	7.444820175984148	3.781912016337769	1.5117887400634158	5.805466782304534	3.3901150670659876	8.096261013543296	2.0168252892366256	2.036036856302923	0.7670052031918254	0.37072233602015425	0.4449670851091787	0.5594478123024732	3.079328000885064
5.210661359324808	7.448380675899937	3.912048222986395	1.6743289064112026	5.750820182508931	3.302832260219185	7.914753884911518	1.9765577891268329	2.100378654716476	0.8073842593123121	0.2916014819705407	0.17005284119790312	0.8609534088197338	3.166229774134991
5.292724321884743	7.496277093889932	4.132744101252723	1.9291913292475693	5.701032181031747	3.300333880998008	6.766810266389135	2.1439243283107072	2.9379360614988936	0.11229332661472455	0.14245456489709835	0.5045681917472041	0.76214630231279	3.5642407751024696
5.311864934580465	7.541457500378425	4.2705816589729055	2.040989093174646	5.769594246006298	3.343510699997418	7.349015242032556	2.2692309411773794	2.4339808459910364	0.4398562355267396	0.24688166851432333	0.20313847400348314	0.5632427123939032	3.1363165855725272
5.508269924489867	7.891327781988131	4.556875690356516	2.1738178328584223	5.592844309799245	3.2923385003852665	6.702236077162889	2.394083067740309	2.772854695436691	0.6079821078666627	0.2818154055860148	0.38760737626420505	0.9059270107582467	2.7817702985025394
5.403405123473952	7.842306802970455	4.738294133942902	2.299392454446189	5.622640512620693	3.1539011656019484	7.055266518337863	2.2660559703251915	2.554554536469997	0.3748943316008676	0.5593143112935615	0.22947725937127522	1.2426312352413909	2.756847429552846
5.451916872028739	7.981989845108765	4.834172469027081	2.3040994959466397	5.622640512620693	3.149194124101369	7.260879988458163	2.52188775517644	2.0991739026054788	0.3931794665980398	0.030539252962903662	0.2738267293653464	1.7266296638466223	2.716183354069031
5.441223891150971	7.97697339409187	4.835463847343095	2.2997143444022012	5.662407149428803	3.236716872003483	6.733944331053355	2.6072154516692	2.1311526634577973	0.23915501712258577	0.35672954032158216	0.6033698716003627	1.5231756596376542	3.046385766591755
5.323237393096505	7.966989839756846	4.986859024021026	2.3431065773605955	5.664235875071345	3.1944413211548532	7.081413696561368	2.650609798085962	2.0876387577785054	0.28170835630355195	0.1625414585527314	1.0558754372017891	1.501716951860456	2.495770196493447
5.375941836993653	8.079497571716836	5.041819997500235	2.3382642627770007	5.578210846989396	3.329593882688987	7.2269315712395485	2.8222295844030625	2.1620321309540285	0.38240992448555233	0.06289150857900636	1.0668414451441153	1.75287952799178	2.409302514416231
5.43333635672321	8.139378609407173	5.13175039650712	2.4257081438230235	5.666038200554618	3.2860919003966593	7.274964108458287	2.99127311967648	2.198097583561408	0.4335157163804424	0.01440548849128292	1.5267653922085231	2.6611790925267282	1.9539100590314855
5.3697250595934145	8.211539818197013	5.266879432639714	2.4250646740361277	5.667814111954264	3.3741539852388933	7.32344322574732	3.165537390748593	2.1364392458647994	0.16636358448424346	0.14095718812979247	1.7006408575117822	2.871820734653902	1.8383466729751825
5.371721736596977	8.206215041004127	5.131338022775258	2.2968447183679888	5.764019454535003	3.5983228668739646	7.033531869322232	3.8660138232296553	1.7410823714768944	0.3766296173504524	0.35007570639083563	1.7762677449752575	3.41419816386983	1.429520841111346
5.249258393735035	8.172011150721948	5.263282873696563	2.3405301167095973	5.721037459832713	3.5546374685324937	7.172814530833864	4.038442666007902	1.596302072900315	0.08860710250928841	0.1372310042953604	2.0130438727815867	3.847382272092339	1.5116319001951206
2.611111848930785	8.299835676269115	5.550251175688905	0.138472651651836	5.076244330762258	4.48194836313743	6.804845352320196	3.4988028069626917	1.7199516344378312	0.8039085586659883	0.0011178525221568693	3.1843607236411327	3.3562211520663765	1.0016224623194414
0.2923904372739004	7.3674513430030295	6.084717253674967	0.9903436520531934	4.802741115653089	4.801814617258077	6.690205663111334	3.3672654314275063	1.80846302624853	0.7683478506161346	0.03132933594993517	3.266332673224845	2.255879805186935	0.009087644184427812
3.0438806445214546	6.343828303266863	7.436543415747623	1.9511655320406949	4.612572104693278	5.231136671532165	6.6078961834568855	3.5353107559734576	2.238035809641091	0.19549673930478398	2.9542304357285545	2.4277203593231347	1.0442064912479552	2.7082265646782724
4.491000635455171	5.828439873201265	7.890807006945991	2.4286335017103178	4.317260865335302	5.459215955494405	5.979860986537529	4.9276907587091765	0.10076071360739454	0.059038492340006736	3.985558925600508	1.7390935703279	2.0733973044432643	4.032069514910566
4.715388150446151	5.792019195188877	7.819936860914892	2.6874704847202597	4.1514452026237025	5.507480277004733	6.078044217382424	4.7944616758748815	1.0136092579464568	0.02011331891346782	3.638796459027113	1.8362165269784418	1.7390660713836754	3.66829672129581
4.348932245892613	5.610575184557496	7.600999759271147	2.358507671178954	4.368062262147194	5.4370266912082466	5.806611286147127	5.245616228475488	0.5607685133736297	0.08498725107559536	3.752456099065364	2.2070230805897277	1.8807187427639742	2.9716890731410617
4.034220911609135	5.784704484474386	7.6631172778191425	2.1558081182642863	4.317260865335302	5.271385613436666	6.132778341286282	5.3810067701258495	0.4654401944385233	0.007213456238080669	3.5568768653976948	2.589759692139704	1.5750826279449615	2.6487743871320575
4.177535853217292	5.598335768646112	7.741660713555038	2.0342109083081334	4.403354073610746	5.319107883759648	5.8989672316734865	5.299992225133601	0.15748664016448963	0.181868439210667	4.162258353504605	2.6720135291832037	2.257856050970854	2.615475335864201
4.442494540679181	5.563503598032961	7.879555872521771	2.12644226619055	4.311122715728692	5.361322976556426	4.7753382574664816	5.303088892344161	0.6413445505333253	0.20610412982917076	4.195926343590725	2.5235428941265634	2.302211087527976	2.9018411298873357
4.706665619438326	5.419985455992661	7.922866472696099	2.2037846027349413	4.2686691581550615	5.395292439531899	4.547634691948764	5.21480083698672	0.9419955057537103	0.16431523764417924	4.187303749746681	2.3961077818015606	2.4727700201813647	3.014625224236582
4.886003637142519	5.318169386217627	7.926881800139669	2.2772912232203693	4.269344877433041	5.467792778617474	4.641437110513031	5.172521282393979	1.0731994483637708	0.2444125377114515	4.042201843978836	2.3901226114652303	2.4070177536177906	3.054846506509315
4.731493485066301	5.404139658557764	7.897542049330587	2.2380910942932	4.312315565386822	5.4285926496904064	4.783011198011538	5.172521282393979	1.1237432135115084	0.15744241664921413	4.1281721163189715	2.402110440431591	2.508334321894203	3.105663245802891
4.697121885323046	5.404139658557764	7.863170449587489	2.2380910942932	4.356341556631266	5.4285926496904064	4.971053152909582	5.172521282393979	1.0279825641083402	0.11404053492680377	4.1281721163189715	2.489171294383299	2.508334321894203	2.9842307921076934
4.688641175487421	5.403706132143818	7.897542049330587	2.1948052583004474	4.398506152237244	5.470935632422284	5.056831216314293	5.175490059669412	0.5809768620959451	0.1991007777055076	4.171024425897818	2.402110440431591	2.5588187555079025	3.1711673273161107
4.890721770552252	5.360853822564935	7.939367453185958	2.31220813993134	4.398506152237244	5.545995531321087	4.593740137456472	6.090355944068718	0.36638973646473266	0.4111768695875753	4.442572231263382	2.4808110172151085	2.873218870452289	3.1372813728572724
4.924787653048143	5.409976591149507	7.934430453080919	2.4003337911168177	4.34938338365277	5.584998413922079	4.456010163531677	6.323661962061166	0.36410147591943914	0.46853586100916966	4.605104532261999	2.4346888483148734	2.9852667378372937	3.1199851808864607
4.990249645351147	5.3670358058112875	7.956951660045735	2.4003337911168177	4.261532207868675	5.584998413922079	3.595043215683822	6.51142567394051	0.9126648097064257	0.3906949395408602	4.399631445925144	2.3966948708968476	2.873218870452289	3.1805003652691997
4.956152056541465	5.317913037226652	7.961856953836996	2.31220813993134	4.223066366950169	5.588338514053024	3.3722400628711484	6.601277781496874	1.1435048214481747	0.3893266858658922	4.237489871369571	2.341977091511197	2.7614462546075713	3.201120555845522
4.87904618143653	5.409976591149507	7.927691864070324	2.3613309085158147	4.173943598365668	5.630745021408318	5.0462954875296715	5.535979434291857	0.3024121357070118	0.014603231352936723	4.229571305460762	2.4685799691140113	2.760840705325002	3.0890389941596865
4.935772156223197	5.366755459354873	7.984417838856955	2.3181097767211782	4.260926262107901	5.630745021408318	4.7714508107400375	5.216743849540506	0.5334952805495353	0.24631239705232294	4.178818543775959	2.4447514979369624	2.710087943640123	3.169593440123146
4.953681727126895	5.382975202898283	7.814794128093904	2.5218628019313725	4.260926262107901	5.749748556531307	4.633537257055173	5.997467079976098	0.27435794911000144	0.23042647283005896	4.296650400251131	2.4985692531534482	2.811700056571864	3.0843557436122344
5.030744196092398	5.290861279971883	7.771466060337005	2.5501394157272412	4.353866597533319	5.742642650679156	6.291910370385393	4.40753255943338	2.723692949755482	0.36168752781237273	4.30461593173991	2.4923473745293823	2.8626662531170366	3.075986631501957
5.064738665572977	5.290861279971883	7.76686302469969	2.5887369208452657	4.353866597533319	5.739087168081077	5.06002556908047	5.5719518628102085	1.2763120560939103	0.3657522338551404	4.41579130975047	2.4460307642158337	2.9738416311276574	3.1562977112960224
5.064738665572977	5.290861279971883	7.76686302469969	2.5887369208452657	4.353866597533319	5.739087168081077	4.459849992612149	5.854744839160287	1.005086005254142	0.6155230848332922	4.41579130975047	2.366059851337001	2.9738416311276574	3.236268624174743
5.087465945003323	5.290861279971883	7.789590304130028	2.5887369208452657	4.353866597533319	5.739087168081077	4.874247716186636	5.854744839160287	0.5373308723739352	0.481620373247447	4.535674016387168	2.2088059859681466	3.093724337764262	3.270957534401207
5.087465945003323	5.290861279971883	7.789590304130028	2.5887369208452657	4.3548529683081965	5.696997319131641	6.012878104305393	4.942495538387515	1.860065567402067	0.7303692010628651	4.535674016387168	2.2088059859681466	3.093724337764262	3.270957534401207
5.0534401021034485	5.290861279971883	7.755564461230181	2.5887369208452657	4.3548529683081965	5.654970512521765	6.3497136183013865	4.761233276947202	1.8256247698693955	0.5695888089275863	4.535674016387168	2.0745054360771826	3.143863300393846	3.3712322413925366
5.0534401021034485	5.247723732133103	7.755564461230181	2.5455993730064606	4.39799051614706	5.654970512521765	6.3497136183013865	4.672337047565045	1.9359338948925562	0.5721606157277362	4.595454954090535	2.035056948525065	3.20364423809733	3.1230660495990574
5.0534401021034485	5.247723732133103	7.755564461230181	2.5455993730064606	4.39799051614706	5.654970512521765	6.3497136183013865	4.672337047565045	0.5163210147860579	0.6152952039834316	4.655129156080109	1.8174936156956512	3.313342880047993	3.151059496948249
