0	1	2	3	4	5	6	7	8	9	10	11	12	13
8.68524372856789	3.5221571369435067	7.286956720830426	4.920444144680855	4.7260207531099985	2.27175350968138	4.232083976299661	2.6096226516988823	1.5803456817153814	0.07404678896032622	2.657484873799992	4.940753471994638	0.5451076794362263	4.540494870093256
8.576324828303601	3.6666700794095584	7.360250652032791	4.882744255680467	4.681686677011681	2.114636168507853	4.071038551970238	2.5236606034445646	1.5466304192363547	0.07404678896032622	2.59661831583843	4.873963457717325	0.594088667556764	4.437499426144656
8.467347174154426	3.775647733558705	7.360250652032791	4.882744255680467	4.735525409257605	2.114636168507853	4.017199819724124	2.5236606034445646	1.5128521113598083	0.03669249585194813	2.599805316059032	4.917299197811437	0.6998793214846636	4.34732191758446
8.525457494020309	3.7175374136928907	7.409514125389884	4.833480782323419	4.831171070687059	2.1085475724556466	3.921554158294649	2.5612287364919895	1.5128521113598083	0.0035725083731314037	2.541694996193321	4.917299197811437	0.7489385523498556	4.34732191758446
8.413501908204598	3.773055143949714	7.398433040513413	4.788124011640919	4.872820920185415	2.106301289643758	3.915944879135942	2.556835223516064	1.4768115410200962	0.0017586315481450975	2.5972127264500875	4.8608613422525515	0.7489385523498556	4.34732191758446
8.373558736114829	3.773055143949714	7.403924650942898	4.742689229121868	4.872820920185415	2.060866507124894	3.96987876296712	2.514875046204321	1.4228776571890887	0.08078530568186519	2.5972127264500875	4.820918170162794	0.7489385523498556	4.34732191758446
8.373558736114829	3.773055143949714	7.449437589449048	4.697176290615459	4.872820920185415	2.0153535686185573	3.96987876296712	2.514875046204321	1.456655965065469	0.16211180231807268	2.5972127264500875	4.872312577416916	0.7489385523498556	4.295927510330379
8.31717183846722	3.773055143949714	7.3437681701226865	4.746458812294253	4.831171070687059	2.0646360902973036	4.011528612465402	2.518118248620986	1.456655965065469	0.2404074838399445	2.544457023979123	4.81592567976928	0.8016942548208873	4.3427692787964425
8.31717183846722	3.773055143949714	7.393050691801513	4.697176290615459	4.831171070687059	2.0153535686185573	4.011528612465402	2.518118248620986	1.4031677789740902	0.28125672780303496	2.544457023979123	4.859352500823257	0.8016942548208873	4.2993424577424495
8.357142610596078	3.773055143949714	7.433021463930334	4.697176290615459	4.831171070687059	2.058142576814299	4.011528612465402	2.475329240425547	1.4031677789740902	0.28125672780303496	2.4917941962449617	4.942828032634677	0.8543570825549736	4.302604228613119
8.470658041904676	3.659539712641193	7.433021463930334	4.697176290615459	4.872820920185415	2.058142576814299	3.96987876296712	2.475329240425547	1.4031677789740902	0.28125672780303496	2.4287145246298065	4.994170662401029	0.8496025890585824	4.251261598846737
8.470658041904676	3.659539712641193	7.433021463930334	4.697176290615459	4.872820920185415	2.058142576814299	4.023880424180658	2.475329240425547	1.349166117760568	0.28125672780303496	2.376148245567829	4.994170662401029	0.9021688681208966	4.251261598846737
8.566185355253566	3.6039046684663436	7.472913733104444	4.697176290615459	4.872820920185415	2.058142576814299	4.023880424180658	2.51404621532055	1.349166117760568	0.2425397529083414	2.320513201392847	5.0340629315751535	0.9021688681208966	4.297351987906457
8.621933046191733	3.5481569775282806	7.472913733104444	4.697176290615459	4.968326747540112	2.101189155774851	3.964290908737228	2.429039459048106	1.3132498058495143	0.24365068625677574	2.317331789516917	5.0340629315751535	0.8987344586615882	4.297351987906457
8.661747004891991	3.5481569775282806	7.4672147532984745	4.742689229121868	4.968326747540112	2.1467020942813178	3.964290908737228	2.429039459048106	1.3132498058495143	0.24365068625677574	2.3676750077753725	5.073876890275422	0.8483912404027758	4.297351987906457
8.661747004891991	3.597236247142209	7.4672147532984745	4.791768498735723	4.960720164450299	2.1467020942813178	3.9228182222129844	2.429039459048106	1.3132498058495143	0.24365068625677574	2.3676750077753725	5.073876890275422	0.8483912404027758	4.297351987906457
8.661747004891991	3.597236247142209	7.516412882671716	4.742570369362548	4.960720164450299	2.097503964908018	3.9228182222129844	2.429039459048106	1.3132498058495143	0.24365068625677574	2.3676750077753725	5.073876890275422	0.8483912404027758	4.251261598846737
8.661747004891991	3.597236247142209	7.565532969493133	4.693450282540984	4.960720164450299	2.048383878086327	3.868844899023267	2.429039459048106	1.3672231290387233	0.2844999302192514	2.3676750077753725	5.073876890275422	0.8483912404027758	4.251261598846737
8.60552119038244	3.597236247142209	7.5093071549835875	4.693450282540984	4.960720164450299	2.048383878086327	3.9228182222129844	2.3903179172013105	1.3132498058495143	0.32322147206640306	2.3676750077753725	5.017651075765894	0.8939884571767378	4.297351987906457
8.60552119038244	3.597236247142209	7.5093071549835875	4.693450282540984	4.960720164450299	2.048383878086327	3.9228182222129844	2.3903179172013105	1.3132498058495143	0.32322147206640306	2.3676750077753725	5.017651075765894	0.8939884571767378	4.297351987906457
8.663415188375241	3.5393422491495006	7.5093071549835875	4.693450282540984	4.960720164450299	2.048383878086327	3.9228182222129844	2.3903179172013105	1.3132498058495143	0.32322147206640306	2.309781009782665	4.974133362728057	0.8939884571767378	4.340869700944273
8.719279799955286	3.478977930567348	7.5093071549835875	4.68895057553896	4.965219871452358	2.048383878086327	3.9228182222129844	2.348409897170874	1.3132498058495143	0.3651294920957245	2.2539163982025077	4.974133362728057	0.8939884571767378	4.340869700944273
8.639518591861076	3.478977930567348	7.429545946889324	4.68895057553896	4.965219871452358	2.048383878086327	3.9228182222129844	2.348409897170874	1.3132498058495143	0.3651294920957245	2.2539163982025077	4.8943721546338	0.8939884571767378	4.340869700944273
8.639518591861076	3.4299822530046495	7.429545946889324	4.6399548979763034	5.068207154626643	2.048383878086327	3.8688266166014253	2.348409897170874	1.3132498058495143	0.3651294920957245	2.3065710560414474	4.8943721546338	0.8413337993373261	4.294779311884547
8.655497931609272	3.374004734021977	7.3404276808334785	4.68907498479779	5.026755361504468	2.097503964908018	3.910278409723729	2.348409897170874	1.3132498058495143	0.3651294920957245	2.200254481445658	4.897891688437227	0.8916728549513913	4.297351987906457
8.655497931609272	3.374004734021977	7.291229551460242	4.738273114171094	5.026755361504468	2.1467020942813178	3.910278409723729	2.348409897170874	1.3469951167216891	0.3651294920957245	2.2530059987457824	4.897891688437227	0.8881255591081664	4.297351987906457
8.655497931609272	3.374004734021977	7.2874599682877506	4.7420426973434076	5.026755361504468	2.1504716774536146	3.910278409723729	2.348409897170874	1.3469951167216891	0.3651294920957245	2.2530059987457824	4.897891688437227	0.8881255591081664	4.297351987906457
8.655497931609272	3.374004734021977	7.2874599682877506	4.7420426973434076	5.026755361504468	2.1504716774536146	3.910278409723729	2.348409897170874	1.3469951167216891	0.3651294920957245	2.2530059987457824	4.897891688437227	0.8881255591081664	4.297351987906457
8.615421112578955	3.378420848972677	7.24738314925733	4.746458812294253	5.022339246553733	2.1504716774536146	3.910278409723729	2.3903179172013105	1.3469951167216891	0.32322147206640306	2.2530059987457824	4.857814869406848	0.8881255591081664	4.297351987906457
8.615421112578955	3.378420848972677	7.24738314925733	4.746458812294253	5.022339246553733	2.1504716774536146	3.910278409723729	2.3903179172013105	1.3469951167216891	0.32322147206640306	2.2530059987457824	4.857814869406848	0.8881255591081664	4.297351987906457
8.631356122776188	3.3223301871342277	7.252812613980546	4.700873695929854	5.022339246553733	2.061839982128499	3.910278409723729	2.3914564761317285	1.3469951167216891	0.3651294920957245	2.196915336907267	4.8176592177657005	0.8881255591081664	4.251261598846737
8.687560163008817	3.2661261469015175	7.252812613980546	4.700873695929854	5.022339246553733	2.061839982128499	3.910278409723729	2.3914564761317285	1.3469951167216891	0.3651294920957245	2.1407112966742012	4.8176592177657005	0.8881255591081664	4.29795301044911
8.687560163008817	3.3197212637440763	7.252812613980546	4.754468812772471	4.968744129711124	2.018729011562451	3.910278409723729	2.434567446697594	1.3469951167216891	0.3651294920957245	2.19104601180335	4.8176592177657005	0.8377908439791054	4.29795301044911
8.647325485492242	3.3197212637440763	7.2125779364639335	4.754468812772471	4.968744129711124	2.018729011562451	3.910278409723729	2.434567446697594	1.3469951167216891	0.3651294920957245	2.19104601180335	4.777424540249111	0.8377908439791054	4.29795301044911
8.70364313973802	3.312474787328612	7.2125779364639335	4.803539990602791	4.91967295188093	2.0615820243344802	3.910278409723729	2.391714433925716	1.3469951167216891	0.3651294920957245	2.134728357557434	4.777424540249111	0.8377908439791054	4.390661633980839
8.70364313973802	3.312474787328612	7.258241612014256	4.757876315052471	4.91967295188093	2.0159183487842807	3.910278409723729	2.391714433925716	1.3469951167216891	0.3651294920957245	2.134728357557434	4.777424540249111	0.8377908439791054	4.390661633980839
8.70364313973802	3.312474787328612	7.258241612014256	4.757876315052471	4.91967295188093	2.0159183487842807	3.910278409723729	2.391714433925716	1.3469951167216891	0.32428024813338946	2.134728357557434	4.864694134053807	0.8377908439791054	4.3958015994000705
8.70364313973802	3.312474787328612	7.258241612014256	4.757876315052471	4.91967295188093	2.0159183487842807	3.910278409723729	2.391714433925716	1.3469951167216891	0.32428024813338946	2.134728357557434	4.864694134053807	0.8870733656572948	4.3958015994000705
8.663329242632079	3.312474787328612	7.217927714908363	4.757876315052471	4.91967295188093	2.0159183487842807	3.910278409723729	2.391714433925716	1.3132498058495143	0.32428024813338946	2.187568207764559	4.868132436513694	0.8342335154498667	4.398366993426901
8.622935931772648	3.312474787328612	7.177534404048933	4.757876315052471	4.91967295188093	2.0159183487842807	3.910278409723729	2.391714433925716	1.3667379919408174	0.32428024813338946	2.187568207764559	4.871569806541675	0.8342335154498667	4.354536312539587
8.622935931772648	3.312474787328612	7.177534404048933	4.757876315052471	4.91967295188093	2.0159183487842807	3.910278409723729	2.391714433925716	1.3667379919408174	0.32428024813338946	2.1901753886443664	4.915479128667386	0.9304267343081934	4.403488421295218
8.526145358300218	3.3687924415744512	7.137061484822232	4.757876315052471	4.973763734153108	2.0159183487842807	3.8561876274512956	2.391714433925716	1.3667379919408174	0.32428024813338946	2.2464930428902745	4.918994332926646	0.9799448399653551	4.406044381407701
8.582463012545984	3.361454182948296	7.186356136668003	4.757561058826477	4.924784338533322	2.0097350545344974	3.8561876274512956	2.429232638207345	1.3667379919408174	0.24365068625677574	2.1927919927215838	4.955764860288312	1.0808102246277211	4.322654027464416
8.54191028988797	3.361454182948296	7.195019476830155	4.708344996006238	4.924784338533322	2.0034368805290574	3.8561876274512956	2.386314749392186	1.3132498058495143	0.24365068625677574	2.1422845584095964	4.9594255569377435	1.1811586178309066	4.278364618253165
8.573541745149399	3.248477089570338	7.067998292041781	4.754020542677862	4.978953477750884	2.0061945383857194	3.7661021763226126	2.429232638207345	1.4026543038520767	0.24365068625677574	2.2424051677470715	5.055730665773061	1.3696550234479088	4.334956577737009
8.532748437311433	3.243794471565134	7.030733802718549	4.74580910615791	5.037883665259193	2.0026657198711275	3.711854606819634	2.39051109636056	1.4026543038520767	0.24157620635581653	2.245338657149265	5.059550122479706	1.4679204457312212	4.384577173641458
8.432579139417815	3.4006085932768624	6.993377085421643	4.839810647273234	5.036057453107051	2.0421954097231896	3.616162099125499	2.3474642277772806	1.4026543038520767	0.24157620635581653	2.6818989785832836	5.288045992503035	1.7046414835377444	4.543082602202691
8.317904027011455	3.458758640645325	6.985816362751005	4.790846304905756	5.036057453107051	2.0361491496879265	3.5621604379121354	2.34651088970825	1.456655965065469	0.16223067750643813	2.903167077820026	5.412725304349429	1.7487944235183261	4.505904662095665
8.122948041838395	3.555913754518038	6.979728384322851	4.6991334120338015	4.938902339234238	1.8902637151599875	3.598105087847022	2.2615635732281114	1.4742625465526886	0.204195421770559	3.2412057135068517	5.543722877159938	1.8969828942794853	4.716437874550441
8.2682373139916	3.4301207027568807	6.945998419277963	4.75235959747045	4.891317069954994	1.8415217713027694	3.5437222278322817	2.219655553197814	1.4742625465526886	0.2869041298054904	3.179812292609729	5.599532539636955	1.889751721643078	4.676478481660318
8.270122705702793	3.3638860834122792	6.879014805115874	4.75499398399906	4.842974954433992	1.752895863436218	3.5976955510220754	2.2625737320720503	1.4202892233636093	0.2869041298054904	3.1766388207257936	5.584740014655402	1.8315621198811314	4.578579663487273
8.159158120219283	3.3064228387745045	6.710586974994789	4.75499398399906	4.760207013702051	1.752895863436218	3.680463491753936	2.2625737320720503	1.5275808930216954	0.2869041298054904	3.6253912982716656	5.658700841648117	2.1337207511310146	5.134422068226053
7.988174892344203	3.467376032726565	6.693166520327122	4.762384404743755	4.822109517312119	1.6584364264522138	3.516711130415198	2.220722366090761	1.5275808930216954	0.3287554957879318	4.169665518158708	6.115787496756004	2.7912933254755106	5.604410238142313
7.818100573897504	3.6277245754863605	6.678724809938079	4.7671003394458875	4.816355746736997	1.561321863346769	3.4564830692693858	2.1819353734227023	1.471709558034377	0.36754248845571613	4.344312057766193	6.147164977405388	2.800438283717667	5.625124780549923
7.575722589961128	3.9547124752089813	6.740053896333018	4.790381168837173	4.648013383734669	1.3750688532692936	3.415227392110688	2.1818711727301565	1.471709558034377	0.36754248845571613	4.775322764240015	6.15544359595735	3.2656295448890087	5.796433396699965
7.475025173764086	4.061515325497543	6.794901636865625	4.741638862395906	4.6412597409375245	1.2783959773896552	3.374050465469044	2.1818711727301565	1.471709558034377	0.36754248845571613	4.979393210100939	6.155078066198391	3.3406970159405462	5.829277564560151
7.191889706404906	4.224373310584053	6.721128843291121	4.6951341736977765	4.634517747824368	1.1840509365988934	3.3329521064898042	2.1818711727301565	1.4181256183045787	0.36754248845571613	5.2066460894148205	6.872904047474774	4.584114675380306	6.666324368326176
7.092323330954321	4.329455255435823	6.727039834855999	4.694738751534116	4.682494792003823	1.1787591699113735	3.2372247396045095	2.139017194548566	1.3646045883332911	0.36754248845571613	5.212181028808378	6.678220172632724	4.777497985380523	6.7149090743643916
6.591547545313993	4.507924461492455	6.460576391120833	4.638895615685447	4.681693924404584	1.1768225595504092	3.2919321326916706	2.139017194548566	1.330889325854298	0.32674180044772705	5.357613307339785	6.964579712811458	4.9954853381556115	7.048437058921304
6.4458076763237635	4.624099902656621	6.431011963294705	4.638895615685447	4.681693924404584	1.1768225595504092	3.2919321326916706	2.180872879420884	1.330889325854298	0.20344440046229573	5.534625377907661	7.139487083732688	5.0165490299449615	7.033878493217526
5.9859435063415285	4.799700978279998	6.10069453254924	4.684949952072381	4.640673950606455	1.1800869266608476	3.3329521064898042	2.223662848696936	1.3506924330467753	0.1628032472916065	5.8681484882476935	7.48170105325185	6.463611596775288	7.76879705792434
5.827134666748943	4.859254083431527	6.001438798108023	4.684949952072381	4.640673950606455	1.1800869266608476	3.29710344040339	2.223662848696936	1.3865410991331788	0.12221514625369452	6.060530133135996	7.541447766388515	6.488120533734351	7.985736637211347
5.5834022328589175	4.972565078816852	5.91707169599013	4.638895615685447	4.599575591627169	1.1340325902741415	3.302285487471366	2.223662848696936	1.422457411044468	0.04119784789504693	6.336836368203547	8.01011742163467	6.807289653418591	7.908045987734494
5.4273044072347085	5.0829505386715095	5.8174528047327145	4.692802141173358	4.545669066139258	1.1340325902741415	3.302285487471366	2.223662848696936	1.422457411044468	0.04119784789504693	6.34026978227173	7.859051646574182	6.838187598665336	7.994653036737561
5.054046342637169	5.195556565153352	5.556800766617037	4.692802141173358	4.586767425118526	1.1340325902741415	3.2611871284922187	2.223662848696936	1.3886460698335108	0.04119784789504693	6.3275476749175015	8.219347915268036	7.750024963059801	8.228573373905109
4.834091302125104	5.248186900244287	5.437463824085616	4.644814378283568	4.586767425118526	1.1288347966604682	3.315256598806914	2.1808728794207166	1.3345765995183754	0.003737909559503942	6.380178010008373	8.228185778668308	7.89393918527294	8.00419564237172
4.937660653562464	5.114901878016087	5.407998282222597	4.644564249355892	4.53910694404632	1.1237141559370107	3.315256598806914	2.1768655839215825	1.2809650189307753	0.11585860634666992	6.199232506707877	8.003736950027328	7.020803308981972	8.46510666460043
5.05539335288163	5.044740005680048	5.407998282222597	4.692135076339121	4.450437758083767	1.1665680384404384	3.320399306757585	2.175919721448735	1.3169206699594171	0.15776662637848715	6.458882071829569	8.122282815044507	6.885394109339587	8.52985394604314
5.522854723681241	4.694285657357228	5.525005304699363	4.692135076339121	4.39576318801816	1.2094859294197906	3.375073876823157	2.133001830469064	1.283015810522412	0.15776662637848715	5.705940870645907	8.02525702362226	6.662633204298334	8.8910778556203
5.580865878996016	4.588703675059269	5.525005304699363	4.644564249355892	4.48445502945578	1.2524679241223702	3.333952862368928	2.090019835766687	1.283015810522412	0.15776662637848715	5.4147996844784645	8.320859686886656	6.846803043867651	9.104468206452196
5.626749781902414	4.53080563978315	5.512991172329508	4.644564249355892	4.48445502945578	1.2524679241223702	3.333952862368928	2.131984580030105	1.2294375897612662	0.1997313706411625	5.303017101068519	8.4267548649322	6.436796124240033	8.377266435248774
5.696549042160873	4.323692258837844	5.477094694699439	4.543146606299325	4.592662268057778	1.4297100929656679	3.375073876823157	2.0026530211866054	1.283015810522412	0.1189175283606246	4.911207029308932	7.866233337863649	6.586660044413962	7.581510713688079
4.588496434452575	5.129726204841526	5.316975361842085	4.401247277451957	4.640513414266769	1.378901272289514	3.375073876823157	1.9174489149613114	1.2490474441246153	0.04466520730484998	4.917190484104533	7.779576497599716	4.682709579605794	7.6102555592905015
4.034109200476464	5.526124596365042	5.212824675982799	4.347409120858713	4.735472585314444	1.42220521412259	3.333952862368928	1.874144973127614	1.2490474441246153	0.04781453540716342	4.499428042943113	7.449444354457022	4.274580128963509	6.7652403222765045
3.8616672596160395	5.698566537225354	5.214520679530686	4.345713117310813	4.735472585314444	1.4205092105747938	3.333952862368928	1.874144973127614	1.3027193000695336	0.04781453540716342	4.554757979210262	7.393374128179975	4.365224547358901	6.495417740491504
3.061402024178179	6.164029160697543	4.9797322636432275	4.245698921232547	4.837182784940629	1.4655738310311053	3.369908513397468	1.8307763562196755	1.266763649040809	0.04781453540716342	3.8846734515645815	6.883447899123035	2.874357606797482	5.8027817741510805
2.7246714278232025	6.109981458369768	4.6963592892811965	4.1382935969117085	4.992501634398042	1.5134873561672366	3.369908513397468	1.8694978980664594	1.3204991856388355	0.04979607861133154	3.4708608904837814	8.035553240286356	2.6500126112592315	2.382641244625623
2.6298185773075313	6.056483001515968	4.601506438765181	4.084795140058131	5.04600009125185	1.5569207433421397	3.369908513397468	1.8260645108916724	1.3204991856388355	0.0530117510400468	3.3531119857993077	7.692693490036309	2.6055617582758885	2.692981223590903
2.6792314814838676	6.12227697954259	4.777306317109784	4.024202143916612	5.152727744894858	1.603055400843725	3.369908513397468	1.8260645108916724	1.2865275313797115	0.0530117510400468	2.807825719962002	7.000831705623543	2.241516599957479	2.874016070803083
2.737577468966365	6.06904751594229	4.787664541702666	4.018960443206082	5.164836194040977	1.607609776559063	3.4469173383956657	1.9114580753781347	1.2506397208360327	0.04859232770083724	2.5724691694988957	6.8141503557594385	2.456409955276993	2.90988746030662
3.054875456295426	5.868412213155956	4.962453060506297	3.9608346089450923	5.2710270631088045	1.698395653092157	3.4469173383956657	1.8687372336517767	1.2506397208360327	0.04859232770083724	1.6761065642282447	6.429604663562612	2.2465951367686756	1.6533582499157786
3.664758916111572	5.386737718693592	5.044687788611688	4.0068088461935565	5.264646774915965	1.7498648325171624	3.501513410491277	1.9114580753781347	1.2506397208360327	0.08940215906875856	1.4068396017588685	5.458217320355546	1.9568212876734672	1.7124775388671127
3.8845852447124645	5.380258570852281	5.209819185468305	4.055024630096426	5.216430991013157	1.7932982196917246	3.501513410491277	1.86802468820313	1.3044693770717015	0.08940215906875856	1.2260835915964017	4.72773628525439	1.5511645695420497	2.0007965702463797
3.4058982033851466	5.547953181107582	4.963323034398834	3.9905283500940785	5.2723798483921245	1.8827666938147654	3.6459311384186663	1.824526435583439	1.1805641855291285	0.05186588159667339	1.3941324973436768	5.240607031026074	1.4622551025081472	1.3530201837601041
3.2435585409124337	5.657605736120867	5.011458465616983	3.8897058114165963	5.120674166137364	1.9655161646843395	3.850323928132747	1.6936415334956154	1.1464950475707811	0.05186588159667339	1.3965833590846972	4.640141899997451	0.8979924689836188	0.9646697633005823
2.767072651876946	5.9867061132876955	4.916671645153471	3.8371071200115074	5.023468105475413	2.053098837520192	4.000128680199922	1.6060588606597637	1.112361722537522	0.05186588159667339	1.2091328098749952	4.72773266790107	1.0802337032123	0.650753986779216
2.2065415720292276	5.995878535689919	4.522579905724142	3.6798402019950553	5.072631742205869	2.1409432549767047	4.108231961485757	1.5182144432034894	1.112361722537522	0.014276053388906652	0.6264809968308174	3.847923103450923	1.0583847361422019	0.24291853955213075
2.0450763093603306	6.056843477784566	4.474325953170794	3.627593833974235	5.017087665514635	2.2290501773278866	4.270169899667683	1.472124403114327	1.0240165596893736	0.06538429000532214	0.6130985304301845	3.6210682707562776	1.0552164656035807	0.36899910308068357
2.3974541681013983	6.007951744260427	4.773755540238682	3.6316503721234863	5.013031127365454	2.2290501773278866	4.270169899667683	1.4334120845845408	1.0240165596893736	0.01420481281204497	0.8638632276835685	3.022078921171366	0.5747755843114263	0.22823881314554634
2.587812582655679	6.007951744260427	4.870085540203257	3.7256787867128076	5.013031127365454	2.278992270128279	4.270169899667683	1.4774984063734258	1.0240165596893736	0.026671971471032823	0.8579101430921127	2.770347930318775	0.5807286689023805	0.3726040028874306
3.183604280494165	5.741531123620555	5.1994566174019345	3.7256787867128076	5.013031127365454	2.3216978439777165	4.270169899667683	1.4347928325244743	1.0582142290680878	0.026671971471032823	1.0585400291044573	2.455910702169188	0.19360779674946713	0.7549454280303661
3.638939436734091	5.472287633087616	5.339732402111183	3.771494667710483	5.013031127365454	2.367513724975552	4.270169899667683	1.4347928325244743	1.0582142290680878	0.029847230869091707	1.0772073939127957	2.2337860326461048	0.48151865208914213	0.7295928921404209
3.7856034231054694	5.418097288073455	5.432206043468253	3.771494667710483	5.013031127365454	2.410153681614507	4.270169899667683	1.39215287588542	1.0582142290680878	0.07061238256824966	1.081994381387882	2.386773252807603	0.6015241811935289	0.6704870327177165
3.674352543029478	5.512414328397032	5.36287609242545	3.8238907790012444	5.007856607614959	2.3620257155726048	4.17482034208548	1.39215287588542	1.0923475541014611	0.07061238256824966	0.9715613964350779	2.6858880477889002	0.9272916264934227	0.5663175771682913
3.7807765748249023	5.452130992057084	5.409016787881057	3.8238907790012444	5.007856607614959	2.3620257155726048	4.17482034208548	1.39215287588542	1.0923475541014611	0.07061238256824966	1.036876649360218	2.627224423145487	1.1129158735935636	0.19881074649020486
4.018613520352291	5.450338342069476	5.592638822156886	3.876313040264763	4.955434346351383	2.4046001589934085	4.17482034208548	1.3495784324641982	1.1264166920593888	0.07372120905998997	1.041167646228781	2.5507655197472	1.0445991324394768	0.3232930782684135
4.125308147661717	5.427955290752032	5.523838186751492	4.029425251662327	4.84957924731031	2.268585648984801	4.043749535093604	1.437541826664643	1.1621792708865797	0.11437524808852041	0.5612012573667811	1.907250459901645	2.586085414532474	0.4841460362197311
4.02118855482045	5.480626031917598	5.419718593910057	4.082095992827894	4.796908506144821	2.311099119231829	4.043749535093604	1.3950283564179018	1.1621792708865797	0.11437524808852041	0.17885472375766584	1.5547170118307316	2.4818279206504217	0.11909462927996153
4.02118855482045	5.480626031917598	5.419718593910057	4.082095992827894	4.796908506144821	2.2672173651124434	4.043749535093604	1.4389101105373505	1.1621792708865797	0.15497599207975626	0.05035948612856503	1.3154590270784041	2.562367201224803	0.13909656159424974
4.02118855482045	5.480626031917598	5.419718593910057	4.082095992827894	4.796908506144821	2.2672173651124434	4.043749535093604	1.4389101105373505	1.1621792708865797	0.15497599207975626	0.17885472375766584	1.4405259046098273	2.4711019072798037	0.025224638883687575
3.9666191886840623	5.587954336057477	5.419718593910057	4.134854930831336	4.744149568141356	2.3096678729941744	4.097993625211847	1.396459602655735	1.107935180768172	0.15497599207975626	0.29747490490474243	1.4405259046098273	1.4545759095450281	0.08344828793798348
4.016283865595425	5.589650313984065	5.478091592354111	4.127842587225333	4.796908506144821	2.269147231009169	4.097993625211847	1.4827268390381527	1.1618592688071723	0.15497599207975626	0.30980930435076426	1.607009723374874	1.4124553930593287	0.3471633352437011
3.691943193350079	5.75624282439701	5.29586986515193	4.152316152595158	4.954656667977098	2.407617162037186	4.097993625211847	1.5264786352123383	1.2698996091166543	0.11437524808852041	0.4719107439828718	2.397563167733623	0.7268249829158926	0.4845209204675142
3.477972051287228	5.865487745099378	5.253162414314391	4.090297382072182	5.113353528110342	2.4066376557090816	4.044022986439235	1.5701655923773212	1.3240158972527685	0.07372120905998997	0.5889247521493489	3.078008010553186	0.3866937805471696	0.45451879513503024
2.9078808948521737	6.220859698161969	5.200165503384378	3.9285750896297036	5.269786684120324	2.3131370567455574	4.044022986439235	1.6583770549088073	1.3781962872622617	0.07372120905998997	1.3981571977736431	4.457019745112105	0.22452352575274395	0.6825895869701835
3.360219482927915	6.034028386279361	5.375117237245574	4.019130631961706	5.228024750767122	2.221092197570514	3.989974419794452	1.745166956417999	1.4324407960381318	0.036171747479518	1.2374915941200186	4.060153088693664	0.5304366186325615	1.6379327696821833
2.65592421529197	6.174674969714503	4.930170806880793	3.9004283781257536	5.383632301843676	2.1275918056736547	3.989974419794452	1.875572645555298	1.5411222353607217	0.004531337574330837	3.304768242883931	6.307749608818297	0.8683369056114251	0.2800357931701953
2.6872387339853656	6.225587961563853	5.066753741596242	3.8460729539531195	5.435328509270622	2.038912412276467	3.989974419794452	1.9615928222069323	1.5411222353607217	0.04528776397127595	3.636194321705864	6.274967455944775	0.7593791371752329	0.5694305118540509
4.236944690731338	5.719338903283085	6.026690438566497	3.929593155447766	5.435328509270622	1.8231073935119588	4.04428627690955	2.260918042466265	1.4868103782457167	0.004531337574330837	6.28803535618734	6.933243177078464	0.5836214779688177	2.437925830629307
4.61646195674963	5.745939361019005	6.287748164691361	4.074653153077266	5.2817765973510875	1.6464867430706036	4.00301173402937	2.3877722357372697	1.4868103782457167	0.04528776397127595	6.047416535435469	6.922733110860609	1.368532150954218	2.313428357316404
5.494779087086056	5.37025502024335	6.618580209959027	4.246453897370404	5.134186815105708	1.368122035193652	4.202277049282525	2.8896132209146166	1.4662254800028434	0.08277511298366969	5.095297415601192	3.025892488678937	3.896470174564305	2.963668551678623
5.794830929555836	5.1561172308263155	6.71214455697581	4.23880360340631	5.066655408511282	1.287982801844891	4.321398220025162	2.9716703858203632	1.3577351762458054	0.124796651610198	4.63244894011444	3.354893846846812	3.685992032121452	2.18733307534752
5.952499465138362	5.046000895583939	6.709034610173349	4.2894657505490095	5.006947381490626	1.2910927486472819	4.3335540467057205	2.9716703858203632	1.3035859734456514	0.124796651610198	4.142381459501835	3.254282483726031	4.24390821387809	2.7335574252172954
7.395236623892736	3.8020153479011323	6.637965553590569	4.559286418203197	5.008448619108573	1.5389680555740153	4.531203115384013	3.3013220000777275	1.4121419206793255	0.08404468339816139	3.576001792117932	4.989811166632172	0.7236835899580563	4.3963387061576595
7.710445133529647	3.3792825147174597	6.600286718445846	4.489440929801298	5.253083068169672	1.548684126907143	4.490010518577333	3.383237548333351	1.4121419206793255	0.1667613958723145	3.1967767285453967	5.025034036355458	2.245399846109457	4.458605265814295
8.275627214860533	2.713057047687383	6.415067031323546	4.573617231224407	5.12526103243309	1.9285833414473141	4.938191079258217	3.5460936001464556	1.5042721592509352	0.16791744769221537	2.489151796711879	3.298218214350516	1.6316204020532297	3.2564897540619184
8.331747584427966	2.5139473807542054	6.338541212968428	4.507153752213646	5.16898525592298	1.897650918477465	5.057552867042562	3.667820845057279	1.5402958149098278	0.20651309266751966	2.59775725856106	3.133336081692438	1.3206403489869867	3.1776589108406577
8.513964794966759	2.0278019370684772	6.30951854630235	4.232248185732877	5.487737864111477	1.9738756100206918	5.222236446535028	3.7613397820463077	1.662112025488316	0.24530008533588354	1.7488893151100304	3.690080844118009	0.26397357923597947	3.502226454669361
8.476274134201107	2.100246739388449	6.386187428653155	4.190333444936762	5.676507166570555	2.02560532683581	5.129470079830343	3.7218992475926496	1.662112025488316	0.28709909793242033	1.7129880701323918	3.830997893829517	0.2456501811707908	3.4017614957004874
8.423299826986934	2.2119402000387356	6.634586968006799	4.000653059018873	5.362797802692658	1.7980274546689663	5.601988199495168	3.810148193172296	1.6210995037726486	0.28709909793242033	1.1679491694838349	2.962828427246056	2.4537748117449936	2.0360136847225503
8.195801786935068	2.426092289126847	6.668216436702736	3.9536776393590647	5.203415052383606	1.6534528267176742	5.711943382944284	3.858319834603731	1.6547266028372474	0.32779336634219064	1.0333703669863004	2.7155149455385184	1.984074150830161	2.005969765848961
7.883715086218781	2.454904333275054	6.311036627116722	4.027582792377026	4.670808006303635	2.3845238649709337	6.648593457431052	3.4576189284954495	1.6000206698606185	0.3259469226912788	0.2704503323626477	1.7033822749593834	3.805073337801407	0.7432964894351309
7.656080099526765	2.5116143699384312	6.140872739203312	4.026821730261992	4.720066378340689	2.6805365542505712	6.703060994671038	3.210103549137429	1.5790856476203783	0.28530576952121	0.5631464993049007	1.4492609051550787	4.322286934440664	0.6472453143007307
6.328346810385159	2.752019047878069	5.59074697182927	3.4896188864337945	3.5719278363326827	3.3758556109165503	8.540752426667648	2.7030818499397595	1.6150329589283012	0.12327104635696554	1.1006423770213736	0.8084163151911268	3.201946370549866	0.6884570165659497
2.2427947512766533	5.243702733270414	4.784137648972753	2.7023598355742737	4.304082796885481	3.49373707287094	8.335237068287007	2.568512744225338	1.4553068868676564	0.43613073938524555	0.8938235685101931	0.3905202004513762	2.2185909705399602	1.8297116840004035
0.6453295743119595	6.3403633263633	3.5910446366211337	2.10398911542984	4.43432825297899	3.1254021290843266	8.289068680600453	2.6090844843067806	1.3859027789924008	0.47798642425677546	1.433167253545604	0.6295741529426371	1.3317463865980368	2.748565064857691
3.382093179109545	7.297858182996561	3.313968397422168	0.6017966064649736	4.876147615783129	2.7692935661229714	8.198066460054779	2.137890307204176	1.4969046632223966	0.5553478378812391	4.434260891741269	2.0752512999901596	1.288422133507108	3.3090313987099647
3.254182819605658	7.121598358121863	3.313917914759478	0.5534976237567724	4.918296644205936	2.7209945834151124	8.011989179807298	2.218581001011758	1.5346752044791363	0.7134058742507352	4.450478357175997	2.2543908885108026	1.263351304304038	2.8922389517151172
3.1220676543932018	6.904872972632569	3.4104923239718716	0.3723129942674948	4.958520522658203	2.7587345904886047	7.890481298402374	2.1326160500961735	1.5032293290405054	0.8304339659742018	3.5591421308219844	1.602650801442746	1.213345937957557	3.706138736578206
2.9816655710581483	6.82856436655621	3.6106190866797303	0.23627970881657506	5.366964500828488	2.757595265358373	7.5206876497833965	2.131727394557884	1.4511597124796072	0.9515525376712216	3.4599012036895673	1.4743842656716888	0.9765593528470692	3.5407223382136532
4.419723437816029	7.626408191511803	3.4130453880610747	0.20636063436560537	4.804425316907596	2.670675068820715	8.162889857482414	2.1745807943596516	1.5599051963576662	0.9875054043478251	2.8927224137828453	1.0241149180235416	0.6991518153720643	3.288674887416659
3.921928571556606	7.177609707784908	3.4177059997848214	0.16202486355735812	4.897705300237033	2.7629736321415126	8.027826575876675	2.135807025091473	1.544945705071132	0.9487316350802066	2.7477541961891228	1.4302214884225397	0.9752499789456897	3.442632541658665
5.04833526741469	7.46529712111993	3.436970822610074	1.020008968904651	5.4885373224324505	3.0254150019967763	7.1964514629846565	2.178595546230177	2.8964441470605347	0.9487316350802066	1.012294554053015	1.083066827496308	0.18391852944593523	3.1440890392885734
4.980701776603438	7.193558438148172	3.6486667111911886	1.4358100496463009	5.428355045876393	2.9483562104353123	6.988086941942463	2.0919171252362343	3.122129225945534	0.9469514467736448	0.8117825421620535	0.8598381557777641	0.6065526318841664	3.146706414126346
5.034808075102441	6.995637472276536	3.6548519924424716	1.6940225952682761	5.478313412773832	3.0463137040689348	7.100397319482069	2.0478904077880524	3.0817521393913307	0.9451664366640039	0.83008807222609	0.8595264502613558	0.3791126262694273	3.2119879875856316
5.3644652027054125	7.4054429329538545	3.8059303027576115	1.7649525725090418	5.421848908926842	3.1377194210702726	6.948294592617574	1.9191769023755734	3.2624807306323875	0.903197195579777	0.13977152779916965	0.5379357968503529	0.5179067935856518	4.110029410133218
5.370286799378854	7.4778728251299995	3.9137876411524606	1.8062016154013159	5.3316308706818205	3.094544584119936	7.018770831764613	1.965490327300866	3.1687969199670176	0.5469782222087288	0.19795949780529545	0.31315950642455265	0.4721365166087546	3.680860687800525
5.256607864310505	7.4054429329538545	3.9632416760701896	1.814406607426812	5.377961246601227	3.131899878474615	6.39452401289735	2.223826914659813	0.7524399357078697	0.24581522766777955	0.30556891296774974	0.018276165099693233	0.15330219490869162	3.571018643066082
5.412643263051437	7.52653729293508	4.055598867812764	1.9417048379290625	5.460389564522592	3.0875568769329838	6.4805524648652435	2.1807429628885013	0.4275289927342319	0.08122890385633401	0.43394793949779	0.21755233686214184	0.32537035284437216	3.652711364850544
5.312711247867942	7.671255470921169	4.249059239193496	1.8905150161400965	5.404692950713418	3.126223425453166	6.49152547048417	2.483761707921819	0.380227827089668	0.10703593465269995	0.3152767501963314	0.6909195035126101	0.24417559613246861	3.1673100165179084
5.410269317419786	7.65196668339577	4.340927320738663	2.0992299547627247	5.438236663995948	3.2568066538505502	6.438756933373241	2.611138520357919	0.49045242727233457	0.1230759756642906	0.20142572481768417	0.045428303559927455	0.2791762064806838	3.5561504092226293
5.284456249180019	7.685697200007342	4.623714385330593	2.222473434503043	5.512173392147952	3.1635356357124054	6.681502107973788	2.5249626405773937	2.5618192338656076	0.12184798451025058	0.07415712105524433	0.3005104843477436	0.6560833765646146	3.1566479909586103
5.191747148060904	7.64510395652408	4.716423486449758	2.263066677986634	5.552766635631245	3.119637519568387	6.767799425531898	2.4823948133491878	2.81422093472815	0.12671515082518603	0.2208500115316164	0.36523643755337665	0.8464254669850647	3.0849777302113406
5.4259342562209225	7.838766023048	4.81480532434006	2.40197355751289	5.593291677267245	3.0212556816778573	6.8654386868657475	2.353135720152988	2.7165816733941246	0.052421419737352294	0.21170392851837072	0.20485093520833675	0.8386658564938971	2.9143112612122923
5.495618565321563	8.09695758790799	4.866468071914673	2.265129049328315	5.58246997553612	3.061189093541439	6.990050358267767	2.0969194690690776	3.1217824650598507	0.5700047972822955	0.5575610255783653	0.24886349726457438	1.2294277889925198	2.7476826724526426
5.470624718153808	8.077499437208917	4.867732182153646	2.260857463098615	5.665534788908552	3.148981832078157	7.390683195897122	2.050213437243535	2.885228593898408	0.9277891572527972	0.3617287631605464	0.8945541229689596	1.4667509257759632	2.766377582239173
5.354174825850092	7.958922597173176	4.824377447306265	2.21962967598332	5.75733549621795	3.2382566718217687	7.5455806011176	2.0465584520833167	2.7724512370508045	1.1226333022038597	0.11822256482171564	0.9144853670441304	1.5748123110303427	2.74038872141886
5.301677094552681	8.163389565851748	5.081342147282105	2.21962967598332	5.75733549621795	3.282086436095322	7.17431695161489	2.647104329721571	3.0578411834993577	0.5267831947216158	0.3153162809374243	0.3224865076689968	3.050757367618161	1.9576504462553128
4.3852377165053555	7.897231163915429	4.801814983142548	1.2898215357323595	5.57600867784044	4.028145858823978	7.388337406345349	2.6042587091410567	2.7826748084178354	0.7178196099639516	0.42523967250259553	0.9859315684107922	2.5912779789029234	1.4008177913888111
4.512063572668818	7.971699283542677	4.88399411041722	1.4243583995437157	5.630172537369626	3.9904840806013215	7.530245661827235	2.7778444866622545	2.6322937121986714	0.19352059915518305	0.7315546959165262	1.739349284660295	2.3711446421818145	1.8470156107148896
3.8670162805672725	5.79465852245986	8.000235587236858	1.6614392157903808	4.40249228140574	5.494135746607909	5.738166023266302	3.660132499350819	1.1243454113994171	0.9889315478153947	2.9905900242481778	0.5107604969202828	2.1183760008239734	3.920796113434406
4.358137191244023	5.437032628198212	7.96507115632924	1.8300986631131269	4.23383283408295	5.450764198616959	4.894176365197194	5.622639760913907	0.9359799988502157	0.27425851707459714	2.5388359154658873	0.07427648898746451	2.0269338131582253	4.225338521305514
2.445776585131244	6.341323469683964	7.195216359585646	1.5918836952295734	4.316957080206385	5.250002607130423	5.4224888652908465	4.789793244441577	2.614602382941393	0.059615677463076513	2.2147080253576137	0.627401488835812	1.0827865603584148	3.329436203171901
3.5356559995206056	5.990173245004874	7.761721120049659	1.7641081244759482	4.229954851806237	5.29079893514271	4.676860491917021	5.562272237810868	1.0490556513550449	0.637679428594618	2.2220898891993786	1.5877078354759866	1.523737985943942	3.0758451532465068
0.7868956961352888	7.862314836884513	7.172029025866425	1.4771815071535552	4.223420026561673	5.172929605125657	4.719391767942274	5.909525544472284	0.5475987245318505	0.304587598278506	1.6550225783853634	2.464392526330511	0.7231809910264486	1.5046683803300631
3.70038317628944	6.301006162928155	7.902227272141666	2.0991620670757363	4.011732517148756	5.494135746607909	3.6710755548901024	6.758566225159913	1.2692903123237513	3.40387560211912	2.9359717930954417	1.7028447829247555	1.8600473505562387	3.3041607301677565
4.0088046828434285	6.111613443254993	8.105819338227851	2.0145987878706726	4.098934903578476	5.453684059236205	3.4538264931669547	6.432965350024845	1.0270421464443347	1.1279846733729024	3.74234067792194	1.6817238931679677	2.7456420603660767	3.3890077903997695
4.595936311500191	5.673982138767459	8.130373220819944	2.1395452294474677	4.054823311745076	5.53451890897967	3.8620853841089664	5.958065596083167	1.1978605712049508	0.887014938251296	4.419620297363321	1.4264391133331318	3.4252131773322096	3.81598613598386
4.742978811646242	5.526939638621179	8.090058449494112	2.1798600007735107	4.010395299152119	5.5314621323145925	4.135472591351272	5.86018722329336	0.9071697796422387	0.704073465060225	4.384720611304773	1.3469149779894973	3.421252973476422	3.89551027132723
5.0299529660058155	5.423697464032923	8.14917800684657	2.3044724231923195	3.9662077811487038	5.525339058942461	6.462283541445611	4.0839678316511785	1.9347766618395672	0.6743041145292611	4.558384124013139	1.587409104029451	3.4237920087934883	3.744992146750969
5.20283464186173	5.423697464032923	8.201931920609157	2.424600185285458	4.010635793741684	5.516131195312872	6.762799832537319	3.9080294381938665	1.9652879191079062	0.9795781337093162	4.723722879482399	1.720533401234785	3.4361124498678484	3.7520447614452217
5.237500287295044	5.320084416453192	8.132984518462559	2.424600185285458	4.055130631187145	5.430101560995752	6.7183049950918186	3.7347332340177974	1.9943664835208617	0.8053421561599389	4.672850458800626	1.9125204279930517	3.437611395201538	3.392703701749284
5.259691705715221	5.320084416453192	8.155175936882863	2.424600185285458	4.099692390578042	5.387183672180729	6.635972766430144	3.733693453058313	1.9465897424095475	0.8924056847414811	4.725701990509133	2.015242318984356	3.49046292690993	3.263139625818615
5.136950370046942	5.408216405975537	8.120566590737047	2.424600185285458	4.189017063408085	5.387183672180729	6.645825755672731	3.124488950776251	2.3859608083124084	1.201030842062543	4.821105557478248	2.02102766158391	3.482985207128243	3.2227449370734025
5.058343245097669	5.452145451816671	8.1258633306202	2.3846253662939363	4.233780170868979	5.304355453387557	6.601062648211831	3.038294324530234	2.487312310097641	1.1595319299157811	4.8122794626835415	2.026830889545222	3.481384069732434	3.182263630003567
5.171559716192731	5.408216405975537	8.163701889849628	2.416074232318956	4.27861058831543	5.29301531121681	6.556232230765238	2.995342398619139	2.538081619879214	0.7923851408284449	4.881117935858561	2.1574759477089445	3.5793750834328844	3.1867804928358177
5.136950370046942	5.408216405975537	8.129092543703788	2.416074232318956	4.366514384082807	5.29301531121681	6.468328434997837	2.952559046045455	2.7417834056310033	1.0235052885198432	4.933997888384366	2.122866601563284	3.632255035958578	3.1867804928358177
5.093021324206054	5.452145451816671	8.129092543703788	2.416074232318956	4.366514384082807	5.29301531121681	6.468328434997837	2.995342398619139	2.6749295574448806	0.5181995538790225	4.9250469816996505	2.122866601563284	3.6303246130672955	3.1867804928358177
5.196643879098154	5.496409039488776	8.232715098595907	2.4603378199910626	4.322250796410734	5.29301531121681	6.468328434997837	3.038183804100258	2.879035558417447	0.2831264683620223	4.9779269342253825	2.410041355165866	3.632255035958578	2.905431008958625
5.196643879098154	5.540748840460144	8.281080892457757	2.4563118271003557	4.277910995439418	5.244649517354866	6.518015428897582	3.038183804100258	2.6761754547584538	0.16422585984670393	4.9779269342253825	2.4303878669218055	3.632255035958578	2.804820412709555
5.196643879098154	5.585164998490877	8.281080892457757	2.500727985131305	4.2334948374085615	5.244649517354866	6.567767937770575	3.038183804100258	2.814559620966538	0.1644081477483251	4.9779269342253825	2.4912760262677156	3.632255035958578	2.6955016121025497
5.240572924939064	5.5904974783006125	8.329379371156854	2.5016910320827592	4.229195631624005	5.2393972323236095	6.56050342750929	3.0380371390578187	2.86289687009952	0.7945804028581401	4.933997888384366	2.4101348527378943	3.6832045655930137	2.5840232256491316
5.206100508338889	5.5904974783006125	8.294906954556716	2.5016910320827592	4.227171889598084	5.2393972323236095	6.5127930316545095	3.5622719892382273	2.3689731472493305	0.26140994100297754	4.881117935858561	2.3553377095753665	3.7824739560298632	2.669659626384978
5.171559716192731	5.5904974783006125	8.260366162410591	2.5016910320827592	4.227171889598084	5.2393972323236095	6.5127930316545095	3.781503910307937	2.1169111398838694	0.09809983282818298	4.881117935858561	2.1988338757343646	3.883327348354615	2.7916226680797744
5.18097063773224	5.5464772106152935	8.265703090514226	2.461744757833371	4.227171889598084	5.199450958074047	6.5127930316545095	3.9579608313275987	2.0165195843293855	0.3848520732400685	4.837097668173338	2.1031136535534785	3.9335811503188554	2.8527335441150496
4.857586073954075	5.546073411106144	8.018096686219543	2.3855627988407186	4.1818792805763	5.210482459764521	6.602509707870819	4.003758541862437	1.8809965564835969	0.46823575379962	4.566150920374841	2.607682340406352	3.818484112274108	2.213202562085725
4.612850986297583	5.560828253856898	7.957076059417084	2.2166031807371342	4.091869777556633	5.129949182446724	6.781138730835128	4.00395172102159	1.7955330029477847	0.38213920122417283	4.513516985956709	2.978239795754618	3.8111846310979436	1.7981028299246768
4.569041057042911	5.467101588088741	7.908645915664805	2.127496729466813	4.186451464083514	5.135267968603278	6.8617444425726175	3.519118620658762	2.094281099659169	1.4340060078067212	4.453863081536048	2.7633219170223393	3.953320191061836	2.0783918203743763
4.454216819507481	5.466784869149081	7.789042574695526	2.1319591139610146	4.232027309444926	5.140913149355385	6.860204406241474	3.344514613523675	2.6008084709194517	1.5751462435954242	3.9593300368077684	2.9450983191843165	3.609546101696237	1.8255102707672284
4.027296764164744	5.69866719884381	7.633283374311478	2.0926805886972275	4.275310392497655	5.189156536598273	6.904766165632254	3.301522759058792	2.54987557970654	1.2866028097051339	3.896364138786561	2.9617430968784855	3.3715569312802836	1.701672609868882
