0	1	2	3	4	5	6	7	8	9	10	11	12	13
8.371595814905264	4.163260052923604	7.7549704147230525	4.779885453105807	4.449123401417055	2.324196492815354	4.342877512789684	2.316423051394107	1.7288000903545278	0.17494921718401085	2.949611339301872	5.054202600995357	0.8460785198825577	4.32397476456602
8.36320449420704	4.147571093581711	7.742004342721027	4.76877124506764	4.497624006861834	2.2353640697391697	4.300517217869159	2.361548112500529	1.7288000903545278	0.09953445009026818	2.9893827394625103	5.139132182307893	0.7967584709046828	4.134116646575905
8.329853674398457	4.139770962561769	7.708864962114	4.760759674846144	4.679961742854609	2.2316007764284382	4.157625096448283	2.36035370392217	1.7264514381685307	0.06217165327969652	2.931583037594136	5.152356568047648	0.8498119100848951	4.040750630775902
8.334581375508929	4.132000174429625	7.713806547278389	4.752775002659985	4.766992476232255	2.1861370287288726	4.1266932934072	2.400875866457735	1.673395594853307	0.01478036875431444	2.9259303665998915	5.110260086773077	0.8026014487514245	4.038464501047791
8.334581375508929	4.079956857851036	7.713806547278389	4.700731686081353	4.860913928813285	2.1873850145863285	4.068083767917096	2.360839045501593	1.6901269843412767	0.024008466315723023	2.8740865100576425	5.110260086773077	0.900341962727031	3.9941544759006193
8.283328115083597	4.07524760970885	7.706838244270969	4.65173748052135	4.819035792810854	2.1383908090262413	4.0569992886105135	2.360839045501593	1.7430895996500622	0.01547748582232542	2.920299463611382	5.10552873877656	0.8471883173351876	3.9897737548293954
8.283328115083597	4.07524760970885	7.706838244270969	4.65173748052135	4.819035792810854	2.139635119729329	4.020648899128316	2.359594734798372	1.7794399891325154	0.01547748582232542	2.868549245678818	5.10552873877656	0.8989385352667472	3.9897737548293954
8.283328115083597	4.07524760970885	7.706838244270969	4.65173748052135	4.860913928813285	2.1824074714047383	4.015121152608146	2.355611218221411	1.777069826191348	0.05426632093749218	2.8168908529053276	5.10552873877656	0.9505969280405137	3.9897737548293954
8.283328115083597	4.07524760970885	7.706838244270969	4.65173748052135	4.860913928813285	2.1824074714047383	4.015121152608146	2.355611218221411	1.777069826191348	0.05426632093749218	2.8168908529053276	5.10552873877656	0.902622545973497	3.9429233153297654
8.283328115083597	4.07524760970885	7.706838244270969	4.65173748052135	4.860913928813285	2.1824074714047383	4.015121152608146	2.355611218221411	1.7241768673331048	0.0937006944957542	2.8168908529053276	5.063492561358278	0.902622545973497	3.846812232010677
8.283328115083597	4.023293333640871	7.706838244270969	4.599783204453338	4.91286820488143	2.1824074714047383	4.015121152608146	2.355611218221411	1.7241768673331048	0.0937006944957542	2.7653241248694425	5.063492561358278	0.9541892740092289	3.846812232010677
8.225014771089885	4.0816066776343884	7.706838244270969	4.599783204453338	4.818355978811528	2.1824074714047383	4.109633378677958	2.355611218221411	1.7241768673331048	0.0937006944957542	2.8236374688629953	5.063492561358278	0.9541892740092289	3.7997486186628637
8.169126763886995	4.0816066776343884	7.6509502370680655	4.599783204453338	4.818355978811528	2.139635119729329	4.109633378677958	2.398383569897029	1.6713466044159984	0.13308355317481785	2.8236374688629953	5.007604554155493	0.9541892740092289	3.7997486186628637
8.169126763886995	4.0816066776343884	7.6509502370680655	4.599783204453338	4.818355978811528	2.139635119729329	4.109633378677958	2.398383569897029	1.6713466044159984	0.0937006944957542	2.8236374688629953	5.007604554155493	0.9062915091307411	3.802655882764629
8.169126763886995	4.0816066776343884	7.6509502370680655	4.599783204453338	4.818355978811528	2.139635119729329	4.109633378677958	2.398383569897029	1.6185790157060145	0.0937006944957542	2.8236374688629953	5.007604554155493	0.9062915091307411	3.802655882764629
8.169126763886995	4.0816066776343884	7.6509502370680655	4.599783204453338	4.818355978811528	2.139635119729329	4.109633378677958	2.398383569897029	1.6185790157060145	0.0937006944957542	2.8236374688629953	4.965643406165327	0.9062915091307411	3.8446170307546477
8.22273085973859	4.028002581782898	7.695094269292882	4.555639172228554	4.818355978811528	2.0954910875044703	4.109633378677958	2.398383569897029	1.6185790157060145	0.0937006944957542	2.770033373011435	4.965643406165327	0.9062915091307411	3.8916035967874274
8.22273085973859	4.028002581782898	7.695094269292882	4.555639172228554	4.776383140974362	2.0954910875044703	4.15160621651506	2.398383569897029	1.6185790157060145	0.13308355317481785	2.770033373011435	4.965643406165327	0.9062915091307411	3.8916035967874274
8.22273085973859	4.028002581782898	7.695094269292882	4.555639172228554	4.870990068878975	2.0954910875044703	4.0569992886105135	2.398383569897029	1.6185790157060145	0.13308355317481785	2.770033373011435	4.965643406165327	0.9062915091307411	3.935764448404187
8.22273085973859	4.028002581782898	7.6509502370680655	4.599783204453338	4.870990068878975	2.139635119729329	4.0569992886105135	2.4780654212372095	1.6185790157060145	0.21276540451582057	2.770033373011435	4.965643406165327	0.9541892740092289	3.935764448404187
8.22273085973859	4.028002581782898	7.6509502370680655	4.599783204453338	4.870990068878975	2.139635119729329	4.0569992886105135	2.4780654212372095	1.6185790157060145	0.25209681204128453	2.7693939356548634	5.007604554155493	0.9548287113663928	3.846812232010677
8.22273085973859	4.028002581782898	7.6509502370680655	4.599783204453338	4.870990068878975	2.139635119729329	4.0569992886105135	2.4780654212372095	1.6185790157060145	0.25209681204128453	2.7693939356548634	4.956388358973153	0.9548287113663928	3.8980284271930046
8.184500941031402	4.077018713199724	7.612720318360871	4.648799335870168	4.821973937462264	2.139635119729329	4.0569992886105135	2.4371170343528976	1.6525821970871701	0.21114842515844623	2.7693939356548634	4.918158440265981	0.9548287113663928	3.8980284271930046
8.184500941031402	4.077018713199724	7.612720318360871	4.648799335870168	4.821973937462264	2.0968006710724825	4.0569992886105135	2.441218018553736	1.6525821970871701	0.13308355317481785	2.8201385439280617	4.918158440265981	0.9040841030931163	3.8980284271930046
8.146196379391444	4.077018713199724	7.618559788945701	4.6046553036453295	4.821973937462264	2.0954910875044703	4.0569992886105135	2.398383569897029	1.6525821970871701	0.13308355317481785	2.8201385439280617	4.92187509065555	0.9040841030931163	3.856007215163411
8.199909818232108	4.0233052743589965	7.667486377161041	4.555728715430029	4.821973937462264	2.046564499289102	4.0569992886105135	2.398383569897029	1.6185790157060145	0.13308355317481785	2.715680496814261	4.92187509065555	0.9548287113663928	3.9002361093649913
8.161530429178548	4.0233052743589965	7.6291069881074245	4.555728715430029	4.821973937462264	2.046564499289102	3.9677276030430666	2.398383569897029	1.7078507012736857	0.13308355317481785	2.715680496814261	4.883495701602021	0.9548287113663928	3.947231575605082
8.215353451208065	3.969482252329426	7.6291069881074245	4.555728715430029	4.821973937462264	2.046564499289102	3.9677276030430666	2.398383569897029	1.7078507012736857	0.13308355317481785	2.713331556722342	4.925592182876465	0.9033546294283858	3.9494409523236724
8.232903013178845	3.969482252329426	7.646656550078254	4.555728715430029	4.821973937462264	2.046564499289102	3.9677276030430666	2.398383569897029	1.7078507012736857	0.13308355317481785	2.713331556722342	4.943141744847335	0.9033546294283858	3.9494409523236724
8.232903013178845	3.969482252329426	7.695507727057074	4.506877538451204	4.821973937462264	1.997713322310312	3.9677276030430666	2.398383569897029	1.6551457646617374	0.13308355317481785	2.713331556722342	4.985313652212829	0.9513290114957896	3.998578723410523
8.232903013178845	4.01840965594746	7.695507727057074	4.55580494206916	4.773046533844181	1.997713322310312	4.020648899128316	2.398383569897029	1.602224468576992	0.13308355317481785	2.713331556722342	4.985313652212829	0.9513290114957896	4.0454371413591
8.286835858804317	4.016420589070933	7.695507727057074	4.60774872081824	4.721102755095133	1.997713322310312	4.020648899128316	2.398383569897029	1.602224468576992	0.13308355317481785	2.659398711096891	4.985313652212829	0.9513290114957896	4.0454371413591
8.286835858804317	4.068453067513582	7.739742439032175	4.615546487286	4.710948412654734	1.9534786103353292	4.015121152608146	2.439335041386329	1.5658740790945744	0.21151184639856352	2.659398711096891	4.985313652212829	0.9513290114957896	4.0454371413591
8.24833513864123	4.068453067513582	7.701241718869103	4.615546487286	4.710948412654734	1.9534786103353292	4.015121152608146	2.439335041386329	1.5658740790945744	0.21151184639856352	2.659398711096891	4.998073771501365	0.99938012730326	4.038635453910722
8.24833513864123	4.068453067513582	7.701241718869103	4.615546487286	4.763641690726143	1.9534786103353292	3.962427874536574	2.439335041386329	1.5658740790945744	0.21151184639856352	2.659398711096891	4.998073771501365	0.99938012730326	4.129960452402323
8.209758989867247	4.120574386996907	7.711448811618033	4.6188845652463755	4.711520371242768	1.9046953688125519	3.962427874536574	2.439335041386329	1.5658740790945744	0.21151184639856352	2.659398711096891	5.001759825612862	0.99938012730326	4.087698249516586
8.209758989867247	4.169396337030785	7.711448811618033	4.667706515280023	4.662698421209105	1.9046953688125519	3.962427874536574	2.4005492202892236	1.5658740790945744	0.17272602530494008	2.7109641307406482	4.992807504840314	0.9935575295274276	4.096650570289246
8.171107225677742	4.117280820125608	7.721504945190095	4.566883100613299	4.567608433972994	1.81315302239434	4.073282989195746	2.4433836689459625	1.602224468576992	0.17272602530494008	2.762621047660063	4.902789663999141	0.9419006126074437	4.00982940046688
8.171107225677742	4.166019902756229	7.721504945190095	4.615622183243982	4.518869351342331	1.81315302239434	4.073282989195746	2.404542323097701	1.602224468576992	0.09449926048522793	2.8143696213967666	4.851347603506071	0.9382760973657112	3.9698850100857324
8.073920574451842	4.224478987115257	7.73141003649799	4.566989525069177	4.424321946215532	1.7645203642194474	4.131412749900887	2.404542323097701	1.6386421129984594	0.09449926048522793	2.8229201444629664	4.8126200366390535	0.9906506770466375	3.9698850100857324
8.035117017186948	4.224478987115257	7.692606479233034	4.566989525069177	4.424321946215532	1.7645203642194474	4.131412749900887	2.404542323097701	1.6045480425609944	0.09449926048522793	2.8229201444629664	4.816186052951594	1.0389326927910638	3.927515436508426
8.050271502830999	4.1704447656294255	7.653726743391295	4.566989525069177	4.424321946215532	1.7645203642194474	4.184427199047208	2.404542323097701	1.551533593414788	0.09449926048522793	2.820822095577005	4.777306317109784	1.0353557352756397	3.880511490397409
8.050271502830999	4.1704447656294255	7.653726743391295	4.566989525069177	4.476896513505266	1.7645203642194474	4.095393435384471	2.404542323097701	1.5879927897878376	0.09449926048522793	2.8218413757930327	4.81975211912276	1.1312869481218781	3.8825129742182343
7.994094951432433	4.1704447656294255	7.597550191992773	4.566989525069177	4.476896513505266	1.7645203642194474	4.095393435384471	2.404542323097701	1.5879927897878376	0.05506225229991752	2.8228643320418705	4.815047255882753	1.1330652392194047	3.875561621578123
8.009254964766031	4.1163000482025724	7.558565487899487	4.566989525069177	4.571503441409795	1.722992410592802	4.000786507479826	2.4439571370816617	1.5879927897878376	0.052949112659269326	2.8220598836824533	4.8612127586691996	1.274888668035322	3.83014465245708
7.953126320421401	4.168409622110051	7.4538041853800285	4.6677317571515236	4.572105026364062	1.7716250687675463	3.9480753486180524	2.4439571370816617	1.5879927897878376	0.09238612084223803	2.874467146492775	4.847774066356254	1.274694277240603	3.8322610351690405
8.007381776067053	4.062044592556929	7.409554867900995	4.659871500722957	4.677002907899818	1.8587069140468357	3.9317462373628964	2.4399134443799246	1.551533593414788	0.13117495593997644	2.8713990919218406	5.019303251461105	1.321883000261505	3.795594770992684
8.007381776067053	4.062044592556929	7.409554867900995	4.659871500722957	4.866345274263043	1.9014774402881258	3.7424038709996648	2.476824769478776	1.551533593414788	0.21085680728010336	2.8713990919218406	5.105531709269661	1.3711893213217878	3.8448977941351083
7.912211839720383	4.062044592556929	7.314384931554418	4.659871500722957	4.919328313250044	1.9430091402051721	3.6894208320126625	2.4352930695617783	1.551533593414788	0.21085680728010336	2.8713990919218406	5.010361772922946	1.4205746371277437	3.8448977941351083
7.927383926089104	4.153365093365515	7.3766469885472254	4.704102030907436	4.879838906580302	1.8842630753008542	3.583223301534023	2.392582727502285	1.4646782845283497	0.21085680728010336	2.9221238427806924	5.283327475684503	1.8048690961934446	4.223060294494501
7.927383926089104	4.201751204656034	7.425041087026653	4.704094043718571	4.9795155122554515	1.835868976821496	3.3821461354219693	2.392582727502285	1.5176927336746453	0.21085680728010336	2.9748102943002523	5.422384752902512	1.9026828996562983	4.2699402880604485
7.771936131252665	4.261769449021141	7.1768648533399535	4.8568407269337746	4.976981544961528	1.8900214842055632	3.3287962689446005	2.4352930695617783	1.6231525812013574	0.21085680728010336	3.4038383687800993	5.587111428034324	2.292703792322764	4.375003864822322
7.732532536016767	4.213308241108479	7.088917751313994	4.856923025811196	5.02544275287411	1.8957926393203208	3.2758492319938393	2.4780654212372095	1.6760996181521672	0.21085680728010336	3.51360577379418	5.592080504074301	2.3380526337135294	4.236394799058764
7.634675687271591	4.152495218738205	6.881786672285887	4.9053842337237725	4.893831033659791	1.8957926393203208	3.4649612293925482	2.4780654212372095	1.622962470454391	0.17141979910263763	4.166792157989354	5.903553938736143	2.3701575165078035	4.918280537687774
7.538406702841033	4.097689999427375	6.779255975334632	4.8568407269337746	4.893831033659791	1.8900214842055632	3.501352975631864	2.4352930695617783	1.6924083441151365	0.17141979910263763	4.277864518160838	5.939166765526506	2.310791505693648	4.925938978020608
7.368532800317071	4.253095569592694	6.764992687392458	4.856635682517322	4.892234181503685	1.835868976821496	3.3699002765217307	2.392582727502285	1.7288000903545278	0.17141979910263763	4.568792103860614	6.1928173639742985	2.8621510098057197	5.2586147830850845
7.368532800317071	4.349401707125348	6.861557340796583	4.856377166645655	4.7959280439709016	1.6977708930862903	3.3699002765217307	2.3953857779824967	1.7288000903545278	0.13268941925085173	4.573631751295813	6.187429695753751	3.0320879672465515	5.3144343517024035
7.071274182318916	4.471435692990117	6.7345034708001705	4.808206404508858	4.8078780648606605	1.6911335612806002	3.3214910592586917	2.31290087616217	1.7652592867276655	0.05224928640572087	4.792154292516408	6.664332599636193	3.6606825219190466	6.327001508832787
7.046034390953738	4.416436571412905	6.65426455785781	4.808206404508858	4.766225724437213	1.733781981111391	3.326616595086902	2.2702524563309563	1.8017860913228085	0.05224928640572087	4.862401277811497	6.964172701670766	3.615972598269478	6.484021620196383
6.759019924853385	4.567391537512281	6.658436816983059	4.667974645382541	4.753496726668607	1.5401809624748573	3.243389748333309	2.227665871318973	1.7676799792307396	0.05224928640572087	4.828415030536612	6.862111180357808	4.415880146211964	6.803123898651755
6.619360116323337	4.677194022313017	6.680668351088508	4.615885787547966	4.745771495530835	1.49237464007668	3.255397514907252	2.227665871318973	1.7676799792307396	0.01478036875431444	4.889730854829763	6.58360571815417	4.541833194790597	6.961869255611146
6.269045053868435	5.00519963369645	6.606201913528725	4.668042774036201	4.633913999564967	1.4880907727643562	3.3403515525302914	2.184217265808468	1.6417150286533226	0.0937006944957542	5.35060821430124	6.7454615071620605	5.436523345409726	7.211087733481413
6.132664064314407	5.059718132713543	6.5719981511250625	4.620384045903048	4.580583776470744	1.4404320446307657	3.430073521863805	2.184217265808468	1.605323282413778	0.0937006944957542	5.522152244035038	6.611114567312995	5.381922654064824	7.503942157100499
5.87696275222511	5.2854467493824995	6.442157917933402	4.72025158367421	4.433623551664218	1.4880907727643562	3.577880780347346	2.1454284307099067	1.5522674390986222	0.05491185939406856	5.713361392743371	6.811685752116497	5.796581536734081	7.1961531001889885
5.821242002697997	5.390125553304416	6.386437168406404	4.824930387596053	4.328944747742329	1.4880907727643562	3.577880780347346	2.1454284307099067	1.5522674390986222	0.05491185939406856	5.778460817185974	6.855782044684691	5.894614960693234	6.950380179512732
5.5545336123553195	5.554880282500168	6.268191328146011	4.841222566709338	4.182341364219586	1.4408944430719766	3.619456245273209	2.06504473199301	1.5522674390986222	0.055450429146011795	6.209122756551199	7.506545019283628	6.723701978809515	8.104988366255556
5.464866783660808	5.483171607295123	6.154448754347651	4.793589636608384	4.188001579582878	1.3456297264330446	3.619287416143801	2.06504473199301	1.4991442663266321	0.055450429146011795	6.460184864952473	8.413678378058627	7.779410127077003	8.184984162365994
5.408385198745354	5.483171607295123	6.09796716943219	4.793589636608384	4.241371013958065	1.3456297264330446	3.5659179817686706	2.06504473199301	1.4991442663266321	0.09478183667942784	6.643472228739983	8.468186920240154	7.4313767845005145	7.891940428281603
5.407777356907052	5.483171607295123	6.097359327593858	4.793589636608384	4.241371013958065	1.387230708703824	3.602190091818107	1.9825418581934968	1.4628721562773501	0.0931599652912544	6.643472228739983	8.249316833017776	7.573488356421075	7.92835504769534
5.318717443210298	5.46106521816028	5.938648601970566	4.841134059400028	4.24727353408709	1.4288933564958541	3.548743148897361	1.9408792104014752	1.4628721562773501	0.0931599652912544	6.651562954563889	8.038091489433585	7.332358710875493	8.406646692278397
5.4849456894747695	5.279287324137459	5.923098954212431	4.841134059400028	4.193826591166342	1.470617762865416	3.602190091818107	1.8991548040320045	1.4628721562773501	0.1306416857830202	6.531484483501814	8.302660431196488	7.005237883835885	8.111802309056868
5.656357630755899	5.107875382856465	5.923098954212431	4.841134059400028	4.193826591166342	1.4281510485708417	3.602190091818107	1.9007750925583369	1.5158511058867339	0.0897952600100565	5.968267745548805	7.635141868804606	6.642362555762124	7.836357952490425
5.637384733602891	5.006075504419181	5.849870601413802	4.793589636608384	4.241371013958065	1.4281510485708417	3.602190091818107	1.9007750925583369	1.5158511058867339	0.0897952600100565	6.04534996622725	7.176985870511714	6.483564130807276	7.694117296324593
5.6939520232522	4.873617981010934	5.911046763746966	4.656523240516181	4.39081008343267	1.4806465474694297	3.6438041017682514	1.9022662769922074	1.5158511058867339	0.05051282737369726	4.578665807398256	7.124502207203203	6.751767945944926	7.278230705359745
5.639705115309522	4.879881895853745	5.863218650838085	4.656368360325141	4.385404150332187	1.5277257644667832	3.6971930279685075	1.9030151729039357	1.5158511058867339	0.05051282737369726	4.099212513214457	7.0156203706445	5.950565738024903	7.196010044928904
5.1653078673203465	5.170638626895846	5.817204503078764	4.518741991137516	4.481635033228685	1.48557916676981	3.6971930279685075	1.9037662843095664	1.4816818248493275	0.028206485394612603	3.2781292469623637	7.138594773350499	4.996788244894027	6.470957549727896
4.838941781806769	5.3472203095584945	5.712436396214291	4.473725695150862	4.434841604372926	1.488057775521591	3.792234698308094	1.9045196210548516	1.4816818248493275	0.06764349355881398	3.15759806367099	7.202747515798579	4.590992624622161	6.3180089191933755
4.640726406165561	5.091854506562415	5.4127191039359195	4.319861808791926	4.636773799119769	1.5782182690829845	3.75596258825882	1.8624274358817279	1.5179539348985585	0.06961152014643177	4.509189754922145	5.897478308603946	2.4678537254484025	4.9348757079041325
4.909552513475368	4.823028399252661	5.319830422282494	4.412750490445552	4.5949657496273275	1.7126305629884369	3.7446474649791184	1.7801127923090352	1.5710771076706889	0.14994565012115935	5.4826506291380666	5.670018342124095	1.6905664633314221	4.4955812121257575
4.919737151412186	4.944404971254471	5.507750974777737	4.356391147889001	4.693133141676379	1.6704133063925795	3.702839415486584	1.901971005970962	1.5710771076706889	0.03076159440254107	4.409163195296507	6.294706023798349	0.842262387406816	3.447418528718119
4.820148063871814	4.901281794119015	5.569713967437538	4.15171589055352	4.84967038218185	1.6651240758021137	3.7391377763036213	1.8591222197317852	1.5347787468536516	0.03076159440254107	4.515288457755679	6.368588563609242	0.20231404680623408	3.5119823827936787
4.805096945050262	4.960851915445514	5.614232969942336	4.15171589055352	4.84967038218185	1.7073422700288505	3.7391377763036213	1.8169040255046784	1.5347787468536516	0.07030469305473033	3.640147587992146	3.5517719861967825	0.21035109271448438	2.782764740837749
4.79570362776118	5.01467359033001	5.658661327537772	4.15171589055352	4.84967038218185	1.7073422700288505	3.7391377763036213	1.8169040255046784	1.5347787468536516	0.07030469305473033	3.1984934240527614	3.273923975002319	0.01865741069309186	2.8560988283957345
4.750039242634446	5.022341317204452	5.672667593107186	4.09971296673184	4.8598652565110125	1.7073422700288505	3.7446474649791184	1.8169040255046784	1.5710771076706889	0.10989964796894877	2.5209903162375125	3.0130906733691742	0.037479022269386236	3.3432026691455707
4.852942455183546	4.967003461542964	5.775570805656314	4.044375111070379	4.915203112172522	1.6644925461585327	3.7446474649791184	1.8597537493748941	1.6241479967803016	0.10989964796894877	2.2766937926254682	3.260492199376163	0.05596338060284773	3.5072569073123083
3.910667360924194	5.713826330897775	5.6420486816261075	3.98244501019585	4.915342887157878	1.7091681366490248	3.8874117421756083	1.9005973981820035	1.5878496359634844	0.031488959417593256	1.1342573845179544	4.240305152103932	0.9765648209214766	1.8744439498792402
3.5989935807546765	5.8780928503503755	5.552888303426302	3.9241981276786397	4.965074075009709	1.7960492837918165	3.940528087571321	1.8583169017695982	1.5536457830160035	0.031488959417593256	1.0584131869871474	4.571962072312069	1.2566139661639832	1.2469603402935503
3.760144452292026	5.777207153900609	5.6293772348762765	3.907974371316467	4.96919573771634	1.8798364686557274	4.046663718457564	1.8154663321315736	1.5005488610118025	0.07113864143184931	0.5717503969394614	4.12087829205426	0.8220620841662805	0.9787857780673007
3.604130194916289	5.8901063716049045	5.688227145266751	3.806009421254328	4.912509584842249	1.8793297312986421	4.205314821393792	1.815973069488853	1.3975557250732153	0.03352234796771007	0.5136535753512047	4.0713370380965	0.973162488327849	0.8049685609541031
3.319545374512053	5.945907562394859	5.408362582770218	3.857090354136943	4.760733718363388	1.9162418138102788	4.258043781073153	1.7719940447300981	1.3285741248941072	0.007376683608438705	0.02702916675779116	2.481726603472222	1.1608615666687487	0.11110307321053622
2.6810290695137438	6.0582019833665655	4.933075441439576	3.80615561144077	4.759016737999477	2.0440363193398783	4.310695504133256	1.7239398457882027	1.2939870113266416	0.08507810621094793	0.43755103916982796	2.1357407495698864	1.540527683991226	0.20109197810190166
2.04723500590595	6.3742701513973135	4.7585587007514265	3.662946456551414	4.8098660869403815	1.994530204967148	4.310695504133256	1.6810861542125266	1.3285741248941072	0.08507810621094793	0.8556062429818985	2.0006496898838937	2.01099598964977	0.4005303895427381
2.093045881144011	6.3742701513973135	4.804369575989449	3.662946456551414	4.8098660869403815	1.9518679664688297	4.310695504133256	1.7237483927110422	1.3285741248941072	0.08507810621094793	0.6572815162221324	2.046460565121733	1.8126712628897605	0.4667213263796325
2.240589119317104	6.323293952546197	4.942457888278918	3.6214251835843387	4.8009895758365175	1.9450130849857994	4.268722666296099	1.6382326522860668	1.3285741248941072	0.08507810621094793	0.6113821391793066	2.413029783145608	1.0854281794657255	1.6111767304673703
2.7049009628469527	6.1148780821170075	5.19808082655157	3.6216982184122886	4.847475031573051	1.8972593494803718	4.174210440226279	1.6382326522860668	1.3630969781689515	0.08507810621094793	0.33053995414385795	2.2622935498823957	0.4901412353873011	1.6087050777191838
3.2944266192663076	6.0014386376424325	5.572222230173942	3.723643026734562	4.840006775845538	1.8973227881533512	4.079733887631435	1.6381692136127972	1.3975557250732153	0.08711699028682661	0.05041547283639824	2.1815214248277353	0.27938974782754133	1.540070384358688
3.480286251139831	6.000583637532268	5.706126272439655	3.7747436162326227	4.841658317048262	1.8973860384415437	4.026981756930695	1.5971544918355176	1.4319505191447686	0.048198907337175356	0.04563998166547878	2.211189536106767	0.5657779269866885	1.3332927477520056
3.287305638461478	6.1523114009589825	5.664627303009774	3.774989736410684	4.79373273159688	1.8497065731681575	4.026981756930695	1.5971544918355176	1.4319505191447686	0.00854922531484963	0.8166576374806463	2.3834629188010883	0.22961777569121908	1.4917348474709502
3.190842185750769	6.204049246107284	5.664533837058135	3.730357594799804	4.79373273159688	1.8050744315571128	4.026981756930695	1.5971544918355176	1.4319505191447686	0.00854922531484963	1.0456391661912265	2.454383767980601	0.45370239716400673	1.798944617123585
3.2509208585539238	6.1439705733038865	5.712143925929298	3.6827475059287518	4.79373273159688	1.8000001771234666	4.026981756930695	1.5546186573981253	1.4319505191447686	0.00854922531484963	0.9871260120017026	2.2967584371035676	0.3351105701718747	1.7064035359433605
3.2509208585539238	6.191810685665624	5.712143925929298	3.730587618290482	4.745892619235101	1.8000001771234666	4.026981756930695	1.5546186573981253	1.4319505191447686	0.00854922531484963	0.8684890723320163	2.2967584371035676	0.10360190113447473	1.92411028322875
3.334879839701753	6.234677135032064	5.787794544654662	3.781762430079238	4.842104158146127	1.7575274054271777	3.879595406230889	1.5970914290943978	1.466281513534789	0.029015007755655946	0.45633366242503565	2.548694674916758	0.19337284371823402	1.8315930157223632
3.4680432340252483	6.234677135032064	5.920957938978193	3.781762430079238	4.9481097660006546	1.75759028145418	3.8097947003285455	1.5970285530673785	1.483268621550709	0.010631867614964012	0.10916220268442095	2.4444583180151156	0.4840193495602755	1.491651558877204
4.205166437146179	5.914398540109619	6.1497420831345515	3.969822894121224	5.044661526685899	1.8943904905516569	3.7151203698472637	1.5970285530673785	1.4833866158047289	0.010631867614964012	0.3088163313950512	1.3092648895512191	0.9495459162743694	0.022937875225441884
4.500210222771328	5.749770226386215	6.19126356313454	4.058716886022878	5.151244884526831	1.9409373696614907	3.608537012006335	1.639375665859383	1.5175960544181786	0.026883251711479404	0.4930799793925553	1.1529161484568886	1.1655641074709309	0.10543524606133818
4.6443712649378845	5.632800294366391	6.235676052738242	4.0414955065660605	5.307087337602887	1.941644807396865	3.5189511686026616	1.7238819154004572	1.6604184459118054	0.026883251711479404	1.1187410615589255	1.1604921065204508	0.8340416149727199	1.7767108971432515
4.636808586579428	5.625575350007066	6.180209206673033	4.082174729913306	5.307087337602887	1.9401647077071438	3.5189511686026616	1.7660412384375492	1.7673167045170566	0.026883251711479404	1.122299788794395	1.2884755942614472	0.4204438859327796	2.08649801101974
3.6503678344536	5.945764649042867	5.697537037938191	3.898595445558321	5.668622691253468	2.0232848759771467	3.465466544429359	1.807392515289642	1.8744694512719373	0.066527256251471	3.395442162891568	4.89141494727875	0.09847774951234028	1.179162624353128
3.3188972727754087	5.9680601597445015	5.5394153261587356	3.747542106361213	5.68038523745126	1.9254134437207548	3.5068859051723256	1.807392515289642	1.8744694512719373	0.10622316965673978	3.266525079864237	5.800939441784437	0.17133485268476142	0.8054619754514029
4.526961927931654	5.688243622025621	6.346403057879583	3.8688024920775703	5.623447252627074	1.712885554045724	3.5189511686026616	2.0963080692876503	1.908437817670013	0.066527256251471	4.8107164779140765	5.6829587005498885	0.6604806452658262	2.560669822700352
4.733790534052773	5.680610835067524	6.452053086560934	3.962348282559298	5.573137667386896	1.6736988249709521	3.5189511686026616	2.178731003603504	1.908437817670013	0.066527256251471	4.4698921896850194	5.608410407762558	1.158879650076384	3.560537762299257
5.9147856378013435	5.172532087116825	6.991872276494722	4.095445448423434	5.336730446112376	1.1945007341843834	3.791536846937865	2.791026260254361	1.8722593606093143	0.06434652601488139	5.330678552400407	3.8469303725575004	5.9006609194182795	0.11858047677739805
6.508359124146447	4.752645143890918	7.208648080302501	4.05235618773484	5.230991361195664	1.0307428823991975	3.897275931854644	2.911694851351373	1.8722593606093143	0.02475722566551199	4.910791609174522	3.895809129079997	6.826603528907003	0.39000991845706845
7.004606758019693	4.129300851929109	6.911096169401293	4.222811440547604	5.459228854865215	1.2525837683130887	4.065696673042904	3.3510566097450365	1.9253970457572789	0.13465216598857474	3.3350715926806807	4.661962382317991	1.1440058614454087	4.48783515839215
7.112246932255709	3.97810070691785	6.78735549328076	4.302992145892747	5.453636499441507	1.3107557807269214	4.081032915080696	3.469893006213658	2.0146988697139827	0.13243415895338495	2.966959452235063	4.068511044597024	2.1411883397714595	4.357983414792584
7.694670700483767	3.3517489691632956	6.6928894082626265	4.353530261384531	5.423735307254136	1.5030536808488737	4.455015909338098	3.672215023654122	2.0146988697139827	0.09501141239763282	2.8915223307022044	3.681933283316756	2.2821194045141406	4.074432546859196
7.9558631868930485	3.0387063363938127	6.662008694137338	4.332560829149688	5.354346231412127	1.5077228255418798	4.670648760372074	3.79282022191791	1.9076059159092928	0.13439164703902445	2.9285723597760653	3.432307460845299	2.0000159301125424	4.246489208555369
8.171155855244075	2.4752218118645204	6.4066540405195385	4.2397236265889635	5.5215901252469965	1.864007941139878	5.181871692085822	3.928174707906216	1.8350521054330378	0.05411831300960659	1.917986000022705	3.3831329265240657	0.0929365788595449	3.8648733149220056
8.058425516706466	2.585085604645911	6.445430110122371	4.198081011229939	5.696790251832456	1.943506045294958	5.006671565500455	3.7661961061637537	1.8689831868949003	0.01328043079220902	1.8752627064555765	3.3282972290640136	0.03063060440025743	3.615118575820085
8.347454475475104	2.151934569160188	6.488799647180689	4.010589397454712	5.14312643426455	2.0964156898530963	6.062799641993243	3.8726012933017824	1.7987360253226878	0.01392128085717836	1.1405446227768437	2.998006592003662	2.140227991313679	2.1979194374676516
8.34603863178394	2.1029296882228175	6.487383803489398	3.9615845165173558	5.415485321417426	2.215466615525158	5.839445635778016	3.7922897521665737	1.7987360253226878	0.0526606654120787	1.0920161836182656	2.684479735271046	2.386055938543712	2.007003345722032
7.69308013462326	2.243303887503352	6.3028392020453605	3.6335448200813008	5.259859130644467	2.717235205180002	6.484260296507491	3.4346985667566625	1.781764656047446	0.1704933605087786	0.5998443580895034	1.4657716025491199	0.694719841934387	0.9759326345299482
7.563172659188019	2.2967796691809412	6.280375457891333	3.579576870477501	5.452470855344745	2.782975666933978	6.25361259523131	3.313308349026481	1.7116507077958523	0.36585830205281294	0.794894975343092	1.2292073829441221	0.805488303123683	0.9057947162691915
5.642248019827945	3.440562364878665	5.922810707786938	3.15999967691941	5.388163931700607	3.056716837636844	6.652764517365281	2.991256911125615	1.6949332092836242	0.5986182734131802	0.7043592551550379	0.5363104345252939	3.6410724940749075	0.3422875784174149
5.111987369489236	3.6096254238694803	5.654060899210757	3.067551894147862	5.067568831194175	3.1371040372314183	6.9592004282980975	2.870086976117226	1.748463816111591	0.59645179326538	0.32300243076596574	0.12388718003226624	2.9131576084610753	0.5341649103374202
1.9432396157685605	5.889745539211094	5.171545169540902	2.661439985438511	5.269673986647955	2.8023982191727983	6.754672456216034	2.8202875250351296	1.6786972109881977	0.7143158361292544	1.6477973026611739	1.3541419153503027	1.3679237597350236	0.8887124814068491
0.5700013974237915	6.498518258931181	4.452416411417061	2.6161032449381794	5.124223815437606	2.9201429738755973	6.897760756880832	2.6548441592861365	1.591612149286796	0.7517747146174281	1.796030591644313	0.9069982091846382	0.9663731971685247	1.832549799969136
1.4592161577418037	6.956440728527208	3.4088217449345493	2.0884028258507605	5.598452065584199	2.9712834126648993	6.891432431503105	2.5270973025305548	1.310858215564081	0.9811198235553	3.387120412283612	1.3807922657244058	1.3905248904117324	2.721783505340254
2.620076666609546	7.45592237010745	3.2230698503337845	1.612775853164119	5.733310091837221	2.764218984376214	7.077097980105484	2.5664377452424114	1.1522619127785518	1.0983408210095367	2.632074811206558	1.2421794153992507	1.8050320979805725	2.952652976369527
3.2526909687662204	7.34366160350691	3.6218702746745373	0.46910036006615774	5.6817596105788555	2.3823183418750906	7.700464604024237	2.4445912723338696	1.0495904990915186	1.2109735669889394	3.914453441038891	1.516517585475351	0.728326541603502	3.7315197079408655
2.3257864540134503	7.296861822204184	4.062576340422348	0.9084990277683745	5.083093077478056	2.5218384714391497	8.004186273597671	2.4473856893835273	0.9642832901095368	1.2101996998567655	3.650711572290966	1.7712312975177573	0.75959644668408	2.970955904606156
2.9965375353791477	4.885070085191252	6.157747959736459	1.723859660833705	4.4636817400984805	3.45088333114334	8.56882189169618	2.451065172541989	1.159742355488771	1.2070244751244845	0.8293286513765645	0.017842369699180356	0.21651814578600173	0.3728830582615821
0.28284664577075497	6.3194747156925075	4.620418564101108	1.4162095058219746	4.9049518717199625	3.4478662287862587	8.435201915086758	2.4132939379635214	1.107823390194465	1.27999154419914	0.040178807056859334	1.2728194613392256	0.4864042368786342	0.9294502121141721
3.4315496754691868	4.870065504143018	6.544872167648372	1.7567430119642748	4.684111268830121	3.656263326598176	8.390765109642269	2.3700780931469154	1.0940979340502597	1.242122956462793	0.8672518814059239	0.37352018496710393	2.036888527852206	0.0997398153627402
3.3793927053547206	4.641966229176667	6.257493818240459	1.7638651162907382	4.1030191133467095	4.132590838366605	8.86164339073155	1.8699627036222477	1.235784296479735	1.2002536357014306	0.633262803300519	0.3502165330972264	0.6271204878185709	0.31328223987502085
1.5961807107254216	6.543404216237897	4.211904120772584	0.7353193847398718	4.804023386459881	3.711323024440458	8.756831096681573	1.7850936887057456	1.1964648427435836	1.2380225687670106	0.5124778530922647	0.7487236545264493	0.6296682420339326	1.877617492021762
0.6170785483263483	6.121215075080781	4.62964194888206	0.87449457787319	4.980190437118318	3.801918156401438	8.42659615501627	1.7850936887057456	1.3019526725784432	1.2380225687670106	0.391795694857407	1.093627527650042	0.22939391583167698	1.641313687689084
2.5026309461255605	7.338671111837343	5.314992400387754	0.47895223467547493	5.28733402573352	3.592551472574559	8.52685886886004	1.571797827877558	1.721752963235081	1.124115604317056	1.1811000727163927	2.402388601057907	0.7657746596861417	1.0574079937476564
0.7278850587696052	6.750915717511466	7.326606794710432	0.15219398156884462	4.992686537920994	3.930482511161173	8.467213327887453	1.6553214810619068	1.8773763280865774	1.202669640401232	0.6908508300306395	2.3493665092061544	0.4142495192581532	1.1264740084777511
1.83704637548316	6.626956396367943	7.782964248776136	0.6810385230749827	4.704375443794557	4.345244308832099	8.36003285643772	1.6980449413722507	2.1668837311898206	1.202669640401232	0.329914469974431	1.5882103347095975	1.8314101449834008	2.006853224460248
1.766239720971453	6.312659347423526	7.355610442827719	0.7232886255670128	4.617108379073875	4.517042142513492	8.339693337872026	1.524366631732936	2.1804568052715347	0.06896939543000816	0.5300171530171788	1.224374596067485	1.4748745033164654	1.1513676421051868
0.22285347724325952	7.20156629920866	7.1232274972673055	0.14451467530373904	5.04468237229429	4.381265218831401	6.805384591650506	1.5224400877289155	3.2230955795298684	1.2252296484182825	0.9266541085745117	1.3758283894843075	0.38009910640930616	0.9226938478878491
1.6271555772584445	5.858164330920269	7.36129043505501	0.12402947312460783	5.016864686129103	4.621592381439222	4.9389448210523295	2.3140923435169456	1.0905097759464277	2.0721450599449933	0.5861557545591637	1.3779778458560097	0.9502527643144402	0.5329686226541537
2.6323081620053532	7.61951957338704	5.601725288743069	0.6145138773616735	5.210311808173593	4.20661707408844	5.929597013170983	2.1040752937236284	1.1841297742778412	1.6705623337294333	0.9607012946446482	1.3742680979943058	2.3742859997911614	1.6862142871193777
2.564893993315758	7.722050570849983	5.647748023479312	0.49059144594510506	5.128371948567012	4.2485996458983095	6.4497972338751195	2.020865138476634	1.3243931748633628	1.4839513106926079	0.7698354992301121	0.6346523958256378	2.2481600941168285	0.7875293683455691
4.1339244186324935	7.858481155072831	5.19460896381236	1.4700522273721937	5.598883573977268	3.740043293523617	6.9081036967964256	1.893999081353816	1.20308903984145	0.39331585583800094	1.3438510749479184	1.2506770501586217	3.2757611405512557	1.7816156693423715
4.168437236256056	7.90649753410786	5.253755112146794	1.5156948142954196	5.688861871608812	3.6542645791539297	6.970906685036254	1.8114707538561972	2.087468693023647	0.2793514452878022	1.527873787938606	1.2067035101297507	3.511890694864668	1.717083986347148
0.8114605611828939	5.841341134184907	6.5711642481054655	0.0816374472653875	5.3893155974377835	4.865689873908113	6.7293267897363656	1.9384775462723591	2.307096447634782	0.8402045586933086	0.5533927195305214	0.13603062086557818	1.7973285979126497	1.7800845139128179
3.219811029240996	5.404498150900541	7.399595597907406	1.2247135822338013	4.766894794962245	5.343940925045348	7.844935033554553	2.023990207837805	1.6345345203543753	0.8436832848537413	1.0779877862215932	0.5740724484121461	0.4460808302903822	3.5374355388871743
4.794477557413568	5.556352482709618	8.403334680736966	1.9474953593863733	4.190639490325808	5.535012878747511	1.8386116305739866	6.433354911101383	2.373803636320711	0.9440508682029742	3.5505950101154844	0.36022113965216057	2.9011263280358386	3.7659882801664564
4.559238027359555	5.581518243514823	8.193260911488245	1.9474953593863733	4.1471357270974165	5.535012878747511	1.5113239406891918	7.242786081333656	2.5926318553484897	2.7053644767934095	3.683617253958005	0.49048089424129504	2.9546946147807014	3.5831914500319675
4.737980123943183	5.581518243514823	8.20591303018463	2.113585337273362	4.103697529732885	5.700523342604055	1.390139820219394	7.243365595364132	2.7090401050579	2.6986094690130003	4.36086468567038	0.43724284295912846	2.919099602650643	3.7890508631825734
4.902593846269137	5.575861158252456	8.289241399752209	2.1892136047691717	4.023905551815648	5.739020169492776	1.2696515088871996	8.655341282068903	2.667501399108466	1.8567489734295244	4.429773914724791	0.4873382301917448	2.848019608752816	3.769928359097188
4.99230724336019	5.61806842858119	8.255899075481308	2.3544765964601053	3.9372251648241985	5.904283161183637	1.3192090691526221	8.555265204075225	2.7945656501287877	2.125209801267498	4.796296125698271	0.7623908907841355	2.8240263959712615	3.626796365924662
4.875270373089507	5.659262069757456	8.223015438824367	2.3115170040227064	4.023623550692393	5.947069649837164	1.398667835022398	7.263744332423718	2.762088022018609	3.3228927270451694	4.778481653920351	0.7529567247930576	2.6562828899891566	3.623221985607341
4.925305523385085	5.642110556118693	8.255899075481308	2.3115170040227064	4.023623550692393	5.947069649837164	1.398667835022398	7.20471751881118	2.6773462378519253	3.3464836629069032	4.802873228614005	1.0268735931349369	2.7481639791787753	3.3821887539218545
4.7933848559652	5.556413014661566	8.162844279111793	2.1869535915149227	4.1092553256441775	5.951508498131989	1.6460408117421836	6.8039379545363285	2.855921470081252	1.4232510439560786	5.086293160790953	1.124119783089057	2.981245910498651	3.466905502162101
4.81925473238724	5.454663296482845	8.217087723116288	2.056830305753666	4.151927992320691	5.8218520821987605	4.113322438055635	5.484250466868444	1.477456165635812	0.4554808327677915	5.036112816475713	1.283909836399797	3.0404150508775114	3.38537770059036
5.029433663859493	5.402975843226343	8.374692515234065	2.0577169918516107	4.145895814849606	5.773464600035796	5.238832207844292	4.922539650838328	0.8974933306135834	0.20487773410448035	5.097915429904714	1.0493528671033319	3.087181091667079	3.610316459400475
5.163309758990939	5.30195488499878	8.455869317571407	2.0093953264182427	4.189072436361746	5.7251429346023075	7.033346107836821	3.598815010718908	2.2495572574670213	0.91605291300314	5.048432204388405	0.9738130355549969	3.1387188243782767	3.646614760259872
5.163309758990939	5.30195488499878	8.494909863543352	1.9703547804462545	4.189072436361746	5.643443314716451	7.240959098458568	3.3860922574244277	2.284647667467364	1.037407482442049	4.996894471677245	1.032672904480415	3.1375500503780245	3.6069799028037153
5.121157187004503	5.344107456985071	8.455869317571407	2.0093953264182427	4.189072436361746	5.682483860688446	6.028817724497188	3.9419729425342256	1.0131683693275548	0.9540523514910728	5.150538939707927	1.2450156459782624	3.183527867599425	3.4592365716252296
5.176966575419441	5.344107456985071	8.463357040552749	2.0577169918516107	4.189072436361746	5.730805526121966	7.191694770140116	2.319558525447611	2.105353672960779	1.9762316622350868	5.150538939707927	1.4686045265811611	3.1181288134359284	3.355953972702062
5.284566701667896	5.344703616716194	8.450949168876416	2.1783211495075916	4.103147083132268	5.8086609520604195	3.7219616068723322	4.695208205437799	1.5473139859324743	0.3677377129887286	5.315684309396407	1.5705942414126626	3.3757417842698376	3.2285446916819964
5.35943428505194	5.302464356984097	8.493026933235507	2.1688717088005	4.103147083132268	5.799211511353418	1.9023700564320492	5.557691777821033	2.648695551329827	0.20717774993526455	5.437685957856574	1.3087295284711342	3.5399826924620323	3.432578055386215
5.460630080577787	5.201268561458266	8.493026933235507	2.1688717088005	4.146323704644272	5.799211511353418	1.2733190161166452	6.395263788023572	2.705067089456684	0.404139152795113	5.3888199000435435	1.3677781844287633	3.592312430174941	3.4187084481197054
5.428001756925899	5.250479675647559	8.4216202891405	2.2568611434326065	4.140223941879598	5.837989831796308	4.5697293130079775	5.550071844296285	0.4593401480189868	0.001198503591277778	5.3888199000435435	1.2169774883488247	3.6425128820959345	3.5368808205478226
5.454092416462285	5.155369390051452	8.475920097791226	2.1335417087224804	4.176551663526607	5.794171549738448	7.520852852403774	2.5658697066628866	1.9743482216016224	0.5950618201946689	5.277707598381525	1.4406226237259439	3.640269333181648	3.3901463915195658
5.421336766612893	5.112746400801346	8.52094571680396	2.013137450610348	4.30559238129097	5.716390280876355	7.933602686336155	1.902040398319555	1.8705971310800824	0.12589193146989855	5.285302391430422	1.467255672526335	3.6478641262306954	3.376176454274522
5.388517206174405	5.161780193183259	8.527115059846594	2.023182339511259	4.256558588908966	5.677401377395228	7.783162431452671	2.1079421980356807	1.3561087816324557	0.9465061457067026	5.345008796300535	1.6422065725414936	3.757542770163593	3.232662187959668
5.388517206174405	5.161780193183259	8.566169648705083	1.9841277506526822	4.256558588908966	5.638346788536719	7.2366024882284785	2.61424797401632	0.8502730227936526	0.7995318592357818	5.345008796300535	1.6795138796528806	3.757542770163593	3.1953548808480186
5.388517206174405	5.161780193183259	8.566169648705083	1.9841277506526822	4.256558588908966	5.681456025756471	7.63331423865645	2.111254942059244	0.34525416893712785	1.5923436996163214	5.248463828223022	1.791901730228098	3.8102339437531465	3.1471212378427396
5.355633569517573	5.161780193183259	8.533286012048169	1.9841277506526822	4.256558588908966	5.724116542939394	7.2366024882284785	2.2767804877144666	0.16885935604471727	1.7205561421276074	5.196632125495971	1.9157007285041912	3.8573289659362877	2.9904386029104746
5.398104845236855	5.119308917463879	8.49423142318966	2.023182339511259	4.256558588908966	5.763171131797874	3.2240163174963294	4.79110579110542	2.1303335605253837	0.6312213713102751	5.102436659460578	1.7280157509216159	3.8548998563795442	2.996770349200411
5.398104845236855	5.161942163299811	8.455242519708579	2.104804488828143	4.213925343073125	5.8021600352789955	2.8270327841204423	5.0629158885899965	2.2469421554814226	0.44773604038647913	5.050819731434899	1.65348403055945	3.8032829283536973	2.8022898240535836
5.398104845236855	5.112898114332139	8.455242519708579	2.0557604398604536	4.2629693920409135	5.8021600352789955	2.783776709769629	5.513055225026222	1.9267088668391763	0.3531706534230492	4.991311567173333	1.65348403055945	3.743774764092038	2.846875832569168
5.440663335273074	5.0277166350457625	8.416319172048551	2.052060798270482	4.30559238129097	5.841083382939008	3.5271619423647156	5.101315020201598	1.6271429975220602	0.7202644722690148	4.948753077137006	1.7280157509216159	3.7929580682986974	2.7723441122069445
5.440663335273074	5.0277166350457625	8.329247858226028	2.1391321120930358	4.30559238129097	5.928154696761568	3.7045759774679765	5.101315020201598	1.5377715959781673	0.49788871283350483	4.948753077137006	1.6314406868399423	3.7929580682986974	2.849738208107789
5.4077154562894805	4.985166591142168	8.296299979242377	2.0965820681894343	4.261724696680263	5.842384942358927	3.885970832007961	5.131330128771222	1.44279446995251	0.20785242616733696	4.897258657102756	1.5763750569008386	3.7414636482642845	2.91660474212991
5.374703168391329	4.942689352299633	8.21500893696378	2.10238358372708	4.2608950669479215	5.890663696739428	6.201103930616754	4.923763034026002	0.46632527877745744	0.10787596612788558	4.845871159673777	1.4839004149815094	3.7391479860013654	3.020915886497037
