0	1	2	3	4	5	6	7	8	9	10	11	12	13
8.031624043559898	4.2219106848683845	7.338580158352813	4.914954570075357	4.977439712337064	3.740481752885845	4.528917235029749	3.4989315134763688	1.7299443085801913	0.6129133511635527	3.2651024874673116	5.268257451264702	1.0505021118647395	4.286131701670363
8.187802011904521	4.051429239047759	7.3740262582914315	4.8652049926606935	5.070927051252804	3.7878554353844502	4.485179473528723	3.451557830977785	1.6950302694042627	0.8570319196465254	2.9015895908385176	5.303703551203256	1.2932831400872113	4.239287156600916
8.187802011904521	4.00176900310849	7.3740262582914315	4.815544756721612	5.214650081646415	3.7909598057219895	4.391116679074209	3.4894778886004083	1.7454128604006898	0.9374415730578106	2.905375709862224	5.303703551203256	1.2430509414521531	4.239287156600916
8.223177376373535	4.00176900310849	7.450989955992635	4.773956423489408	5.258223130789724	3.749371472489817	4.310254705544965	3.4894778886004083	1.7827017847863793	0.9374415730578106	2.8571650606868237	5.339078915672372	1.291261590627878	4.239287156600916
8.22622838784952	3.9930073505087815	7.444900164677368	4.7743355736808555	5.206778101923904	3.657344374500349	4.310254705544965	3.5304391079152793	1.7477493137747768	0.9374415730578106	2.7488352056294016	5.281923245682561	1.2944003992688378	4.151246474844974
8.22622838784952	3.9930073505087815	7.537584744843793	4.681650993514509	5.206778101923904	3.5646597943341733	4.360737252198162	3.5304391079152793	1.697266767121789	0.9374415730578106	2.7488352056294016	5.281923245682561	1.247883722133106	4.110185039337496
8.22622838784952	3.9930073505087815	7.537584744843793	4.681650993514509	5.206778101923904	3.5237615640748	4.360737252198162	3.5713373381745073	1.6622527059390655	0.9374415730578106	2.7488352056294016	5.3338734651201545	1.247883722133106	4.058234819900093
8.22622838784952	3.9930073505087815	7.486577971605665	4.7326577667526415	5.206778101923904	3.5747683373129466	4.360737252198162	3.5713373381745073	1.6622527059390655	0.9374415730578106	2.7488352056294016	5.3338734651201545	1.247883722133106	4.058234819900093
8.22622838784952	3.9930073505087815	7.486577971605665	4.7326577667526415	5.206778101923904	3.5747683373129466	4.360737252198162	3.5713373381745073	1.6622527059390655	0.9000429379961505	2.7488352056294016	5.3338734651201545	1.247883722133106	4.058234819900093
8.22622838784952	3.9930073505087815	7.486577971605665	4.7326577667526415	5.206778101923904	3.5306537444137582	4.360737252198162	3.6154519310735873	1.6622527059390655	0.8595078259311757	2.7488352056294016	5.3338734651201545	1.2928656360765005	4.058234819900093
8.22622838784952	3.941562321642847	7.435496871990941	4.732293837501414	5.214650081646415	3.5817348440286434	4.404310301341638	3.6565323743302427	1.7127429638932994	0.8184273826741529	2.7488352056294016	5.3338734651201545	1.2928656360765005	4.058234819900093
8.22622838784952	3.941562321642847	7.435496871990941	4.732293837501414	5.214650081646415	3.5817348440286434	4.404310301341638	3.6565323743302427	1.7127429638932994	0.8184273826741529	2.7488352056294016	5.3338734651201545	1.2928656360765005	4.058234819900093
8.22622838784952	3.941562321642847	7.384341364799555	4.783449344692872	5.214650081646415	3.632890351219922	4.404310301341638	3.6565323743302427	1.7127429638932994	0.8184273826741529	2.7488352056294016	5.294640262203321	1.2928656360765005	4.05647379436309
8.22622838784952	3.8900281173464686	7.384341364799555	4.7319151403964295	5.360224661241449	3.632890351219922	4.310269926042953	3.6565323743302427	1.7127429638932994	0.8184273826741529	2.7488352056294016	5.294640262203321	1.2928656360765005	4.009521657871492
8.22622838784952	3.840460520930086	7.3331113690690195	4.733577539710547	5.409792257657974	3.6841203469505315	4.310269926042953	3.6565323743302427	1.7127429638932994	0.8184273826741529	2.7488352056294016	5.294640262203321	1.2928656360765005	3.968603753526941
8.22622838784952	3.840460520930086	7.3331113690690195	4.733577539710547	5.409792257657974	3.6841203469505315	4.360818247334546	3.6565323743302427	1.7127466622363308	0.8184273826741529	2.7488352056294016	5.242710276773969	1.2928656360765005	3.9735238009302525
8.22622838784952	3.840460520930086	7.3331113690690195	4.733577539710547	5.409792257657974	3.7282349398495658	4.360818247334546	3.5713373381745073	1.7127466622363308	0.8595078259311757	2.7488352056294016	5.242710276773969	1.3379207095498389	3.9735238009302525
8.22622838784952	3.840460520930086	7.3331113690690195	4.733577539710547	5.4532772417350355	3.769133170108744	4.317333263257532	3.5304391079152793	1.7127466622363308	0.8595078259311757	2.7488352056294016	5.242710276773969	1.3379207095498389	3.9735238009302525
8.22622838784952	3.840460520930086	7.384341364799555	4.682347543979994	5.4532772417350355	3.717903174378241	4.317333263257532	3.5304391079152793	1.7127466622363308	0.8969107214346205	2.7488352056294016	5.242710276773969	1.3379207095498389	3.8856148893068987
8.276750238758765	3.789938670020711	7.384341364799555	4.682347543979994	5.4532772417350355	3.717903174378241	4.317333263257532	3.5304391079152793	1.7127466622363308	0.8969107214346205	2.6983133547202294	5.242710276773969	1.3379207095498389	3.8856148893068987
8.276750238758765	3.789938670020711	7.384341364799555	4.682347543979994	5.4532772417350355	3.717903174378241	4.317333263257532	3.5304391079152793	1.7127466622363308	0.8969107214346205	2.6983133547202294	5.203568373300078	1.3379207095498389	3.9247567927808142
8.336869445134013	3.7813502038601063	7.384341364799555	4.733878284194594	5.445154907395214	3.717903174378241	4.273924857382673	3.5304391079152793	1.7127466622363308	0.8969107214346205	2.6381941483449705	5.151587773507552	1.3379207095498389	3.976737392573569
8.336869445134013	3.7813502038601063	7.384341364799555	4.733878284194594	5.445154907395214	3.717903174378241	4.273924857382673	3.5304391079152793	1.7127466622363308	0.8969107214346205	2.6381941483449705	5.151587773507552	1.3379207095498389	3.976737392573569
8.336869445134013	3.7813502038601063	7.384341364799555	4.733878284194594	5.48848688747379	3.717903174378241	4.2305928773041535	3.5304391079152793	1.747714407608563	0.8969107214346205	2.6381941483449705	5.112537289562361	1.3379207095498389	4.015787876518521
8.336869445134013	3.7813502038601063	7.384341364799555	4.733878284194594	5.445154907395214	3.717903174378241	4.311173226227194	3.5304391079152793	1.7104660387641144	0.8969107214346205	2.6381941483449705	5.112537289562361	1.3379207095498389	4.015787876518521
8.276750238758765	3.8414694102351987	7.384341364799555	4.733878284194594	5.445154907395214	3.717903174378241	4.311173226227194	3.5304391079152793	1.7104660387641144	0.9374415730578106	2.6983133547202294	5.112537289562361	1.3379207095498389	4.015787876518521
8.276750238758765	3.8929111409927004	7.444900164677368	4.7247612150740625	5.437045156716397	3.657344374500349	4.267841246148745	3.5304391079152793	1.7104660387641144	0.9000429379961505	2.6983133547202294	5.112537289562361	1.3379207095498389	4.015787876518521
8.276750238758765	3.944264009994802	7.495891871282212	4.725122377471547	5.385692287714233	3.6063526678956648	4.267841246148745	3.5304391079152793	1.7104660387641144	0.9000429379961505	2.6983133547202294	5.112537289562361	1.3379207095498389	4.015787876518521
8.276750238758765	3.9955281650048624	7.546809486699555	4.7254689170642585	5.334428132704091	3.5994914357115593	4.305023933138775	3.445358296722067	1.6383156064016442	0.9410673659554982	2.6983133547202294	5.112537289562361	1.2462733484095367	3.96865330603404
8.276750238758765	3.9955281650048624	7.58851727314049	4.683761130623348	5.334428132704091	3.557783649270642	4.305023933138775	3.445358296722067	1.6383156064016442	0.9410673659554982	2.6983133547202294	5.060506388738447	1.2462733484095367	3.973482478894992
8.241339686363183	3.9955281650048624	7.5531067207449025	4.683761130623348	5.334428132704091	3.598749461550981	4.305023933138775	3.4434567650379826	1.5877635867668194	0.9020030853593534	2.6983133547202294	5.064125652862354	1.2462733484095367	3.934452662375405
8.301458892738413	3.9865845474689894	7.5531067207449025	4.7349367194625485	5.232819796907164	3.598749461550981	4.392573827572871	3.4434567650379826	1.5856374110967362	0.9020030853593534	2.6381941483449705	5.064125652862354	1.2462733484095367	3.934452662375405
8.352105320195346	3.9359381200120316	7.645761713300284	4.642281726907038	5.232819796907164	3.54712329076901	4.392573827572871	3.402427943264426	1.5856374110967362	0.9020030853593534	2.5875477208880246	5.064125652862354	1.2462733484095367	3.934452662375405
8.352105320195346	4.036611198397394	7.687632575124354	4.701083943468166	5.132146718521914	3.5052524289450693	4.429625577595042	3.402427943264426	1.5485856610748394	0.8614679732951732	2.5875477208880246	5.064125652862354	1.2462733484095367	3.934452662375405
8.310221685555037	4.035532776784381	7.636941428018993	4.708813034320331	5.08247237844985	3.4633071797251462	4.429625577595042	3.36146211423689	1.5485856610748394	0.8619516160310187	2.5849181327949937	5.023540824786729	1.244742462485031	3.882401094125967
8.310221685555037	4.034201060079854	7.636941428018993	4.707481317615751	5.083804095154633	3.4633071797251462	4.429625577595042	3.36146211423689	1.5485856610748394	0.8619516160310187	2.5849181327949937	5.023540824786729	1.244742462485031	3.929602822089128
8.274634544157498	4.08405055659405	7.694215961524849	4.664469139226759	5.033954598640426	3.4115374393979394	4.392573827572871	3.361336008688314	1.5856374110967362	0.8209857870038	2.5849181327949937	5.027075135841977	1.244742462485031	3.8904813696362184
8.274634544157498	4.08405055659405	7.694215961524849	4.664469139226759	4.983598030559709	3.4115374393979394	4.442930395653613	3.361336008688314	1.5856374110967362	0.8209857870038	2.633128781970392	5.027075135841977	1.1965318133095937	3.8904813696362184
8.274634544157498	4.133989122392179	7.694215961524849	4.71440770502488	4.933659464761537	3.4115374393979394	4.442930395653613	3.32037017966076	1.5856374110967362	0.8215222922638749	2.633128781970392	5.027075135841977	1.1965318133095937	3.8904813696362184
8.217515520327993	4.133989122392179	7.637096937695261	4.71440770502488	5.027283455875799	3.4555441352747	4.349306404539454	3.2763634837843436	1.636166204297742	0.8215222922638749	2.6814270770049813	5.021957162826053	1.1482335182745904	3.838480318822595
8.217515520327993	4.185088009620945	7.687864212764971	4.714739317183849	4.976184568647085	3.4047768602048736	4.349306404539454	3.2763634837843436	1.636166204297742	0.8215222922638749	2.6814270770049813	5.061170131734811	1.1482335182745904	3.8872337721146573
8.217515520327993	4.23609781676691	7.687864212764971	4.765749124329907	4.968366157065715	3.4047768602048736	4.306115008974782	3.2763634837843436	1.636166204297742	0.8215222922638749	2.6814270770049813	5.100454322957489	1.1482335182745904	3.847949580892131
8.277564684230564	4.176048652864005	7.687864212764971	4.765749124329907	4.968366157065715	3.4047768602048736	4.356667533302594	3.2763634837843436	1.5856136799700367	0.8215222922638749	2.6213779131020054	5.15242471548008	1.1482335182745904	3.7959791883694223
8.277564684230564	4.176048652864005	7.729986925461483	4.723626411633312	4.968366157065715	3.406597711338425	4.356667533302594	3.2324199199540917	1.5856136799700367	0.8215222922638749	2.6213779131020054	5.191800397870922	1.1482335182745904	3.797502559757855
8.277564684230564	4.125038845718021	7.729986925461483	4.672616604487286	5.019375964211591	3.406597711338425	4.319570975120437	3.2324199199540917	1.6227102381518828	0.8215222922638749	2.6213779131020054	5.191800397870922	1.1482335182745904	3.797502559757855
8.277564684230564	4.176048652864005	7.831325602314703	4.622287734779973	4.968366157065715	3.30525903448516	4.319570975120437	3.2324199199540917	1.6227102381518828	0.8215222922638749	2.6697640243926286	5.139809893675636	1.1449024804572836	3.8494930639530023
8.277564684230564	4.226969532011655	7.831325602314703	4.6732086139276205	4.917445277918125	3.30525903448516	4.319570975120437	3.2324199199540917	1.6227102381518828	0.8215222922638749	2.6697640243926286	5.139809893675636	1.1449024804572836	3.89045944405326
8.217515520327993	4.387173600379023	7.881883137394154	4.722805983312676	4.86769959327217	3.2107579355755624	4.269161755301976	3.2763634837843436	1.6227102381518828	0.8215222922638749	2.6777222777215335	5.191800397870922	1.2421217468056114	3.879502770671425
8.208201070705611	4.4980686349215055	8.033109559253845	4.673160146373307	4.766119008351873	3.0595315137160997	4.231999608911889	3.2763634837843436	1.6598723845419636	0.8215222922638749	2.7245581666643117	5.23124755533686	1.2938228160557559	4.004867936077102
8.141802447883226	4.506885580608072	7.976061585993284	4.67262644249823	4.723473127269956	3.015524817839397	4.2751791938691275	3.281303242915428	1.6598723845419636	0.8605892290092301	2.7791207874690538	5.357194103614069	1.4287980574390795	4.249126057792873
8.141802447883226	4.506885580608072	7.925727056507284	4.722960971984053	4.680217420768072	3.0658593473251945	4.2812070230252885	3.2421804359260675	1.6971002618875135	0.8997120359981577	2.7755165086020135	5.396895879343553	1.4773648021075965	4.335446696009286
8.075438445160396	4.567019402477004	8.02740135353916	4.61505649409825	4.629470659343175	2.951214803891064	4.2812070230252885	3.1981737400496595	1.6971002618875135	0.9026814215781358	2.928989868962268	5.471431361029875	1.8904322158040499	4.585756255915161
8.060325818931917	4.575883910849523	7.978340167555786	4.657869562225671	4.694662779063633	2.9845294478390416	4.178763943394155	3.1570143506867945	1.7691665490438901	0.9026814215781358	3.1351890776591573	5.6266061509544505	2.354446704556067	5.033161145961568
8.111651305587682	4.575127444515444	8.078146170625818	4.608632579477396	4.694933499891996	2.9286711442072826	4.178690874099353	3.1130666512485172	1.7532210106136727	0.9026814215781358	3.1809286988084473	5.810820603575332	2.4970442023103523	5.071009124779264
8.054816364459194	4.524912981672625	7.887277916529135	4.692451429602823	4.839400783268183	3.1504104892839835	4.172502405499121	3.0253606191399176	1.6651566586804358	0.940141359766361	3.382064186150021	5.904987339518933	2.980816148407027	5.3180712779741475
7.937356564472327	4.58596212311542	7.796455592840519	4.7268630947471655	4.839047469835079	3.2282273429955537	4.22338034119219	3.0207249241286456	1.6142787229871047	0.9010185527766348	3.541634854181803	5.970781649891369	3.0805202824399576	5.284773321145184
7.886865768463457	4.644556436742134	7.803278876306105	4.728143328899489	4.78933457980214	3.2986953733274587	4.172399002104905	2.850842898828911	1.5637350999928628	0.9010185527766348	4.011720841731133	6.166768677867555	3.2269779340646667	5.165153032923637
7.825242303384157	4.693282602663088	7.789162411896801	4.7293624941503225	4.783283712415801	3.2845230593864962	4.07810710077695	2.76589160930617	1.5132528619266086	0.9010185527766348	4.2197745439280085	6.261915565491024	3.0738431931937718	5.135138625824836
7.779945623138346	4.752671290157585	7.70360134559589	4.8290155677001865	4.733156184074179	3.3340486045949644	4.027229165083696	2.76589160930617	1.5137099109583827	0.9010185527766348	4.649344353229356	5.943898612299822	3.760702350875236	5.120667941203407
7.682740929430115	4.8137692190676304	7.717020126006043	4.779490022491846	4.741058316336578	3.240942924359506	4.019327032821264	2.809471744333283	1.5137099109583827	0.9010185527766348	4.7103433065527165	5.708890741898496	3.7737964335865333	5.271115868885875
7.507885965607813	4.873411208206116	7.544016917552519	4.837280256261198	4.742055957650903	3.331449413367814	3.9173022362010927	2.7265402487217543	1.5645218258914197	0.9415007390681169	4.934464574611938	5.771997964596881	4.088224400112113	4.978882083572294
7.337051902324213	4.985052180453436	7.476543929336395	4.845560153441161	4.699771679506601	3.2436178122432375	3.909283408869541	2.733225834560807	1.5141622568130861	0.9431677247743881	5.050615768725543	5.736002922968707	4.048627492406127	5.045286633391086
7.010196436657276	5.158805655686365	7.265158991944507	4.903843100399023	4.605678200512301	3.1612341454073873	3.9898189156312935	2.8231480112772247	1.4769757919681457	0.9431677247743881	5.284193813619978	5.468265501421223	4.255438711804802	5.678822552495446
6.911556982663702	5.220831704295552	7.22062832610596	4.9117603608532985	4.561896821979314	3.080784377136079	4.033245736685048	2.9111604825237425	1.4769757919681457	0.9431677247743881	5.346487726392979	5.473630440925328	4.327767284057582	6.0679138953845175
6.582347457280854	5.395167240173472	7.015096523058751	4.962418174395504	4.459909332025919	3.124822591555439	4.033850248240156	2.8671222681041155	1.5277009568242272	0.9431677247743881	5.528774556434444	5.7288412829582205	4.8952306298948365	6.49275552807854
6.582347457280854	5.395167240173472	7.015096523058751	4.962418174395504	4.459909332025919	3.124822591555439	4.033850248240156	2.8671222681041155	1.4774026712102708	0.9806235460571431	5.585194215923697	5.772193391774664	4.964957746862106	6.2508142727831695
6.511160338472769	5.497578351448886	7.045293428230785	4.963445261690973	4.452602439913385	3.0751029174259914	3.9397509937973765	2.8671222681041155	1.5280620563407687	0.9806235460571431	5.692640520348423	5.839618104481075	4.860943418585732	6.715105352261572
6.158843269198111	5.460418376577325	6.758402565127901	4.860859080647571	4.501217077111047	3.218589784178505	4.093235147568614	2.862270818266518	1.5280620563407687	0.9415007390681169	5.86243968894278	7.274358719132287	5.440407546445618	6.756132596336653
5.932175603992354	5.523192521195509	6.545272844270367	4.91009528091747	4.551786879911295	3.3623061740189613	4.093235147568614	2.8593289166725677	1.5280620563407687	0.9005322538915765	6.0333178463841355	6.6829152349975764	5.514161664197765	7.448283034151427
5.920001419838548	5.473408028486879	6.668711770426572	4.724697677898862	4.601742123084651	3.277870270890469	4.144241604285163	2.8593289166725677	1.5280620563407687	0.9005322538915765	5.86158111464049	7.527049019991084	5.583750193665838	7.111682081455626
5.920001419838548	5.473408028486879	6.711040371078854	4.682369077246519	4.601742123084651	3.321066466052899	4.144241604285163	2.773804120857668	1.5280620563407687	0.9005322538915765	5.8055767736333115	7.671040385164326	5.662855209811315	7.420451879719337
6.184408282480694	5.575430440386781	7.077469645620865	4.682369077246519	4.5942385014121685	3.3648525149650976	4.151745225957675	2.7300180719454574	1.5280620563407687	0.9005322538915765	5.8514840599657925	7.284060167764674	6.658109958981742	5.8888896835091185
6.168581514397329	5.5250385432973	7.061642877537552	4.6319771801571825	4.644630398501434	3.45032284448126	4.151745225957675	2.6445477424291144	1.5280620563407687	0.86005006759991	5.907599185533113	7.291482126832663	6.85757404751738	6.3718836023087055
6.059302504690358	5.575884304135054	6.9608810280158835	4.674305780809391	4.637151426769939	3.4926514451335504	4.159224197689148	2.6445477424291144	1.5280620563407687	0.86005006759991	6.414917530221099	8.249996801730463	8.753469030516726	7.7246001723678
6.059302504690358	5.575884304135054	6.9608810280158835	4.674305780809391	4.637151426769939	3.4926514451335504	4.159224197689148	2.6445477424291144	1.5280620563407687	0.86005006759991	6.586137500368596	8.547239982665255	8.788000048333293	8.489746089720205
6.1177357535596455	5.575884304135054	7.069278861100199	4.624341196594445	4.637151426769939	3.4844985725153714	4.159224197689148	2.6027360308325647	1.5280620563407687	0.86005006759991	6.883410490514952	8.79317248332336	8.225790909657254	8.346075142299211
6.382478985177321	5.5250385432973	7.283176331880239	4.624341196594445	4.637151426769939	3.4844985725153714	4.159224197689148	2.6027360308325647	1.5280620563407687	0.86005006759991	6.377477801813858	5.668198529599113	7.466278162312108	3.956667198629066
6.441190048746929	5.5250385432973	7.384228297931031	4.582000294113374	4.637151426769939	3.4403022823412712	4.159224197689148	2.60459141852555	1.5280620563407687	0.86005006759991	6.146242107091299	4.86345405210345	7.5045452470464955	3.742393409021053
6.4312205236079585	5.7116096360783635	7.603244642457049	4.539585517229264	4.593790657351019	3.396026561168305	4.202584967108022	2.606452362814387	1.5280620563407687	0.86005006759991	5.870650667202433	3.741555265361429	7.121872119317838	2.249659841073701
6.486934064147235	5.672793167800474	7.671380544610652	4.488346687337175	4.651580857979658	3.4441491352161027	4.246022696299261	2.6083188886944755	1.5280620563407687	0.8225901294118707	5.816725560564818	2.6045270072557876	7.341241554849945	1.8346176172375164
6.373679533026314	5.786047698921411	7.671380544610652	4.488346687337175	4.600806031849636	3.4441491352161027	4.29679752242931	2.6083188886944755	1.5280620563407687	0.8225901294118707	5.522339293010408	0.7025352552788895	6.934306664367601	0.7653329284545454
6.260471947315245	5.8992552846325585	7.713857217414834	4.4458700145329315	4.600806031849636	3.4016724624118857	4.29679752242931	2.6083188886944755	1.5280620563407687	0.7821567687818309	5.519101823663596	0.2162638452847286	6.865335731190584	0.27115941418958267
6.6990463391800015	5.570251782842604	7.773036995364245	4.496261126658278	4.550414919724291	3.4016724624118857	4.2462038682070915	2.6083188886944755	1.578655710562972	0.7821567687818309	5.543098933234968	0.6399371265565675	5.457869593954648	1.322002950904918
6.725719413141544	5.51821941879397	7.697197327644726	4.5467415042908685	4.499934542091623	3.4437322625571154	4.2462038682070915	2.5662590885491423	1.578655710562972	0.7821567687818309	5.49983337358617	0.5662770036582041	5.26570348117538	0.8407198324954536
6.750205841400808	5.607494443684001	7.801662771617179	4.556037513467581	4.442347950356273	3.3888995769279364	4.151991312885851	2.4785886362983143	1.578655710562972	0.8196207438320006	5.013566678755121	0.8728672408007304	4.9003328108147075	2.4616364694272184
6.812617904109357	5.595563073760194	7.851527491797953	4.5566534860715295	4.435228026990521	3.3390348567470394	4.108630543466964	2.4785886362983143	1.578655710562972	0.7792442192936316	4.770814747398683	0.8105673075389281	5.007769937724957	2.3230275753038354
6.7612613898600875	5.697311171609633	7.901318076154667	4.557254485315118	4.42812040784704	3.375114816541623	4.065346579010109	2.351749606970549	1.578655710562972	0.8202127044702486	4.762694651400558	0.729462512402352	5.129839889760374	2.000677753428735
6.596537187624571	5.86203537384506	7.901318076154667	4.557254485315118	4.478935465422818	3.375114816541623	4.014531521434245	2.351749606970549	1.5437187852509875	0.8202127044702486	4.328067261181225	1.8156533127926104	4.043941916082238	3.7110702445550174
6.432236480469699	6.026336081000034	7.993718214920989	4.464854346548749	4.573009460825435	3.282714677775159	3.9576402130218464	2.351749606970549	1.5065360982605618	0.8202127044702486	4.255444561559441	2.2617999556275317	3.7907610740099216	4.014043958895395
6.26836032900158	6.2916182201739055	8.036475915514922	4.523502633660473	4.573591939419147	3.3258321523274383	3.818469059732449	2.2658744318246993	1.5940399570009625	0.8202127044702486	3.466081876076772	3.078593741707015	3.182915951765919	5.704133110581687
6.167447925200417	6.392530623975083	8.07930786202487	4.480670687150645	4.667767812312931	3.326614865925731	3.7242931868386884	2.2222597717162507	1.5940399570009625	0.8605892290092301	3.271311349227865	3.277493003159053	3.13863215718994	5.625482072188757
5.965949483476989	6.618853986306531	8.088882912175116	4.495920557608511	4.6178038198360944	3.2829924133205703	3.673120095697011	2.179995011161189	1.5940399570009625	0.8605892290092301	2.751639445062935	2.97469173560883	2.1871748568692655	4.694649408516605
5.8649163869977485	6.732537310968763	8.143372073525528	4.454081624440933	4.618128683497939	3.1902283590367198	3.6218701109188993	2.179995011161189	1.6444225479971066	0.8605892290092301	2.7031416921155245	2.8641520456266343	1.976614630953284	4.4822947892276215
5.669272425740572	6.832867573677311	7.9973618730626725	4.50477812635529	4.5607609518411625	3.184146934788421	3.578907579867275	2.136442674615248	1.6444225479971066	0.8605892290092301	1.6756925250397807	2.6237672201243747	1.7994630925883301	3.9928914980668275
5.541803225870608	6.933117154126648	8.056068510017127	4.41885186998025	4.562042741601311	3.0481892615363773	3.5647770602199826	2.136442674615248	1.6072398610069139	0.8605892290092301	1.705990748138386	2.788511852015747	1.4920241777521845	3.8165907496654645
5.293684758518184	7.258486657776703	8.17663100489584	4.375540411399189	4.6049145924657156	3.0472087469985394	3.5219052093555527	2.0941117305719015	1.6576839057069928	0.8605892290092301	1.5536619038959871	2.8589913842705097	0.6390408731533145	3.734932080426739
5.323380278718284	7.370493614707881	8.36836489890412	4.325508994522141	4.757775080996361	3.1341241051926807	3.4190761377020134	2.0481648575543656	1.7587564925619505	0.8196207438320006	1.9381429755648418	3.198767861395808	0.09204772303751703	3.4222161443198424
4.813208754048346	7.762483188596858	8.250182948123255	4.325508994522141	4.7235691179124135	3.1341241051926807	3.453282100786054	2.0891892855143386	1.7587564925619505	0.8190256396400807	1.8198022936580864	3.812812592300289	0.5715657540504211	1.7917065599111563
4.609002804340976	7.907716273518555	8.191210083337623	4.325508994522141	4.637523866389892	3.1765225888524777	3.539327352308442	2.0467908018545296	1.8093851021386336	0.8190256396400807	1.805481357630415	3.993594818932321	0.771845408885696	1.1852304018952133
4.318290743322881	8.09358426724494	8.14481051390026	4.267064496667527	4.747819252689996	3.21983404743348	3.5307879224439316	2.0467908018545296	1.8093851021386336	0.8595078259311757	1.6376923865213648	3.9423413094400317	0.8260233086456975	0.9647772405539391
4.041653595471363	8.202288557041024	8.077127309927764	4.166814842584705	4.850320381675936	3.170329120114951	3.4790315202222826	2.0467908018545296	1.8093851021386336	0.8625913139506217	1.7173260510674073	3.98559931655571	1.095658694946622	0.44128201405249984
3.8127106743263184	8.245555722438434	7.94210765062641	4.116158746138441	4.900976478122381	3.170329120114951	3.4790315202222826	2.0467908018545296	1.8093851021386336	0.9031836928544389	1.8112493129112675	4.206760716653527	1.134731908132235	0.15637538452758193
3.5061453210571503	8.365721678423673	7.856146923582633	4.0157200758981055	4.943353479306561	2.993895902077856	3.487663002457811	2.1327694051109947	1.8600753002603314	1.0663043093799334	1.7227551907864904	4.460341844161455	0.8590152920249228	0.0904566243414659
3.36274046320637	8.411617347644835	7.8084325984685785	3.9659252123826287	5.038567687971884	2.902334097228149	3.4805577870712696	2.174975667919842	1.7724056284562923	1.069626791731738	1.7820935667296116	4.427027537322023	0.8560409699831869	0.08334623683419083
4.0355505924790585	8.222009835375065	8.04062871776438	4.21693171008981	5.037141989804728	2.9099817135932007	3.5322855151843773	2.5096610071677916	1.7724056284562923	1.0286023637715653	1.9269435729559623	3.7074807919151573	0.848993954242919	1.6619738769820056
4.438061587039172	8.075207074644249	8.261816050610337	4.251452611073006	5.137308722161254	2.961336334279287	3.5322855151843773	2.551969591861536	1.7724056284562923	1.069626791731738	2.048808932784573	3.554439304726039	0.5827256432944115	2.393974562851358
4.619698153111673	7.87258381104584	8.113449548921608	4.378832415235899	5.223345215787874	2.7992041114523265	3.446423833322283	2.8416564306159877	1.823157448076009	1.069626791731738	2.757441787486711	2.9740070143515527	1.039102195321563	4.201658747748215
4.823128649256997	7.619113497790613	8.071077398584	4.3711647484635945	5.22176361744553	2.7183610598783785	3.4980452487744222	2.9648716325274154	1.823157448076009	1.069626791731738	2.5867411916377243	3.1066963959951464	1.6916968597166309	4.246738010756433
5.286892020854343	7.3981765177282455	8.279330437886173	4.405738100696422	5.271716333222442	2.761939508889382	3.4980452487744222	3.0058192515261255	1.823157448076009	1.069626791731738	3.219064260044631	2.9604849053484807	1.0100392150157724	4.092205834491984
5.535662150002801	6.782483423337606	7.974383699640969	4.343761873699432	5.626001224961195	2.7255112095134457	3.540951772590232	3.3774627394594456	1.823157448076009	1.0663043093799334	4.492253634086848	4.286432756839058	2.1086956391972125	5.486955578440441
5.697297195372925	6.613720129162781	7.875727737147635	4.435289587388094	5.618959230308252	2.767090404733564	3.4474927244465734	3.3774627394594456	1.8737099724036033	1.0255523411725427	4.339893581690495	4.54310979288639	2.299547681969619	5.731749825321784
6.253900611557315	6.137602403199119	7.791512738842529	4.599990275914145	5.6666236885968475	2.669176640995952	3.499036952843973	3.6983173932323647	1.8737099724036033	1.0226239521716578	5.445122918975492	2.739128329543704	1.4231787331329333	2.405532068359276
6.260381310025202	6.138298353758054	7.749429219651908	4.649250444131301	5.651535218777702	2.632786916996327	3.464865254445882	3.6937945022943555	1.8737099724036033	1.0229484660702572	5.398817891713692	3.1000185263017004	1.7834883987817154	2.077306065466983
7.242685491886607	5.187394464928369	7.607494966342858	4.8225849904720475	5.44773038137666	2.5106865926722857	3.568234446457711	3.8984240372170387	1.9241970993239286	0.9827879849882399	6.7811794636989084	4.335197555678246	3.5455030813743056	2.240767415480594
7.446431651181203	4.957054670438446	7.490051073263999	4.913435248355675	5.29567912962114	2.425200328271961	3.6200012913040904	3.9857702062821647	1.9746188774074567	0.9814863856122454	6.604227104345657	4.635725409150221	3.33191510742191	2.407390618558286
7.497690547469714	4.409754252512322	7.237631302205602	4.66981349777632	5.12606080529921	2.679321067369865	4.226175500238278	3.9436801880500636	2.0245147631185985	1.063037504110726	4.770830051980145	5.181421769612143	1.229345207088616	4.935982392395048
7.462327322756676	4.313179884127471	7.072197944942391	4.703309261941723	5.172713103040653	2.8093911999201047	4.088357581431068	3.9029881580618677	2.1774192719333167	1.0633530095596395	4.354886049865037	5.0434566521533295	1.3405906076371599	5.16514805932058
7.594547535297579	3.475977705628937	6.539827460348239	4.530697780578336	4.396132186299195	3.5396548016924747	5.584965858874606	4.007158660006587	2.3630714804870427	1.0633530095596395	3.258905896505818	4.432038653256793	1.520310027917121	4.572976158798554
7.505955667564407	3.399328334364889	6.5215948900769325	4.383689111852349	4.353484097944901	3.858058406187091	5.726834498526462	3.687576146261356	2.4153727482766443	1.1039894507108252	2.972398657981239	4.664067890190742	2.0161407031133622	4.600646376585144
7.632788881993633	3.549266151386243	6.825662299257491	4.356392734122469	2.90226828562482	3.9110199758468602	7.061608383391752	3.7557185113367755	2.5889647311866093	1.0258850773984587	2.4982508951013958	3.8397192944319913	0.010295056687626402	2.9690027748460657
7.556751130686796	3.5424940994954395	6.737267933946312	4.361977296235903	2.6484513315819607	4.01351257746657	7.332988674522679	3.804374477333691	2.6762733696138445	0.9851930474099846	2.3475053747284007	3.6137883653223	0.33128517771885435	3.099950741052717
7.273246320580213	3.1071488619116487	6.4312099360554	3.949185246436541	2.945005645025893	4.967181940180427	7.525144562366336	3.3928759969934466	3.0242673938401876	0.864443134880252	1.6060135204240937	3.183537687265721	1.208436660440684	2.2137191908709335
7.038430965112318	2.9905551361887324	6.199803892996876	3.8291822083043536	3.345483078897583	5.109849781654424	7.360369136595917	3.3547958535526883	3.0131561219043816	0.82411165460254	1.7887220717364543	2.8595670550224632	1.211245497081406	2.3358760732183685
0.991304626788292	5.123919917697697	4.827910652573398	1.287313891912337	3.2645839420565808	3.5977210149621883	7.889552589860284	2.725824376469138	2.641226044748694	0.7069352882003231	0.3234100797979554	0.44655095273898904	1.7044434071417454	0.13112523563082376
2.147235673283063	5.434868135694073	5.613396465864179	1.968707343113078	3.658624392212767	4.030614953767106	7.778787330359776	2.751320104948641	2.1309800528910445	0.3871772784412178	1.602085628420594	1.4963015989879438	3.1246728900790854	0.5785591564898793
2.409379003446515	5.676960502860723	5.773590142405848	2.3127493639013172	3.7480330256647436	4.158743386400182	7.657270306788055	2.7958509125122686	2.030940460057111	0.30697621337757125	1.4019465635701356	1.435672153275992	3.293106846260153	0.5073372745813014
2.417500530655888	5.041977686837812	5.377758494084006	2.0817197234099964	3.966220635411473	4.194385372893324	7.721785691878046	2.6613272684813896	1.8653252645165732	0.30493732929267037	3.2176585306703775	1.7311598363759007	2.7986668000583377	1.7194493647282887
3.5100714243461995	4.561516580857454	5.832241081957986	2.239346923245468	3.876795129477944	4.43982599802825	7.955808686348516	2.6583862984282276	1.799790853701943	0.3036658726272175	2.713319885059265	2.074823559728037	3.0771605879436126	0.5286722859968774
4.203439175741298	3.963910839631011	5.482918383932389	2.6844316314400243	3.532829615314683	4.761218968459696	8.31218502625852	2.7422976449205168	1.7493408560931163	0.30540709203588706	3.285618179707962	3.22919137641719	2.6433475727478175	0.48928695441148845
6.2657990992614385	3.768098725237703	7.229473617018025	2.8044242074809516	3.694903126958058	5.087522616099551	8.31871742082858	2.783271224434166	1.7870460214787536	0.2247289521394128	0.5642085847090124	0.4995171727820138	5.291169548200388	0.33749340051354737
6.618872922853398	3.9202605816710463	7.446392307968959	3.0927411965554206	3.1259648364566583	5.20507916780079	8.679123580169058	2.7440388643290152	1.824817715266229	0.3015776057055827	0.3378014326127258	0.1563386066604298	5.449539263533746	0.726974975725041
6.214435129936265	3.9202605816710463	7.0133525777607035	3.1213431338466084	3.4353192214220014	5.2775948360312075	8.268857470248285	2.6983839139812993	1.925729440221822	0.3430205674760297	0.019845840540873714	0.7173859128866529	5.398375829185628	0.20324550894048932
6.088217543409517	3.8231552621700833	6.844113245060651	3.0672595605189223	3.6503257133488476	5.349909409491745	8.086043290108325	2.654534068081262	1.9760854293235506	0.3451638532666594	0.3999144625463192	0.964513529702166	4.936936363485557	0.2269999399039901
6.528668579813625	3.694772480048385	7.1388923615970805	3.084548698265184	3.738429423215778	5.545418543439273	8.123765379639286	2.6524293501525706	2.0263749081978855	0.2636691431174541	0.1708979436040289	0.21972897032227182	5.527109731366054	0.35110002750790575
6.827706994032154	3.7277490808286093	7.317375704356319	3.23808037050451	3.563217852689918	5.572001905661893	8.248753927166508	2.7793776601692786	2.076597931196683	0.18260682266949532	0.092009827096626	0.13654726545887413	5.445321939747152	0.6786999089587166
6.838194932546798	3.6623694356979266	7.43171742049315	3.0688469477514637	3.9566737666300007	5.58826954741392	8.103597876990621	2.9833969360425407	2.1266628501716665	0.0628057490991717	0.055719618537871364	0.252667275940587	4.552563224813836	2.3218969692517177
6.49988492450537	3.699188266563858	7.31282647329428	2.8862467177749593	4.000227585951831	5.6638939145696625	8.218286922399336	2.9833969360425407	2.126465234313677	0.023469433107348357	0.13738109550879232	0.04693277994077412	3.5747687311732954	2.5602058852049177
3.9404540123256426	4.053760332513811	5.558066918642752	2.4361474261964315	4.505601020342629	5.58826954741392	8.087388412431425	3.0225731859201677	1.8915235139976698	0.015706816806562666	1.939255698791387	0.5018914319439274	1.74187131212039	2.4832556735633484
1.977400683683334	4.596961101124089	4.71706934639258	1.8572924384149232	4.705567790566987	5.550360280606175	8.428367363180827	3.024426625778588	1.8770920157562756	0.01756025667362427	1.7675121668651506	1.4304944337626428	0.6002445832033637	0.11071976755770545
3.6783084996317417	4.28034133559659	5.642970296387654	2.31567953884091	4.578750522256045	5.967566867036882	8.546400390142542	3.1478003396478207	1.9974835664910089	0.020078101511705186	1.274461842374665	1.3513525387281953	1.4193431743015996	4.95424980494931
3.963061055622962	4.109418107712047	5.711838038744529	2.3606411245904235	4.705285469303231	6.056198856781507	8.460901506470657	3.1040801258996558	2.0326419598446708	0.09772265827232625	0.8714889746986697	0.8643116310869379	1.8365697102384553	5.225363488165119
0.6664504589203308	5.770894396149421	5.111662118242436	1.3256827368274524	5.2315308086955605	5.798624663727053	8.670986636624747	3.1864528628279905	1.9334498068325325	0.14098671872856341	0.12390813726601657	1.3823140367711728	3.593046680498196	3.5444194696119538
0.4487982796595153	5.990442223995866	4.916266235642513	1.5229742680125158	5.073245921219939	5.713203225201321	8.66953230384344	3.2270860233198837	1.9685900845665223	0.09793091083294288	0.12581365241195902	1.312145154109479	3.870633262264878	3.6795662044339967
2.706388485844285	5.8619620069208604	6.420340134393982	2.148010358371412	4.828576651087753	6.059038172916599	8.965809916771924	3.554836678524204	2.0561614571158033	0.05684503770888176	3.529494118836853	2.7982456776704234	0.9588009607403105	4.443560700465876
4.171901145339497	5.087995501573877	6.813527761987902	2.4463688849254743	4.496848676142751	5.908606135939398	9.217421469708203	3.88428098123838	2.0561614571158033	0.13983339222832294	3.994955482452946	2.2074526119248246	1.127199681690986	5.420571376070026
5.077346409260856	4.579779986855377	7.353345049048702	2.3037813470676003	4.5823921190317725	5.805894560419639	8.892738405328684	3.8042425356444154	2.2696461409719584	0.45957599761498996	5.032587639452518	2.901313338476097	1.4081724180295938	5.080593047235513
5.326011643300215	4.516102834859946	7.502501818161028	2.3396126599989264	4.670227120336502	5.760930660051521	8.634418113034126	3.7641315100427364	2.2840667997071256	1.064557156294764	5.201100016269448	2.533605435508877	1.6515015111963107	5.393140968595342
5.413127842577827	4.316280885856789	7.386784023754039	2.342624704680552	4.6362238105855855	5.813443424969783	8.628236706841108	3.7239591477370633	2.4184256583519335	0.8211365370797127	5.714501782043464	2.927155621437544	2.1160264984172614	5.009222671372878
6.186541564132079	4.010221997485845	7.307391166342307	2.8893723952753736	4.6041352881809114	6.365967317123658	8.521539095163629	3.933547280156065	2.467255696290711	0.6151300006730335	6.879779149138447	1.9430374896993516	3.4875791722361997	4.367578609830721
6.424942085893889	3.790256411272703	7.280417500659342	2.9347809965072584	4.4795657758320235	6.3301979720427894	8.477413446287532	4.01634582273643	2.54034753822367	0.5323314580926932	6.572506142542851	2.1517328204552384	3.5992410953759637	3.7800339730227996
6.3995838583857	3.780981169188919	7.170414218861526	3.010150808713097	4.44746035268238	6.374614479750574	8.518794111520787	4.058795308130864	2.490863891258078	0.5301105192803948	6.518098829758902	1.9122192822880277	3.7143735230514463	4.1259511397739095
6.730484992171043	3.5776276822413586	7.289720683860039	3.0183919905525562	4.256967063213863	6.236172514715686	8.469593391459744	4.056529643090174	2.49064160930837	0.44818166659449643	6.845474889149518	0.9271520170806433	4.383791538505729	1.9826345334040465
6.831894524842906	3.535303457681082	7.378702612755798	2.9884953697682453	4.207695882542839	6.119195159810242	8.466496864957135	3.9677654897379595	2.4523574705778075	0.5333747081646079	6.7683164209365705	0.841189092540749	4.453615545413161	1.6073870858215538
6.109773534431617	3.8949603872980467	7.340784603885334	2.66394931784425	3.8902436679991848	5.517967446772663	8.379776416779945	3.798903570752937	2.402995075517963	0.2512110796461418	7.00885551821751	0.3161058260816141	4.8565865665104555	0.03544033379366999
5.788797861721913	4.087753491257091	7.272208370327116	2.604342982651944	3.8266843740853718	5.393902407324523	8.344242394566228	3.6325128996184315	2.3889539077881468	0.14104973076703828	7.166330732427549	0.08369831148012596	5.101946638158765	0.11221775246953211
5.663687026889575	4.0099096535031915	7.273740813650204	2.3998558667425636	3.9447357444793547	5.182489590155539	8.308768870337488	3.590420652176871	2.3397041662728486	0.17624945457268845	7.29215219602989	0.4006358743088917	5.405163601457932	1.1116762467696888
5.42025315606523	4.111504676650653	7.283517750363904	2.248240082352003	4.182433114539862	5.141328426210536	8.150839789704646	3.379998412240193	2.2028565868016075	0.211468482178758	7.279768774849231	0.2268352716041024	5.3998906177044095	0.5150844695966693
5.508706435986709	3.9508587150666696	7.341649812874607	2.1179153381787303	4.387499452632486	5.17574574478382	8.2497653457124	3.42032268758631	2.153272458778004	0.1333611251250441	7.438107907744107	0.6011246442696762	5.513809374090704	0.18948514470014588
5.553949940918294	3.9136474276420143	7.308437980482551	2.1591593880777276	4.4690360128079725	5.258263145950356	8.2497653457124	3.4605858964942096	2.153272458778004	0.09423056270068951	7.542959803946425	0.608175976539075	5.574335997541991	0.3421192500258945
4.9201605292961625	3.8786075961628477	7.36511718492864	1.4336509405303806	5.071763850280911	5.17574574478382	8.337359546998089	3.42032268758631	2.065678257492302	0.09423056270068951	7.996714469365705	0.010209129898841669	5.818451386064732	0.6846224815911204
5.117684808096274	3.8786075961628477	7.562641463728805	1.4336509405303806	5.113661598552313	5.17574574478382	8.295461798726588	3.3793491080726366	2.065678257492302	0.09238754560988163	7.94363809804505	0.11023562461792147	5.80042527333492	0.6818576677777748
4.550854300432268	7.61016347793427	3.770939363383124	0.7116301858812085	6.080749303954172	4.244518255455228	8.375326476691793	3.1742809246630093	1.99258940787648	0.0908459191879123	3.0209212410946864	7.038118834559716	1.9716940557900375	4.991920321840933
5.3631780510974725	7.7944056229549865	3.7779140941733282	1.3466865223158047	6.259090979551917	3.9504676186552694	8.375326476691793	3.0116169006260582	1.9574068809593241	0.05166187762859728	2.6623985649741027	7.211322053096926	1.7318282255513235	5.196136924118948
6.017761211617709	8.262837473915265	3.8748950283655494	1.6298187660682504	6.296651885628747	3.7457164841090798	8.375326476691793	2.929879155005958	1.9574068809593241	0.010744335116771813	1.5232341501923432	7.292768818023943	1.7607624806029354	5.426174092529046
6.117388978095408	8.431452692689511	3.9104845410060625	1.5964208264118103	6.183779170946756	3.666241709083128	8.375326476691793	2.969060342942377	1.9574068809593241	0.048326134365904334	1.6763201034424475	7.25308853001351	1.8267023815137626	5.480917590317609
5.678921550591314	8.319353339429412	3.839203800433919	1.1987720115957683	6.032391988650151	3.9125033416029114	8.375326476691793	2.969060342942377	1.9574068809593241	0.08756380127900341	3.047709565297269	7.315365737621832	1.482037983654565	5.418636368709238
5.646647283166454	8.325085691775643	3.791063825009887	1.1126254164008893	5.994385368879211	3.9198231138975372	8.375326476691793	3.0098805460716265	1.9574068809593241	0.12525363224491512	2.6274810561184374	7.371657920233705	1.79053793814966	5.373967565176707
5.598371861997731	8.284549000091605	3.9350910003432182	1.2489138622493487	6.006268620292933	3.880344795583711	8.460253352812764	3.0098805460716265	1.9574068809593241	0.12525363224491512	2.2083556163930935	7.532618278980385	2.8711286404661043	5.4457097030980925
6.1310502361315145	8.454876571960334	4.126253310975901	1.8024269751471258	6.111723717302883	3.765780871708159	8.58056871775615	2.9691413554305064	1.9716898738485802	0.05145060758077812	2.153336844748884	7.502095286781305	3.1051295745402996	5.466807566096788
6.343577579521554	8.430054048354066	4.401390949281375	2.314914480448965	6.0936466872366255	3.7750816675730965	8.403718016859543	3.3875329354878536	1.9637240135220162	1.2122766195307957	0.6471002567637664	7.471319739056407	3.0676231893557286	5.640536048858197
6.586394370996857	8.51048720465121	4.565822830029735	2.6417299963754965	6.085393810803148	3.733167591548967	6.708271540742921	3.473565375434021	3.0484434943650704	1.4765595431844032	0.09987179661170396	7.383518840859595	3.468565695446637	5.605260737269007
6.111800191221738	8.408362423027775	4.44515087402487	2.1485886422186544	5.84448523559156	3.9435758657030253	7.46180412739605	3.388035808430723	2.440737739871866	0.24884633222063246	1.444910683876235	7.176966451215992	3.2461489427259913	5.469964890547645
5.4036109864948365	8.072770438770805	4.414052015513919	1.7448925632379455	5.643995179442666	4.0219361081117695	7.899641598718254	3.42915934709537	2.1437205375815727	0.28433002391340967	2.568013750501431	6.687189681768877	4.638012303545662	5.050414210096259
5.5502242489592835	8.275542282838053	4.429889854787963	1.70457182090917	5.6923210685963825	4.110582739594179	8.054960343409759	3.344660883488191	2.0372968932279587	0.4015623541397035	3.1026678352185466	6.846648676711142	3.431864303970877	5.105388734281858
5.082529110424947	7.899436250416223	4.272810328841208	1.455903188849725	5.643995179442666	4.186209428427589	8.249544275937133	3.469376937560274	1.927399602221205	0.48421113823433926	3.9881436246204673	5.963520068190059	3.291343107390264	4.228943762668385
4.254471458836471	7.149552517358666	3.8417837311588996	0.9467026726368428	5.711695570565827	4.387276760154056	8.360449045435654	3.5083758946722003	1.8654631388699103	0.5111663086203702	3.618860619376718	5.577832555616327	3.5840596623368084	3.898155055963354
3.348018499861833	7.073089774792736	4.248631478559368	0.5235602036282252	5.580496969557808	4.470843401924186	8.3323484437648	3.5068691762820685	1.901050640324816	0.3878751521478698	3.8292277236301446	2.4035700314061694	3.702295643322404	0.20108692517831664
1.7830801276042545	4.4533526235944185	5.876931825518991	0.35950092568036185	5.474683222980853	5.084686020371917	8.381547432424291	3.5453293079391326	1.9365010025593428	0.42322766491217884	7.754870109351038	0.25827554639065997	5.320250374625829	0.9032164633314237
1.575457872262974	4.1673401594260575	5.222209663337997	0.5205883683506218	5.559476255216248	5.164441549927428	8.433302485146388	3.543648686842065	1.9338441125374002	0.381373684879535	6.985402254642641	0.21050650631400927	5.226006229923798	0.8886919193341899
4.0422563610381	3.9008457739145537	6.805368381120753	1.1377337538319374	5.410532398928137	5.507272088400342	8.348505180020574	3.501436271304921	1.9338441125374002	0.25919486909185857	7.382590884924196	0.9001503371018051	5.590589358204064	0.5702653911759752
