0	1	2	3	4	5	6	7	8	9	10	11	12	13
7.81330136362296	4.54275492080232	7.720614750674412	4.6354415337508454	5.107159412472776	3.336084442847791	4.101393055957586	3.634949034036107	1.848517283722368	0.8171797025111289	3.3599867882501204	5.2629816420963	0.9771569669913234	3.9642449401995954
7.98443926049288	4.571216281516576	7.8130310992372545	4.74262444277233	4.8429628900618775	3.2942066606914375	4.2163414686472835	3.623623401070958	1.732414844124596	0.7341143559240746	3.202856914640744	5.119817402936369	0.9631489437306382	3.884091985877305
8.162146714931598	4.550361156947648	7.9541866162702926	4.758321255609017	4.6860966796860355	3.2544783188806146	4.273581377758982	3.5794222544544647	1.6319566190611448	0.6529826677184596	3.0893056667510455	5.124971255211139	1.0028110534552979	3.7533428957018065
8.126629694364478	4.550361156947648	7.868065104366584	4.808925746945526	4.635881015845013	3.3080696596521286	4.3611060308461855	3.5764354050196268	1.594647629815554	0.6904384890007919	3.0407434112838856	5.037310872967316	1.0513733089217079	3.8054862573785826
8.126629694364478	4.550361156947648	7.868065104366584	4.808925746945526	4.635881015845013	3.3110476371132394	4.411502788070609	3.5734574275585738	1.5442508725909383	0.6873633783664799	2.9401784026475184	5.037310872967316	1.1519383175584277	3.7580151066665
8.126629694364478	4.550361156947648	7.918669595703159	4.758321255609017	4.635881015845013	3.2194143240032194	4.411502788070609	3.573118362795115	1.4941137488949066	0.728731264904041	2.9401784026475184	5.037310872967316	1.1519383175584277	3.717310835011792
8.126629694364478	4.550361156947648	7.918669595703159	4.758321255609017	4.635881015845013	3.1784485117229337	4.4487261296455936	3.6140841750754147	1.507027531015678	0.728731264904041	2.89179878787286	5.037310872967316	1.2003179323328397	3.717310835011792
8.126629694364478	4.550361156947648	7.918669595703159	4.758321255609017	4.635881015845013	3.137545605685748	4.4487261296455936	3.6549870811125804	1.542009822609962	0.728731264904041	2.89179878787286	5.037310872967316	1.2003179323328397	3.717310835011792
8.126629694364478	4.550361156947648	7.918669595703159	4.758321255609017	4.67925857600612	3.0934938982303626	4.405348569484498	3.6990387885678464	1.542009822609962	0.728731264904041	2.89179878787286	5.037310872967316	1.1553360183891366	3.764771587831533
8.126629694364478	4.550361156947648	7.918669595703159	4.758321255609017	4.67925857600612	3.0934938982303626	4.45579065314801	3.6990387885678464	1.4915677389465865	0.728731264904041	2.843507125710372	5.037310872967316	1.2036276805515187	3.764771587831533
8.162146714931598	4.550361156947648	7.9541866162702926	4.758321255609017	4.67925857600612	3.0526585534254145	4.45579065314801	3.7398741333727985	1.406448323656357	0.728731264904041	2.843507125710372	5.072827893534415	1.2036276805515187	3.764771587831533
8.101958933600853	4.6105489382784715	7.9541866162702926	4.758321255609017	4.67925857600612	3.0526585534254145	4.45579065314801	3.7398741333727985	1.406448323656357	0.728731264904041	2.8554910262912494	5.072827893534415	1.2518315613012136	3.764771587831533
8.159255882747827	4.609662602171344	8.00294123119684	4.765977253722284	4.636767351952193	2.9729185614511904	4.499168213309194	3.8281564595674356	1.406448323656357	0.728731264904041	2.9036949070410003	5.130124842681461	1.2036276805515187	3.812164992622677
8.159255882747827	4.608773139900736	7.99437119413835	4.773657828510459	4.594203210415	3.022314115929966	4.542621817116741	3.7873309421472388	1.4565854473524564	0.728731264904041	2.9557726882271855	5.130124842681461	1.151549899365704	3.812164992622677
8.209652861112895	4.507364625949469	7.943589881439707	4.773427605622595	4.645214746001382	3.113983996113839	4.542621817116741	3.746442374661758	1.541743561164901	0.728731264904041	2.905375709862224	5.130124842681461	1.1965318133095937	3.812164992622677
8.209652861112895	4.507364625949469	7.943589881439707	4.773427605622595	4.645214746001382	3.2401426614444984	4.542621817116741	3.659443124843396	1.591980597727781	0.6895718493916364	2.8532979286760383	5.130124842681461	1.248609594495133	3.8594911279200494
8.209652861112895	4.507364625949469	7.943589881439707	4.773427605622595	4.601684948526921	3.281225640038654	4.586151614591339	3.5770518265670828	1.6422788833418953	0.730880169074256	2.8532979286760383	5.130124842681461	1.248609594495133	3.8594911279200494
8.209652861112895	4.507364625949469	7.943589881439707	4.773427605622595	4.601684948526921	3.3223720028581423	4.586151614591339	3.535905463747456	1.6422788833418953	0.730880169074256	2.9015895908385176	5.130124842681461	1.2003179323328397	3.9002262148149764
8.260155959107218	4.456861527955232	7.943589881439707	4.773427605622595	4.558078807190528	3.4077238737716717	4.680265330082948	3.4505535928338853	1.5917713091866887	0.730880169074256	2.8510864928444257	5.130124842681461	1.2003179323328397	3.9474951796809967
8.260155959107218	4.405760750226248	7.892733805637737	4.773182903695784	4.609179584919412	3.502658461219951	4.680265330082948	3.445581124415663	1.5917713091866887	0.6917741258463219	2.8510864928444257	5.169276166342629	1.2003179323328397	3.9083438560197803
8.260155959107218	4.455877943194038	7.934903137919287	4.781130764382073	4.508890293224178	3.501771022356328	4.7304374288103945	3.3630503070982356	1.5917713091866887	0.7735010558826935	2.8510864928444257	5.22144023412604	1.2003179323328397	3.903381516199742
8.260155959107218	4.455877943194038	7.934903137919287	4.781130764382073	4.508890293224178	3.501771022356328	4.7304374288103945	3.3630503070982356	1.5917713091866887	0.7735010558826935	2.8510864928444257	5.22144023412604	1.2453730058062233	3.903381516199742
8.260155959107218	4.455877943194038	7.934903137919287	4.781130764382073	4.552507163753878	3.501771022356328	4.686820558280815	3.321857615837872	1.5917713091866887	0.8146937471434562	2.7989141261947035	5.22144023412604	1.297545372456264	3.903381516199742
8.295566703197496	4.405760750226248	8.021184063737696	4.68014338968603	4.602624356721486	3.4536340357889586	4.686820558280815	3.319124420676988	1.5917713091866887	0.8146937471434562	2.7989141261947035	5.256850978216294	1.297545372456264	3.903381516199742
8.202859009960154	4.405760750226248	7.928476370500372	4.68014338968603	4.64616498056253	3.4536340357889586	4.6432799344396685	3.319124420676988	1.541473023572611	0.8146937471434562	2.8510864928444257	5.216236009563719	1.2453730058062233	3.851288791614959
8.205858415734934	4.446755024158911	7.871250341894472	4.781363097999346	4.544945272249149	3.4536340357889586	4.6432799344396685	3.319124420676988	1.541473023572611	0.8146937471434562	2.790861058463786	5.211031422658642	1.2453730058062233	3.758512347162387
8.205858415734934	4.446755024158911	7.871250341894472	4.781363097999346	4.595095815416774	3.4536340357889586	4.593129391271944	3.319124420676988	1.541473023572611	0.8146937471434562	2.790861058463786	5.2629816420963	1.2453730058062233	3.706562127724954
8.148703290038114	4.446755024158911	7.814095216197645	4.781363097999346	4.595095815416774	3.4536340357889586	4.593129391271944	3.319124420676988	1.541473023572611	0.8146937471434562	2.8429454725219436	5.205826516399432	1.1932885917478862	3.706562127724954
8.148703290038114	4.446755024158911	7.814095216197645	4.781363097999346	4.595095815416774	3.412411411362024	4.593129391271944	3.3603470451038513	1.541473023572611	0.8146937471434562	2.8429454725219436	5.205826516399432	1.1932885917478862	3.706562127724954
8.148703290038114	4.496963358983001	7.814095216197645	4.831571432823421	4.544887480592877	3.412411411362024	4.593129391271944	3.401539736364287	1.541473023572611	0.7330230497455373	2.8429454725219436	5.205826516399432	1.1932885917478862	3.706562127724954
8.199331369021623	4.446335279999453	7.814095216197645	4.831571432823421	4.544887480592877	3.412411411362024	4.593129391271944	3.401539736364287	1.541473023572611	0.7330230497455373	2.7923173935381014	5.205826516399432	1.1932885917478862	3.747317130476394
8.199331369021623	4.446335279999453	7.814095216197645	4.831571432823421	4.595114217398379	3.3684004768686977	4.54290265446651	3.4455506708574903	1.541473023572611	0.7330230497455373	2.7923173935381014	5.205826516399432	1.1932885917478862	3.747317130476394
8.199331369021623	4.446335279999453	7.814095216197645	4.831571432823421	4.595114217398379	3.3684004768686977	4.54290265446651	3.4455506708574903	1.541473023572611	0.7330230497455373	2.7923173935381014	5.205826516399432	1.2384169475222715	3.747317130476394
8.199331369021623	4.396126945175317	7.814095216197645	4.781363097999346	4.645322552222292	3.3684004768686977	4.505719967476354	3.4455506708574903	1.578655710562972	0.7330230497455373	2.7923173935381014	5.166593313482567	1.2384169475222715	3.786550333393251
8.199331369021623	4.446335279999453	7.856353570980199	4.789313078040823	4.645417244243706	3.282067868007345	4.4554169406311255	3.4896249249364857	1.628953996176721	0.7330230497455373	2.8407035048288294	5.205826516399432	1.190030836231556	3.7881392907298035
8.199331369021623	4.446335279999453	7.856353570980199	4.789313078040823	4.645417244243706	3.282067868007345	4.4554169406311255	3.4896249249364857	1.628953996176721	0.7330230497455373	2.8407035048288294	5.205826516399432	1.190030836231556	3.7881392907298035
8.214478790759607	4.395600716863904	7.922309709617374	4.687769798006168	4.601909550685296	3.1805245879725126	4.498924634189641	3.4896249249364857	1.628953996176721	0.7330230497455373	2.7899689416931404	5.170239375001896	1.190030836231556	3.8761826064563847
8.214478790759607	4.4466152497503355	7.972968960238718	4.688125080271293	4.550895017798765	3.129865337351292	4.498924634189641	3.4896249249364857	1.628953996176721	0.7330230497455373	2.8384430397557256	5.209543739309611	1.1415567381692668	3.8368782421486074
8.265320094535161	4.395773945974709	7.972968960238718	4.688125080271293	4.550895017798765	3.129865337351292	4.498924634189641	3.4896249249364857	1.628953996176721	0.6956159740891606	2.787601735980088	5.209543739309611	1.1415567381692668	3.8368782421486074
8.259149372017243	4.344825644663177	7.9158499364091055	4.688125080271293	4.550895017798765	3.129865337351292	4.498924634189641	3.4896249249364857	1.628953996176721	0.6956159740891606	2.736653434668527	5.204323789969481	1.1415567381692668	3.7849791676592526
8.319341068120066	4.284633948560398	7.9158499364091055	4.688125080271293	4.550895017798765	3.129865337351292	4.498924634189641	3.4896249249364857	1.628953996176721	0.6956159740891606	2.7250239940325742	5.204323789969481	1.0929944827026459	3.7849791676592526
8.370414366098391	4.283859818955348	7.9158499364091055	4.73842424864472	4.500595849425471	3.129865337351292	4.498924634189641	3.4896249249364857	1.628953996176721	0.6956159740891606	2.6218472047444137	5.243719427040806	1.1902997348941249	3.8275837415014164
8.310204928166662	4.344069256887153	7.966434376295178	4.6878398087585245	4.500595849425471	3.0792808974650785	4.498924634189641	3.4896249249364857	1.628953996176721	0.6956159740891606	2.730701143697399	5.243719427040806	1.1869305227031557	3.8686851475533115
8.253156954906116	4.344069256887153	7.909386403034582	4.6878398087585245	4.500595849425471	3.0792808974650785	4.498924634189641	3.4896249249364857	1.628953996176721	0.6956159740891606	2.727229956043047	5.3175641480467135	1.2357506500106215	3.9443174797214184
8.253156954906116	4.39445799834257	7.951774032580668	4.695840920668026	4.406622876726115	3.036893267919124	4.542508865433457	3.4896249249364857	1.628953996176721	0.6956159740891606	2.723746506417571	5.409028917407361	1.2846568130170173	3.941530437574867
8.19618001262706	4.39445799834257	7.945319977087381	4.645318033882275	4.450207107969881	2.9863703811334386	4.498924634189641	3.448432233676046	1.578655710562972	0.6963793415810158	2.720250729758334	5.431566215186516	1.4239718102800918	4.154565020858084
8.17155399923577	4.454774948750271	7.981010914103634	4.645318033882275	4.450207107969881	2.945219572429029	4.498924634189641	3.448446511345855	1.578655710562972	0.737515872615789	2.777059510950421	5.5071222980460375	1.4724497087863164	4.198906562376927
8.22269922257057	4.454108201282022	8.081832412361964	4.594975011490506	4.399728632103507	2.844398074170717	4.411127944053508	3.448446511345855	1.6664524006989763	0.6971393480769448	2.7715438067675033	5.54705967068619	1.70321053928614	4.370704292073248
8.105384800113153	4.51455092298609	7.982534022408144	4.637401700691111	4.319169664669433	2.9720498261547608	4.491686911487484	3.3632214485624727	1.7167506863129454	0.6971393480769448	2.9767858370731757	5.610435025604974	2.215914548364664	4.683282801360002
8.069659632451847	4.51455092298609	7.946808854746738	4.637401700691111	4.275365798783484	2.9720498261547608	4.58603909866503	3.3221410053058933	1.666202365021253	0.7382197913334992	3.0760739115535096	5.614937716186722	2.3072636011637084	4.729526647297832
8.120894832102223	4.565081927861991	8.062776070684327	4.623200689279874	4.644895748880556	3.072981746228027	4.216037109423005	3.105241869294728	1.6152677687178447	0.7382197913334992	3.1716851722940453	5.747565025938374	2.83538680168368	5.080835759568666
8.115403432467275	4.615146264971936	8.055905713770732	4.674643983668438	4.739561771048231	3.1104786568785294	4.05717045146744	3.017780374429466	1.6284814125643197	0.7382197913334992	3.220723718955727	5.771735400778392	2.8818763048793734	5.088041880824247
8.049486639208046	4.472768369360124	7.914680973390617	4.607574035177601	4.891092487941816	3.236244195114629	4.05717045146744	2.9764756045962946	1.6284814125643197	0.7382197913334992	3.4295047794460363	5.8370316853751	3.481584516062856	5.045650505299926
8.008439197405187	4.370477552463688	7.772150542947512	4.606766206921234	4.94184003513897	3.283845419158355	4.05717045146744	2.9788140994930625	1.6284814125643197	0.6978960026825395	3.4265852822230305	5.867167808648438	3.487350536930458	4.919960059956579
7.974209394104487	4.478432183511401	7.793018138930782	4.6596234386852196	4.7393838645086985	3.1779527586584937	4.05717045146744	2.935107821127123	1.6284814125643197	0.6978960026825395	4.106763513835386	6.016759354612013	3.4815102399140776	5.313305912568332
7.949170176310056	4.475088020481034	7.6715018389226985	4.752756357868421	4.638688242350692	3.2118209538689637	4.05717045146744	2.8936769229413937	1.5780605259027665	0.7382197913334992	4.212578831255948	6.096656138456418	3.3810553304613067	5.333466581090613
7.749922791259567	4.595123887288796	7.591709599369441	4.753337079178927	4.69066703637953	3.2058328842224637	3.954976417877002	2.850030474337212	1.4774026712102708	0.7382197913334992	4.817091989743053	6.0307701512163225	3.788419637211589	5.448584120020085
7.558977947835071	4.706421202943645	7.511496580140527	4.7539025706383615	4.691752852175242	3.19776862226918	3.9037635361900764	2.808533161858175	1.4620640962585576	0.7382197913334992	4.878868405071692	5.806164274033803	3.700880271221836	5.16282616437973
7.461019967261336	4.817742038097551	7.524309104288894	4.754452901069978	4.590500922766683	3.148279904979545	3.9043170327465617	2.7694156057820623	1.4625703097580254	0.777337347408986	4.9401501925042295	5.716801334988559	3.646584507883256	5.262325518814752
7.408904852890418	4.769514999271581	7.474820386999334	4.703599465162603	4.742055957650903	3.1956764062499023	3.8531041510595907	2.771507821801008	1.4625703097580254	0.777337347408986	4.8305683656775065	5.674691488699289	3.8082814490809818	5.212871595966229
7.234076708366866	4.944343143795099	7.425258812567113	4.753161039594789	4.5684515325628094	3.1993566182227857	4.026708576147574	2.817389184260392	1.4124781829991249	0.8177138719489357	5.060209837543066	5.653347177544507	4.11922062337778	5.515349456703764
7.079051032238095	5.106616745470683	7.373981461213613	4.811686316495192	4.467757303442554	3.069430674936836	4.026708576147574	2.905146175326857	1.4124781829991249	0.8177138719489357	5.342943615156694	5.623194771121344	4.300079480489386	5.587215843824807
6.965874566836807	5.207663659484003	7.303047035838199	4.870491190482695	4.366710389429203	2.983214378083737	3.9761149219254315	2.9491204321537636	1.4630718372212137	0.8177138719489357	5.454373112982181	5.552526542169529	4.197350760032098	5.929166576985404
6.778457521396616	5.321170747396671	7.18689503828449	4.912733230508623	4.453667971779523	3.02545641810957	3.8891573395752146	2.9491204321537636	1.4630718372212137	0.7802498968988854	5.571052221178842	5.521203750479061	5.03064037090085	5.543697937601269
6.590787438753168	5.384513147798987	7.07052360774572	4.904776978806456	4.503793175701598	3.1092935289161323	3.8891573395752146	2.8682786181568263	1.4630718372212137	0.8598569129391519	5.685585329628127	5.747336012014014	5.040021648994761	5.6811759842534455
6.2252997207397796	5.3990572411237014	6.871600603995035	4.752756357868421	4.64643601270632	3.15892804716696	3.9481696417592063	2.8682786181568263	1.4130407203861417	0.8598569129391519	5.795495336401923	6.227456705100547	5.628026175315952	7.949158890525634
5.986000528098079	5.462660286213105	6.746804045353794	4.701856768957351	4.601564841876721	3.252613299716719	4.093647950062926	2.824300914170179	1.4130407203861417	0.8598569129391519	5.905010968538929	6.594179918598443	5.705931830792147	7.945110070671653
5.827927870723683	5.514113685764497	6.6829285952350395	4.65911296125313	4.651956739788829	3.260261389924654	4.093647950062926	2.824300914170179	1.4130407203861417	0.819423552309537	5.783822761042212	7.7314532151165745	5.825357411888532	7.071383221392142
5.688671943716155	5.615519864877498	6.687284770681134	4.616907037912459	4.651956739788829	3.2619691975232867	4.093647950062926	2.8195608386413613	1.3780747101007398	0.7802498968988854	5.829002153388996	7.880252213544088	5.855037249655705	7.1281980336782675
5.940027240577246	5.615519864877498	6.980919485028252	4.574627620426321	4.746363859071096	3.261428614998889	3.9992408307808804	2.777822003679741	1.428128208910408	0.7802498968988854	5.941788101160707	7.578069702638295	6.83552120395209	7.3011334744178376
5.852672819606859	5.666058973696365	6.986457230476807	4.532274562826369	4.789687277736995	3.2608783800149355	3.905389439700244	2.736019181063362	1.4786561813248695	0.7802498968988854	6.048997376616367	7.477832077108983	6.970951676454452	7.481917262542237
6.00757134546314	5.56500957159865	7.041475858616945	4.53110505844466	4.804012598603073	3.360758277730858	3.9921135209318663	2.6968455256530413	1.5287708241960154	0.819423552309537	6.334020850203445	8.131197573602469	8.836610616623473	8.006174147805133
6.443064832683172	5.362417550195511	7.225407116552357	4.580075266326064	4.854410716853687	3.5111330605794957	4.043119977648281	2.6968455256530413	1.5287708241960154	0.819423552309537	6.755145151657698	5.985377207931243	8.960525723479861	2.91803868764803
6.687917172828992	5.2608238447440865	7.3188807809379055	4.629860236635192	4.818188159298884	3.6096975740816317	4.130178399158705	2.698901846415815	1.5287708241960154	0.7790430706585942	6.880172817824616	5.758208142867369	9.06667586230676	2.540345241666139
6.392029143500167	5.497688455550839	7.3102049356276355	4.579512663423488	4.818188159298884	3.6032732345536633	4.130178399158705	2.654978612732005	1.5287708241960154	0.7790430706585942	6.312796841292145	5.725427048682686	7.651653670469955	3.4211235733036065
6.44789886800131	5.559943733130996	7.520968233137706	4.486874367994618	4.818188159298884	3.552566045042757	4.130178399158705	2.6130475068141124	1.5789466464143758	0.7790430706585942	6.0866796113378205	5.927088757765141	7.438068907029586	4.639402634838232
6.4857373855092915	5.6107795970864505	7.558806750645672	4.5377102319499745	4.767352295343414	3.552566045042757	4.130178399158705	2.6130475068141124	1.5789466464143758	0.7790430706585942	6.029677932856733	2.26942973261118	7.6039578245817125	1.8725980348479638
6.44789886800131	5.66108081674952	7.6136319056684085	4.495347779082408	4.7170510756804545	3.4599023725120457	4.130178399158705	2.6130475068141124	1.5789466464143758	0.7387154043576325	6.029677932856733	2.0239688124773747	7.7094007212738225	1.762626456489548
6.368873615290514	5.723446179690018	7.596972015898332	4.495347779082408	4.768082269554493	3.501897774158208	4.079147205284832	2.610225760578217	1.5789466464143758	0.6620171874516306	5.686044710755422	0.14974355159195693	7.143269131886739	0.2084860789694052
6.368873615290514	5.673144960026996	7.596972015898332	4.445046559419442	4.767352295343414	3.501897774158208	4.130178399158705	2.610225760578217	1.5789466464143758	0.6620171874516306	5.569948170432093	0.6802985636919087	7.059704338671942	0.5966621180617162
6.403651378920446	5.735620552408589	7.69422537190956	4.445046559419442	4.8109202371155115	3.501897774158208	4.086610457386658	2.610225760578217	1.5439869704097355	0.6620171874516306	5.516330559163953	0.5289673994235136	7.119177734853025	0.031522137174113334
6.610076957896232	5.621340546807709	7.685080895318381	4.546336609385524	4.74638401199445	3.451747945139106	3.9997068035224084	2.610225760578217	1.5439869704097355	0.6620171874516306	5.419376952290035	0.49616020933665045	6.241692733489013	0.25653367083935585
6.774868019508222	5.557599664794142	7.685080895318381	4.647386788983952	4.688669857130978	3.495612669731485	3.9563707787875684	2.5663610359857536	1.5439869704097355	0.6620171874516306	5.371500978017382	0.2859049792179455	6.13835838845195	0.1948900724730131
6.774868019508222	5.709488237020679	7.827720569927003	4.656635686601866	4.587762623991581	3.352972995122823	3.905389439700244	2.5663610359857536	1.5439869704097355	0.6620171874516306	4.893587847880348	0.8603635399771051	5.629076217640953	0.0029706943300100517
6.774868019508222	5.760236888488352	7.9630320516007265	4.572072856395914	4.588072398851123	3.2597240204623934	3.8543310133730997	2.5242985289725848	1.594246757665252	0.6620171874516306	4.833233343085449	0.8366345807040106	5.493931291479151	0.4455773704191797
6.394524215364665	6.114789462258907	7.9337186337974615	4.575595043826336	4.473353326259968	3.0985694432753372	3.7540346850181687	2.4367568073942825	1.5570436724160108	0.7023486677299826	4.450888956702324	1.8050683202014257	4.690596393691201	3.0068309853100095
6.27724964929529	6.215833828993848	7.816444067728066	4.676639410561315	4.466548436011411	3.185854247677529	3.6597952085318743	2.3494720029924197	1.5570436724160108	0.6620171874516306	4.389540962956987	2.3563493826100914	4.7519443874365175	3.113450000832349
6.230550826289691	6.544400602856215	8.133082422090354	4.641869007055639	4.518113854865659	3.100072308585518	3.5572182540912993	2.3494720029924197	1.5220453625613628	0.6620171874516306	3.8405629474768856	3.5473572706916254	3.647846210025735	5.115160837118603
6.2594237311161685	6.657976675781723	8.325650330426848	4.591750076470943	4.568232785450185	3.1857570650704763	3.5572182540912993	2.3029048025835217	1.5220453625613628	0.6228996313762019	3.71393152443214	3.540711253642586	3.5239576808597417	5.218333076452807
6.279944928090518	6.822104490478813	8.4591968267526	4.64285259181679	4.517130270104606	3.2279595937123267	3.5572182540912993	2.260702273941438	1.5570436724160108	0.6632311116534254	3.2079978179522306	3.4822848912264384	2.9210991254510374	4.2522503329293855
6.242575951894876	6.822104490478813	8.464830275002035	4.599850167371761	4.525522302711005	3.1849571692672187	3.585963816195999	2.260702273941438	1.570227249454513	0.6632311116534254	3.0251683825348548	2.83166505734529	2.632347291292627	3.718648458478452
6.042045695907633	7.036381150291856	8.470461526197171	4.607965320002354	4.474330229411279	3.184146934788421	3.585963816195999	2.2595160310083084	1.570227249454513	0.6625350435279719	2.6782014793498248	4.292855747592309	1.4110837846635886	3.740132144964288
6.0380360746758175	7.0489945155484115	8.479636513496276	4.607394076727925	4.524535233480157	3.233780695582574	3.585963816195999	2.2595160310083084	1.570227249454513	0.7000518975658868	2.547670632336475	4.2282749288736285	1.280100236071496	4.237166787344715
5.863148374534123	7.200115344824041	8.447726994489292	4.61553672486881	4.473251537877531	3.1906396481211536	3.585963816195999	2.2595160310083084	1.570227249454513	0.7000518975658868	2.1263047410323876	4.606129637998148	0.7472957216554085	3.806955631958908
5.6632816913981685	7.362340844101018	8.410085810630402	4.61553672486881	4.473251537877531	3.1906396481211536	3.585963816195999	2.2595160310083084	1.570227249454513	0.7000518975658868	2.2324422576756633	4.585658494811695	0.7415706886322283	3.695022217843939
5.552971033036832	7.683239229974537	8.671957233744983	4.564253029266399	4.57603043639595	3.147087311575143	3.5715408591078845	2.263953562819021	1.5331550036271413	0.7016498482635752	1.740348247346223	4.122429138525737	0.3210512485274375	2.721669020112014
5.131430941873861	8.008898032523746	8.62572022028182	4.51460875411593	4.57603043639595	3.0551782758693222	3.5849557402004595	2.3453331281094822	1.570122713530708	0.7029723774349046	1.6979748869816145	3.912690624520948	0.41573347629143687	1.8715329685173534
4.7682597111492955	8.103994579967019	8.45143871766549	4.42081557345074	4.620015527973324	2.9623721644350995	3.5419577178541206	2.3453331281094822	1.6205667582306027	0.7434627339944536	1.6737869274496922	3.5816578355228694	0.4101097526913017	1.7956357427499887
4.672594947682832	8.148556828087639	8.500943644984057	4.320208130786433	4.671118043318756	2.956417648027815	3.5419577178541206	2.260702273941438	1.6710722907951099	0.8250866202960917	1.4994399772391553	3.330762926134512	0.4954730653809778	1.509642176253461
4.6249189470881715	8.14521971757114	8.500943644984057	4.2691950196752595	4.72213115443004	2.9142151193859642	3.5419577178541206	2.3029048025835217	1.7216393450855387	0.8656832136157234	1.5199244371562821	3.4879600966797963	0.5808843869306124	1.191177235379476
4.395775935709329	8.239458388431258	8.366841244715218	4.268393079425446	4.7229330946799255	2.9142151193859642	3.6295413546202933	2.263787246507287	1.6340557083195661	0.9079011154514168	1.6276678037426973	3.6224123905152266	0.6496788681828345	0.9226225412751864
4.246339903323727	8.170180912061745	8.212697185065817	4.203823630319578	4.824511331520612	2.9090854357475187	3.6295413546202933	2.3059257178808124	1.68468431789628	0.9486085134964571	1.5032631308773872	3.6327080913390573	0.6604147388448182	0.7583417539663139
4.140700107086809	8.166713035834363	8.111137730307911	4.1962754126135575	4.823686215673545	2.9101188001303346	3.630490680169731	2.348000232238124	1.7352162046403532	0.9486085134964571	1.615403610692432	3.6378147846633335	0.7809041773698225	0.6947834846244131
4.368439012398702	8.109344449584759	8.261255289074791	4.21652817290881	4.975124253331456	2.9559687950119797	3.593438930147562	2.473841035309694	1.7722679546624107	0.9486085134964571	1.8138769958350074	3.7579957079556867	0.5762079960781591	0.8566144912889173
4.517253263591003	8.059041344109035	8.282075197927785	4.294219409772359	4.974023313232016	3.0003872170758816	3.6448429757228333	2.557416955584956	1.7722679546624107	0.9110099419440564	1.8787629523849625	2.9068674324484123	0.45802183483754844	1.421970241861808
4.89888174434607	7.8587060425078255	8.402571551336232	4.355016235517796	5.217307382859361	3.055760197102507	3.6018942076964584	2.763176102905079	1.7722679546624107	0.9486085134964571	1.6185068294845666	3.2801531616880557	1.3203381038904218	3.4252218276275865
5.033859575902527	7.587848162972066	8.282121786921664	4.339585951952992	5.359822755361573	3.057400017474742	3.559022356832007	2.8457495206057195	1.7722679546624107	0.9486085134964571	1.4995934881079394	3.5009303466223822	1.7114021092030238	4.315926950024847
5.250664870146163	7.254057219256469	8.202382451211237	4.3023396381913965	5.499541594899995	2.883914363877296	3.5170255475436467	3.130198017612038	1.822755081582697	0.9486085134964571	2.972667483153804	4.962949492817656	1.7636510376663355	4.56649736314442
5.218950708501504	6.983919600261596	7.9791607179733175	4.223709590789955	5.646466291091723	2.9115083734316003	3.5170255475436467	3.170898656848018	1.822755081582697	0.9486085134964571	3.1594144805202897	5.34865898139094	1.6227807356061033	4.735119204582218
5.666886316189314	6.664414973718875	7.992252122944302	4.339049166963864	5.655072835010894	2.6463131772746142	3.705116311246862	3.787248292877451	1.7721264720058358	0.9031836928544389	5.137988255101649	3.250477849147185	2.1808114208691896	1.9425566094636992
5.963149913906482	6.4446004566465085	7.987562816744366	4.420187553808604	5.7050971744721615	2.61409414533357	3.6546945331636658	3.909605623164558	1.8225482500892276	0.8630764326086906	5.419319705790118	3.3431491656262033	2.7556818405753774	1.8240411860854644
6.277067063497699	6.047108486099062	7.8130334206029755	4.5111421289938285	5.400422468438598	2.3381318633553305	3.8589884216402006	4.146406848700953	1.822337673894549	0.8997120359981577	6.181241339949476	4.706448632182781	2.995858219167361	2.8760724436947607
6.364628000242836	5.987353848300194	7.792007447413567	4.559974401129455	5.2071846538283815	2.2595088049843994	3.9662158994929873	4.225029907071691	1.8090102059513489	0.9371232118119959	6.073736564592973	4.478318595055398	3.046503995023712	2.603175752613099
7.248545386016945	5.167251678078568	7.635473636863547	4.780323427232069	5.157423908800546	2.4110434120851667	4.110551706098821	4.356956288756505	1.7584948209750764	0.978525057337412	6.275454918250229	5.380679866522714	1.0873058957563742	4.099736639655754
7.591356298094593	4.804625398968739	7.57407193603416	4.821909761029195	5.148931322089199	2.280676136331403	4.017267128349848	4.486755833001813	1.8589213467929437	0.9790086363848889	5.696899190103622	5.516241720948895	1.3293147279693471	4.264735738557689
7.430269193075445	4.01806888496634	7.0664783599999055	4.38185971804187	5.0107400655731595	3.0450762805441958	5.060737243008163	4.196952187635395	1.7932396171000458	1.019756328218732	4.052135140278767	5.217531158955197	2.005911415379887	4.855383170663617
7.237790058605804	3.9889746014498684	6.992198104212106	4.234566555843641	4.902746599594339	3.1676855815127816	5.242948280209577	4.073215157055164	1.8557648655812493	1.0633530095596395	3.9069394540465874	5.195685382446806	2.357700357760885	5.264661910240149
7.552227020560129	3.768801115336432	7.227623469494208	4.0934046664023045	3.7839505579902353	3.5975038182212695	6.31684145267506	3.7999509155837945	2.3435429345275183	1.1057136034435349	3.179400492075309	4.030070441744898	1.2261043403635403	4.078014881937402
7.5258610951140685	3.863384713647793	7.289180419538498	4.100065389223367	3.7424884846839945	3.6256237726283627	6.2251943252652095	3.732394865016313	2.430555316261965	1.1057136034435349	3.190169992928723	3.8883029552468016	1.1743477162471283	4.147586061312359
7.284945823413548	3.537635801626666	7.0911456197299145	3.731436005310491	3.003372352874425	4.134872714849383	7.220494377962757	3.4632695891971594	2.706014553593656	1.063624736850532	2.510172326836541	3.3402645075090645	1.1750760182598334	2.561373315966553
3.7909666144714285	4.651979315605414	5.577680577072688	2.8652653530039887	2.6657803237477395	4.2067659328847835	7.9026121639893905	3.2264156411735345	2.9051925059034938	0.6224671318102191	0.29262296778651825	1.8874736532096654	2.434375275834719	2.2694895913293114
1.3527608558466107	5.56516161097449	4.879176316350879	2.038746150470378	2.9062765665295744	3.7861045083916527	7.826562969877121	3.0149773233054398	2.844001458183948	0.42420767764013895	0.2721198716539088	2.2528443582271613	1.9988901120784432	0.30933527163500524
0.8899411315435869	5.888409604185094	4.320600972259452	0.6778675003815509	3.2555642194965673	3.539183503030379	8.119484721604517	2.592232398856288	2.842822795642006	0.42420767764013895	0.25365685733579474	2.4212960994905592	1.628262784585711	1.019894043862439
1.5425732359258588	5.590036279767122	5.644517097885795	1.4880924178071382	3.259504253953014	3.712187880715939	7.85068427899901	2.6796327912267013	2.5118222945197797	0.26690471604989946	0.06325826136596555	0.5667394860233139	2.4591291336221177	0.10398849928901101
0.9023445615941211	5.861986229246083	4.4203891357868885	0.5392525318646917	3.7797164109570485	3.627746197014213	7.955126769647133	2.2042760790110374	2.2762091368926565	0.2688391761207242	1.6027785161741726	1.8706015478942724	1.1310460870461665	1.8075030398577443
1.4538517338936647	5.092479846039583	5.203183861331255	1.3431477186017566	3.864356268099559	3.99841815652086	8.017520247632454	2.3678493566897156	1.662731694383828	0.20740883225630982	2.7560934096006156	2.4789449970549455	2.399372572958869	0.4464461055665542
0.7368979959055085	5.442347750859527	5.052317649368838	1.1269280973965048	4.249515660239619	3.910148545767681	8.03796736953437	2.4066089284541032	1.3241469129594148	0.24654726264806534	2.235579537721891	1.9268569659936765	2.110741331807757	1.2235755556427919
5.582399362996074	4.49259811636401	7.8588915659260214	2.2161059134339864	4.347165210196349	4.875959471299728	7.887264028027854	2.484325311960417	1.24528988983836	0.2911848370699952	1.3507081488901296	1.467681549327529	5.055561946846509	0.458597782880121
6.381707489391477	4.134704271646882	7.807942508151806	2.7084692528866263	4.322220671957759	5.345314927154485	8.02576182296338	2.6113920736379477	1.2297921825092668	0.2570538814975896	0.948246186233907	1.0335727119974323	5.31505082922972	0.3260759127453387
5.83486579619815	3.9033116051978216	7.052351588937165	2.6858258124587366	4.183085032822892	5.493595150368093	8.334021602881759	2.6095925507804396	1.2649290288662458	0.41327654658069557	0.47599697417097175	0.2117093536821438	5.494287764127596	0.05922698176887878
5.576869828721543	3.9502444597813278	6.786336157972823	2.740778130530207	4.089066377593598	5.412592035928819	8.334021602881759	2.69075109708943	1.2152416374501198	0.4135195450766506	0.8531789198450382	0.44969221874819654	5.282796337142936	2.120907469407018
6.286993894805908	3.8110556878619395	7.1492534607375315	2.9487961219303327	4.088778827652453	5.8404968735451845	8.501644998855237	2.64769725009546	1.265937249941169	0.33329109456915246	0.28801631201505995	0.34639202786437573	5.0626249796518845	1.6485043422327021
6.159361982914958	3.9480265160490444	7.329002211136447	2.7783862878275754	4.088962518920674	5.626633435634787	8.369779470162145	2.64769725009546	1.3541654835583001	0.33329109456915246	0.7562228121916406	0.10464214665483924	4.566112019669763	0.3242382490347444
6.163625835089942	3.6731292770750654	7.125791061493949	2.710964050671193	4.392250347349362	5.776983449253016	8.17452640290972	2.6483668320314253	1.4560881824545702	0.25306768829674964	0.30256158546531436	0.3425472632543311	4.588901644525762	0.49160538878502863
6.2195285107356	3.762739577975623	7.1899940552741475	2.7922740334370353	4.217863441771028	5.771493260145308	8.066899419896131	2.7744327106252014	1.6950271888048338	0.2570916089823044	0.07423898267144349	0.14070424202873508	4.452157679663627	0.6793949463724619
6.198683747021404	3.7249740345568494	7.159576647395112	2.764081134183195	4.294250904104071	5.783999666162701	8.097600238287422	2.980196389884014	1.7952365263038919	0.4150900003146121	0.013172375033440025	1.1013206578064243	3.766079501493819	2.331565489296353
6.096426646455462	3.604364073160118	7.073625303352205	2.6271654162635167	4.203567238908537	5.776610348078222	8.400728629838	3.0631147164038386	1.6961660386575739	0.5318675832750791	0.04789987996275735	0.8021393521542942	3.4733846228750807	2.73619819818304
5.336215256722162	3.6415572384704267	6.638449913262825	2.3393225819297223	4.11330070681107	5.740849824121559	8.901905785851154	3.274037940709882	1.6967273924892607	0.6491573483529883	0.040446832844388776	0.8311189072312449	0.8074917711284134	4.3663058909855135
5.291511355084628	3.6034015260612513	6.600944469939553	2.293968411206433	4.197764777248715	5.6552176704724495	8.850362010315045	3.3971755376825077	1.7324868434916658	0.6103828127979637	0.1467517403988178	0.6869417040863941	1.3087775055048907	4.510483094130748
5.064588443037456	3.743019845310148	6.492779218693188	2.314829069654322	4.413965290128397	5.849758595378993	8.699340409699946	3.4794074568122966	1.8326069526618143	0.6128686534684841	0.41370865203037277	1.304691746858752	0.48667610374467946	4.822310152326666
4.9078154513316194	3.7896136915681566	6.300554614055677	2.3968745288439175	4.626096857372842	6.016564843100206	8.428945950073187	3.4356689393666304	1.9670558403959948	0.6128686534684841	0.4216776988709892	0.9691923158416548	0.436172657107424	5.054780696592608
1.430137906431263	5.128867635797862	5.229357729513657	1.3296478127153994	4.6992428492198215	5.518250741908973	8.962708168526358	4.068372369069952	2.00250323413907	1.1580325754375838	1.62913361463527	1.2342928599678287	1.3665739796294558	3.5278772922649533
1.0946270384162486	5.369015939430194	5.082574116661031	1.3810688611852886	4.618095676672824	5.404217938294706	8.954422911376396	3.777657564720723	2.1011812846676925	0.7806436374533297	1.5920727923693232	1.5345510167834187	1.8047684857629647	3.2618880939720634
1.9398806443444057	4.864426503724972	5.345503689296203	1.4588034587734982	4.534630633970705	5.360542684290502	8.910366816785967	3.7758979458211175	2.1886789212381883	0.7351504981209327	1.4576969164815008	1.6602271501625305	1.360951394918427	3.5555322113161876
3.092593050438979	5.0525417883223565	6.543833968476272	1.60130087028508	5.109255678440456	5.159503332565965	7.936368985549133	3.645134002309533	2.23804308145816	0.6883595140531209	3.010359331312379	2.181144394522649	0.30996403879539525	4.31470156253283
3.980484769788171	4.463805873979722	6.68738268902005	1.7569079547479514	5.03551563288528	5.327355572912329	7.978642375524221	3.5993805067962845	2.23804308145816	0.7645282624228404	4.517850714097533	1.7730458171143266	1.2385155675723052	4.979840459983999
4.439585061990983	4.157428072016368	6.762714092947916	1.8342990410593862	4.960207259202569	5.373303656897179	8.112362042195985	3.637834689241569	2.1886789212381883	0.8010130102502659	4.619987250555604	1.6772967057597492	1.440277756115081	5.232150476120888
4.992670455706414	3.771503046595842	6.802092539769653	1.9620809625324742	4.742478312411188	5.451235208517235	8.239750484038586	3.556146094844931	2.1886789212381883	0.7598145509499465	5.618655821078232	1.748090901763806	3.3411429842048683	2.062083005998744
5.34762505256239	3.595524854909845	6.906377664847849	2.0367722426244046	4.700524871903008	5.525926488609175	8.232339764326758	3.5150039651841354	2.23804308145816	0.7186724212888136	5.718580349550281	2.0982823452642267	3.78452390069074	2.155485236791649
5.458790122232169	3.5512944337048493	6.936062186605982	2.0740223693309643	4.658634819098601	5.563176615315616	8.274229817131157	3.5150039651841354	2.23804308145816	0.6415803830571687	5.728359017598204	2.165216993728997	3.8385329899438085	2.2244342995792055
5.6030190271634055	3.547721600409499	6.998779192601401	2.1519614349715424	4.6178823796431425	5.600363241500707	8.274229817131157	3.556146094844931	2.23804308145816	0.6441004728051797	5.684033744847288	2.383288466458517	3.8385329899438085	2.3509631218277853
5.307680370243419	3.656826905307164	6.760800588922512	2.2037066866279944	4.716447827504259	5.497717105653583	7.977622954759691	3.4713539381773684	2.287303195103186	0.6415803830571687	6.643465511774805	0.4963234425766103	4.880841027319661	0.73305785525543
5.1836295454962595	3.6977047131570835	6.636749764175295	2.244584494477954	4.6755700196542405	5.581866354153652	7.977622954759691	3.387204689677211	2.287303195103186	0.6415803830571687	6.8082913443698185	0.8073220528904911	5.024435338322525	0.9650574218887676
5.240377001100221	3.6977047131570835	6.619209368996508	2.31887234526065	4.6755700196542405	5.615593279326656	7.928324462654571	3.4277656152869116	2.287341573563195	0.6801517208107333	6.865131042903925	1.467074173502435	5.081275036856585	1.8649491565632057
5.162109424773506	3.7506768377817523	6.511421486762239	2.401364775793309	4.624966109451824	5.6491300164560885	8.019770473441477	3.427179044040828	2.23804308145816	0.6390658476815498	6.909646776008024	0.8168095658756864	5.147832961795536	0.3157630170543856
4.783223438475681	4.007310736324009	6.745640039174485	2.044894135625246	4.747218197207462	5.414911464043796	8.019770473441477	3.3861493543048393	2.23804308145816	0.598036157945145	7.1749750944167365	0.6026457919299186	5.085631071113816	0.04469129821824135
5.304138201173554	4.083150056677063	7.179250910100492	2.208037347750008	4.584074985082612	5.414911464043796	8.019770473441477	3.3861493543048393	2.188843239280588	0.598036157945145	7.201228870534151	1.1442965138341938	5.250425288594962	1.3145207002189088
5.132754817611568	4.344624244155212	7.2811675502372495	2.196211511529425	4.347439602095559	5.245985602992957	7.928324462654571	3.346582040330661	2.189002122550216	0.4867873618206911	7.131710892424162	0.5718907927033747	5.401976596207018	1.3198413821141965
5.41994296556691	4.295532766613704	7.557480940200879	2.1579947919795943	4.438742199094733	5.297544834134455	7.886113343196967	3.305897567180891	2.189002122550216	0.4867873618206911	7.192938066406394	0.6944187552552288	5.4632037701892155	1.4673536650378571
3.567905280154034	4.448095122734054	6.556540607556673	1.459459795331427	4.889467827892908	5.09085864576495	7.919119661317401	3.2607785232747744	2.1128289631246453	0.5259583387002332	7.303498181462439	3.8389815102059592	5.215522173909783	0.8573928457545978
4.992354808661781	8.325003387132423	4.113743277555703	0.7810946990850086	5.913527099242664	4.247076903854945	7.961332202801871	3.012612561991727	2.1619685719601223	0.5670107377412604	3.272026744117138	6.959403045721774	2.1679882369843826	4.703031262272868
5.580613967475525	8.309735760140404	4.047109503689525	1.3179877110246718	6.027975767471396	4.033456539112543	8.087589161577265	2.9712974711111526	2.1268445021517093	0.6082626670531235	2.9094892160574184	6.886122450749222	2.105886817756521	5.05890829275475
5.357155528969916	7.890282318721553	4.212685680068205	1.67955889031668	6.011615128428437	3.9071857615930594	8.294420658748349	3.262293068167991	2.0676886092341054	0.5863883640944914	3.1412138031482617	6.898494535156079	1.855103014821268	5.165321175083881
5.581451785849916	8.244839149882736	4.302686957540765	1.6392995935078039	5.886499852117386	3.9474450584018026	8.419535935059317	3.262293068167991	2.0676886092341054	0.6654476583942934	2.4956152678891983	6.922592602066675	2.396727595783992	5.059158667713318
4.013955887310305	7.5071150592479965	4.821323811244517	1.3281646393071178	5.695735021096588	4.067815181582133	8.419535935059317	3.2205310124845394	2.0676886092341054	0.6631370650442272	3.9234212684798035	5.57415173754153	2.854163804599377	3.372435996337616
3.1941322030914674	4.540702424552726	7.860118429284189	0.12528380164189917	5.145744117393533	4.513677806064622	8.427140852372752	3.3442109939479847	2.053665703365951	0.660831406709728	7.836798948972723	0.5956326571273962	5.834091849260097	1.7081637766886562
3.707186855027476	7.856281747423918	4.841106721645559	0.6920118292487516	5.248205016447963	4.132632445003374	8.472391285227406	3.3442109939479847	2.0916370380044484	0.7380199498851109	2.9707914583213015	6.2919829145898545	1.8427257896490252	4.569548616960471
4.855987469298363	8.327100697895292	4.447488810926292	0.9763755823293081	5.318850581325455	4.003353018415806	8.518095517381763	3.2181927078481185	1.955111985128966	0.6986704610607865	3.081945883675032	7.107130110563701	1.74037336867841	5.2382362440800785
5.883569682989255	8.722965314746743	4.862390869879704	2.0229952381222627	5.692879479429769	3.4135863613394806	8.518095517381763	3.0937204205064086	1.955111985128966	0.6176207413334383	1.33494423804692	7.128324891842934	3.1059306235041624	5.399302864399388
5.965260065241375	8.696126754833594	4.898134393364109	2.1672677037716213	5.8445844610600375	3.42101887732014	8.518095517381763	3.0937204205064086	1.955111985128966	0.4577078382571738	1.733234851001041	7.120627755651314	2.227233867549714	5.348429688742778
5.426907712833503	8.27632295538755	4.716831927698653	1.8674166851444738	5.855016046612525	3.6898580461209143	8.518095517381763	3.093572494997321	1.9059311802374395	0.45578163624488643	2.9885913999780462	6.971855514175159	3.887942156108415	5.221114135760584
5.3201952491801245	8.212422015671317	4.6373285959995565	1.745101829508336	5.855016046612525	3.812172901756943	8.518095517381763	3.093572494997321	1.9059311802374395	0.45578163624488643	2.87053307485503	7.175605815045975	2.4535131952433518	5.3483501563890306
0.17322347958707565	5.634562577948935	5.952882325463029	0.14509626792341557	5.47645591999121	4.909277433962159	8.476453274373151	3.1762711547460394	1.9059311802374395	0.45578163624488643	8.345461178321717	1.225151264180006	5.01000127804141	0.4225677121981029
1.0712791465501783	6.361087385108508	5.521787755887585	0.23197951732922822	5.604404014343812	4.781138761372671	8.348505180020574	3.2175265779311832	1.8568108276299726	0.49539434562651224	5.523700478119077	1.9431012418416016	3.9566562035457324	0.00956071905083237
2.7807730182549424	7.20994877096977	4.748271105396795	0.3190953526829172	5.607587030390233	4.655433960259359	8.268779166814806	3.2175265779311832	1.8947648590285593	0.45578163624488643	4.507127308602062	5.680868584541405	2.8262413547683964	3.449126799945669
4.518427571256609	8.4928063378561	4.772830766137953	0.7984519995387191	5.691319595112911	4.134884362201416	8.18504660209213	3.258719529132372	1.8594789854167517	0.416116477369041	2.0543707727289084	7.050588464706488	2.0770811824691537	4.8989095816231085
4.870306090103495	8.757455578511982	4.686545294841441	0.7993958064328499	5.695697947526376	4.09528623372058	8.142013928092384	3.258719529132372	1.8241325700835151	0.37639880286105765	3.153286804267906	7.041005002198166	2.393814414743766	5.015209718891963
5.198946397890588	8.533381299453607	4.779924682689426	1.4454897811264285	6.079315791150461	3.832810102651199	8.092684202852237	3.1757069949199472	1.8243618319217636	0.29154133347754124	2.5622853774114343	7.270425564211351	1.4997089368316923	5.26477819282265
5.605396343728444	8.665348202573503	4.758927771163952	1.6989759123188874	6.268709593217981	3.7687177735262964	8.054647471252798	3.134285676514057	1.82697127583279	0.21029453252809127	2.533682965168929	7.296487316801606	1.184983256956678	5.375929186063287
5.534796644130622	8.509296103399327	4.8358694983610135	1.8613700390921348	6.225676919218179	3.606323646753061	8.097680145252468	3.092920893788667	1.7779113700472167	0.1689297498035574	2.2826846157386904	7.272299213266835	1.67234499430501	5.387313245565485
