0	1	2	3	4	5	6	7	8	9	10	11	12	13
4.483462321041211	6.333529218139877	8.312197860563082	2.504793678618039	4.629074407352641	2.0955858066662336	5.333623383276218	3.1960090836821027	1.534600515614783	0.3744604613250883	3.8134541076040724	5.436936005671298	2.497556726412826	3.9426337050056977
6.642985667497124	5.350710033315278	8.207393694655464	3.7863020061569834	4.287410390934083	2.601098113671866	5.146415064261459	3.4118163064171516	1.4703518714101484	0.4936699260010261	3.4776758398884695	5.326333740375698	1.4560556043248496	3.9981103382762777
7.231684848524464	5.188635837934402	8.214578944929197	4.205741741529632	4.238481299425738	2.7050218881950414	5.009718748689611	3.4984400924551884	1.4917460583254656	0.5740152461750757	3.4621743878142115	5.2061065593094025	1.160936006380855	4.045842439027391
7.523841590639912	5.076205843253489	8.252576327303586	4.347471106589853	4.239238668648433	2.7560052730276965	4.908939336673376	3.5009743244069	1.4920973953754793	0.5756018830836027	3.3982756405096226	5.25677018201601	1.1096856654368943	3.995330472096461
7.58470749377886	5.065203417958031	8.21009965449937	4.439811257237529	4.289448082706798	2.7569655146050382	4.808866444771669	3.5424907556337706	1.4920973953754793	0.5756018830836027	3.337409737370937	5.25677018201601	1.1096856654368943	4.000980494951323
7.707625187526806	5.06464203282526	8.240102215071852	4.532165005280081	4.2394968976644325	2.7579159163095337	4.808866444771669	3.5426376880123325	1.4920973953754793	0.6169071120007638	3.2380042542363823	5.329175305588748	1.15857857839563	4.042498719451071
7.79433833378452	5.063796613693539	8.218397361815358	4.639737585662746	4.239872914933572	2.7743259735973993	4.758715901603897	3.584025685208761	1.4920973953754793	0.6169071120007638	3.2362772221656213	5.365268506816294	1.1096856654368943	4.000980494951323
7.79433833378452	5.114011543057197	8.218397361815358	4.689952515026362	4.239884722375376	2.815713970793838	4.657698171685031	3.503531644784471	1.5428883884885694	0.6560131552284391	3.2362772221656213	5.4051810459227445	1.1096856654368943	4.002586180344717
7.758245132557014	5.113834262672059	8.224756139129946	4.647323256099134	4.290365029605711	2.773261992251584	4.607395144839696	3.503531644784471	1.5428883884885694	0.6964994584252862	3.2362772221656213	5.3690878446952635	1.1096856654368943	4.002586180344717
7.686031423720978	5.16445420770226	8.203162375324156	4.647323256099134	4.3407444427156605	2.773261992251584	4.557015731729972	3.503531644784471	1.5428883884885694	0.6964994584252862	3.2380042542363823	5.347494080889491	1.15857857839563	4.002586180344717
7.686031423720978	5.214846104791706	8.152938111331212	4.747939417181381	4.340808441045762	2.7790755224402934	4.506559836310658	3.547942378588694	1.5933939210532237	0.7339552797075366	3.2380042542363823	5.399716015686724	1.15857857839563	3.95036424554739
7.722087350792549	5.21475699477618	8.231507970434807	4.70533637513393	4.340897551061118	2.736561590408256	4.506559836310658	3.547942378588694	1.5933939210532237	0.7339552797075366	3.2344127178834676	5.435771942758265	1.2072297460419188	3.903195998192719
7.722087350792549	5.2653269547366275	8.231507970434807	4.755906335094341	4.290327591100626	2.7780093113632387	4.557350829424095	3.506494657633508	1.5426029279398459	0.7339552797075366	3.2380042542363823	5.435771942758265	1.2036382096888762	3.8144586905038955
7.758070836649462	5.214667569606316	8.267491456291715	4.705246949963877	4.340986976231076	2.736561590408256	4.557350829424095	3.547942378588694	1.5426029279398459	0.7339552797075366	3.2380042542363823	5.511760537757961	1.2036382096888762	3.6857342239002633
7.707558266474332	5.315839524911844	8.217180037791637	4.806217753594314	4.290327591100626	2.786873008908332	4.557350829424095	3.547942378588694	1.577447492661113	0.7339552797075366	3.288516824411563	5.47175542861517	1.2036382096888762	3.637038345674454
7.707558266474332	5.315839524911844	8.217180037791637	4.806217753594314	4.290327591100626	2.7898957455159485	4.557350829424095	3.54491964198089	1.577447492661113	0.7339552797075366	3.288516824411563	5.47175542861517	1.2036382096888762	3.548356147736729
7.707558266474332	5.315839524911844	8.267491456291715	4.755906335094341	4.290327591100626	2.739584327015902	4.557350829424095	3.54491964198089	1.577447492661113	0.7339552797075366	3.288516824411563	5.47175542861517	1.2036382096888762	3.548356147736729
7.707558266474332	5.366498910042233	8.267491456291715	4.806565720224796	4.283076611845025	2.739584327015902	4.513942423549151	3.54491964198089	1.577447492661113	0.7339552797075366	3.288516824411563	5.47175542861517	1.2036382096888762	3.548356147736729
7.707558266474332	5.315839524911844	8.267491456291715	4.755906335094341	4.333735996975364	2.739584327015902	4.513942423549151	3.54491964198089	1.577447492661113	0.7339552797075366	3.288516824411563	5.47175542861517	1.2036382096888762	3.548356147736729
7.646692363335295	5.376705428050702	8.267491456291715	4.755906335094341	4.377067977053933	2.7839264762856195	4.470610443470729	3.4593255633984183	1.577447492661113	0.7752072090204595	3.349382727550568	5.47175542861517	1.2036382096888762	3.548356147736729
7.646692363335295	5.376705428050702	8.267491456291715	4.755906335094341	4.377067977053933	2.7839264762856195	4.52146731308525	3.4593255633984183	1.5265906230465296	0.8126101045239511	3.349382727550568	5.47175542861517	1.2036382096888762	3.548356147736729
7.646692363335295	5.376705428050702	8.267491456291715	4.755906335094341	4.420323683555755	2.7839264762856195	4.515290159026047	3.4593255633984183	1.4895120706038059	0.8126101045239511	3.349382727550568	5.47175542861517	1.2036382096888762	3.548356147736729
7.646692363335295	5.376705428050702	8.267491456291715	4.755906335094341	4.420323683555755	2.828204652748117	4.515290159026047	3.4150473869361244	1.4895120706038059	0.8126101045239511	3.349382727550568	5.47175542861517	1.2036382096888762	3.548356147736729
7.646692363335295	5.376705428050702	8.267491456291715	4.755906335094341	4.420323683555755	2.828204652748117	4.515290159026047	3.4150473869361244	1.4895120706038059	0.8126101045239511	3.349382727550568	5.47175542861517	1.2036382096888762	3.548356147736729
7.610708877478399	5.376705428050702	8.231507970434807	4.755906335094341	4.420323683555755	2.828204652748117	4.515290159026047	3.4150473869361244	1.4895120706038059	0.8126101045239511	3.3982756405096226	5.435771942758265	1.154745296729693	3.548356147736729
7.661201282404573	5.326213023124654	8.231507970434807	4.755906335094341	4.420323683555755	2.872418941970997	4.515290159026047	3.370833097713082	1.4895120706038059	0.8126101045239511	3.347783235583801	5.435771942758265	1.154745296729693	3.548356147736729
7.661201282404573	5.326213023124654	8.231507970434807	4.755906335094341	4.420323683555755	2.872418941970997	4.515290159026047	3.370833097713082	1.4895120706038059	0.8126101045239511	3.347783235583801	5.435771942758265	1.154745296729693	3.548356147736729
7.661201282404573	5.326213023124654	8.231507970434807	4.755906335094341	4.420323683555755	2.872418941970997	4.515290159026047	3.370833097713082	1.5242952503474914	0.8126101045239511	3.347783235583801	5.435771942758265	1.154745296729693	3.595761206879805
7.603622136143561	5.275643063164239	8.173928824173727	4.70533637513393	4.470893643516269	2.872418941970997	4.515290159026047	3.370833097713082	1.5242952503474914	0.8126101045239511	3.347783235583801	5.430341923643434	1.154745296729693	3.543612079733542
7.679037035175774	5.214707009706475	8.188074455296848	4.705669589585229	4.420323683555755	2.822182196461917	4.515290159026047	3.370833097713082	1.5242952503474914	0.8126101045239511	3.2362772221656213	5.394250809257466	1.154745296729693	3.6322354529512153
7.679037035175774	5.214707009706475	8.188074455296848	4.705669589585229	4.420323683555755	2.822182196461917	4.515290159026047	3.3316677314064265	1.5242952503474914	0.8517754708307677	3.1873843092062883	5.394250809257466	1.2036382096888762	3.6322354529512153
7.679037035175774	5.214707009706475	8.230675452814754	4.663068592067407	4.420323683555755	2.7795811989440993	4.515290159026047	3.3316677314064265	1.5242952503474914	0.8517754708307677	3.1873843092062883	5.394250809257466	1.2036382096888762	3.6322354529512153
7.679037035175774	5.164226159761485	8.230675452814754	4.612587742122495	4.513984118457875	2.7795811989440993	4.472110574068901	3.3316677314064265	1.5242952503474914	0.8517754708307677	3.138580801610126	5.446327194686971	1.2524417172852331	3.668800977553961
7.682293760745526	5.103427711282825	8.173133729905896	4.612587742122495	4.513984118457875	2.7795811989440993	4.472110574068901	3.3316677314064265	1.5242952503474914	0.8517754708307677	3.1301647219937214	5.388785471778142	1.2000593484226938	3.668800977553961
7.682293760745526	5.103427711282825	8.215809460550018	4.569912011478252	4.513984118457875	2.7369054682998093	4.472110574068901	3.3316677314064265	1.5242952503474914	0.8112974646932424	3.1301647219937214	5.4288294942611115	1.2000593484226938	3.628756955070996
7.646095059526381	5.204300614648753	8.229797317699104	4.620598356476049	4.413111215091802	2.6867189099317392	4.472110574068901	3.3316677314064265	1.5242952503474914	0.8112974646932424	3.1301647219937214	5.39263079304198	1.2000593484226938	3.6701891554452692
7.783895892625555	5.102698482768623	8.26599601891822	4.620598356476049	4.319510599708692	2.6425046207086575	4.565711189452109	3.375882020629369	1.5242952503474914	0.8112974646932424	3.077372418465809	5.4288294942611115	1.151249520071011	3.6701891554452692
7.726426759058304	5.102787279292764	8.208526885350997	4.620687153000099	4.319421803184678	2.598226444246193	4.565711189452109	3.4201601970916204	1.5242952503474914	0.8112974646932424	3.077372418465809	5.371360360694	1.196382210526916	3.6228929182241765
7.777389716940721	5.051824321410449	8.208526885350997	4.620687153000099	4.319421803184678	2.598226444246193	4.565711189452109	3.4201601970916204	1.5242952503474914	0.8112974646932424	3.07530855339186	5.423383288309342	1.1474831177182307	3.570869990608745
7.828460954114348	5.051322887036964	8.208526885350997	4.671256955800172	4.268852000384535	2.5568979994221936	4.565711189452109	3.461488641915995	1.5242952503474914	0.8112974646932424	3.0242373162183025	5.423383288309342	1.192688989022455	3.570869990608745
7.822244168537398	4.949662413748258	8.058268030257707	4.713638552027902	4.319332693169255	2.649760288434557	4.565711189452109	3.42029018261499	1.5242952503474914	0.8524959239945528	3.0711242094828153	5.417936882238355	1.0934472100503867	3.560411444399522
7.822244168537398	4.949662413748258	8.058268030257707	4.713638552027902	4.319332693169255	2.649760288434557	4.565711189452109	3.42029018261499	1.4895120706038059	0.8524959239945528	3.0711242094828153	5.417936882238355	1.1387980401317932	3.6436006584012537
7.883030332048239	4.838306290276753	8.008018892286394	4.713317730038794	4.369902653129648	2.700009426405831	4.565711189452109	3.42029018261499	1.4895120706038059	0.8524959239945528	3.0595059746030144	5.417936882238355	1.1350546014987153	3.685298511784127
7.934337501375096	4.837658506080454	8.008018892286394	4.763977115169297	4.319243267999261	2.658744849113035	4.565711189452109	3.461554759907649	1.4895120706038059	0.8524959239945528	3.057456693700698	5.509988174751402	1.176867162300658	3.682354438558037
7.934337501375096	4.888407474375129	8.008018892286394	4.814726083463864	4.318915330130733	2.7030141390950218	4.515290159026047	3.417285469925786	1.4895120706038059	0.8524959239945528	3.005038530623475	5.561811677206655	1.2283954044441792	3.7196552513724224
7.919113395891173	4.846307558881633	8.00094400928026	4.764476945492629	4.369412482070058	2.7411126331359914	4.464793007086639	3.328937837913355	1.5400556935983853	0.8150888483377405	3.0617141883451895	5.504487656229239	1.3129428069926674	3.761577320480401
7.919113395891173	4.846307558881633	8.05111841415739	4.714302540615455	4.369412482070058	2.7350167399050895	4.464793007086639	3.2848593262674783	1.5400556935983853	0.8150888483377405	3.0587129141546234	5.544752886558195	1.361436362807655	3.721312090151454
7.913478499903709	4.7946909560880915	7.993866915376281	4.714302540615455	4.3261686441320855	2.7350167399050895	4.470958292582068	3.243717196606602	1.5265906230465296	0.8562309779985013	3.0567055610462956	5.568250645930295	1.6365770416166923	3.978441415477185
7.928868263029735	4.793533968496802	7.957530205772409	4.76487202575424	4.275599158993212	2.817644053353982	4.470958292582068	3.1610898831576097	1.5613738027902822	0.8562309779985013	3.051839603973732	5.572398280333359	1.730492113718435	4.15588822897367
7.928868263029735	4.742785317029048	7.965004631829881	4.706648948229011	4.326347810461046	2.8101696272964922	4.470958292582068	3.1610898831576097	1.5613738027902822	0.8562309779985013	3.0489895616707687	5.572398280333359	1.7804209099290276	4.198726904047473
7.98070487228157	4.690948707777174	7.922453701575678	4.7491998784831715	4.283027604465172	2.8941296077857723	4.477134021631408	3.1196808329224854	1.5985182797363637	0.8562309779985013	3.0443449265492504	5.694292075082	2.2562038732028644	4.3353556193033365
8.027496538498838	4.586765476941722	7.787997419066436	4.826264596374164	4.690135191932996	3.1032631217880455	4.1721590953417556	2.987790571162211	1.6483085048689243	0.8562309779985013	3.2426018650700077	5.8525883255818885	2.780885343824094	4.786489677878278
8.07966516096761	4.63564687858182	7.795608858133615	4.919703181415901	4.742956009049723	3.222526355240355	4.0693645410980155	2.9000868755219784	1.698701795789357	0.8170600011183763	3.241136546690237	5.934849485120948	2.878510047165844	4.8842563468105835
8.07966516096761	4.58498843807316	7.795608858133615	4.869044740907233	4.801815241496591	3.2641408519041506	4.061163749159606	2.8584723788580813	1.7495286836377115	0.8170600011183763	3.2919335775551515	6.017409517277721	2.8277130163008075	4.937740805511024
8.07480462285617	4.482317025015459	7.696262567224135	4.860859080647571	4.852206825096898	3.3501296846927007	4.061163749159606	2.8146894694101787	1.7495286836377115	0.8170600011183763	3.49343565974927	6.084672400715868	3.1745526050896626	5.217328675897225
8.013133080806568	4.530975744044497	7.6742107631764105	4.869898061674833	4.742956009049723	3.3454937266833014	4.106444950162475	2.727314384337798	1.6616213867251193	0.8170600011183763	4.222968016803582	6.253479993801824	3.263851846826078	5.337151171170863
7.992715536339707	4.581277749479487	7.653793218709532	4.920200067109778	4.735834476744159	3.387181031870431	4.063264477032818	2.6856270791507377	1.6108559086969079	0.8170600011183763	4.328875067190518	6.359930340941275	3.3142046974144597	5.3009474478135745
7.984108009021198	4.539583271363146	7.653793218709532	4.869898061674833	4.73478226015533	3.387181031870431	4.114618699056759	2.6856270791507377	1.5254394334735282	0.8170600011183763	4.284480038385575	6.350024705733755	3.367207253538078	5.26308041659082
7.886380262117214	4.651108037284567	7.709323410661372	4.828164888740529	4.735834476744159	3.295145853501236	4.063264477032818	2.6856270791507377	1.5254394334735282	0.8170600011183763	4.719986732521719	6.208587607293931	3.868542098829674	5.174650531850762
7.877608709902681	4.659879589499197	7.709323410661372	4.828164888740529	4.735834476744159	3.295145853501236	4.063264477032818	2.6856270791507377	1.5601518088229003	0.8170600011183763	4.782654385499622	6.208587607293931	3.87615852377184	5.173153937399789
7.5508355569933245	4.935430994888584	7.632945679988221	4.853320871893569	4.686267448780281	3.2095449279374773	3.8721670624540065	2.6438762413709136	1.613596129519632	0.8170600011183763	5.07103075323344	5.984569438354433	4.235912181392181	5.709658930590693
7.378215671066848	5.048136972592017	7.6072876728347865	4.819064970824056	4.686839596211963	3.1242744939813787	3.820580382135743	2.6438762413709136	1.613596129519632	0.8170600011183763	5.13476946296358	5.948837542943283	4.306664129502914	5.779018432060308
7.005465136911764	5.214810631863675	7.358538558133616	4.8617372106418095	4.50556048524567	3.0357707763448825	4.001859493102154	2.7750521988253447	1.613596129519632	0.8170600011183763	5.306629781432626	5.583816216726933	4.324535635705116	6.131937672841471
6.617014760968778	5.402700002780433	7.208275454292035	4.8114393094572625	4.512471669571666	2.9919177768928344	4.045246209960735	2.8189051982774864	1.613596129519632	0.8170600011183763	5.663272912475994	5.777888504977958	4.964482787452096	6.378103567689326
6.522036688885289	5.352312373087295	7.063506797851872	4.810842264120828	4.562859299264643	3.0835111838656974	4.045246209960735	2.777102375661102	1.5629296373045267	0.8170600011183763	5.720887820425694	5.769796594512584	5.03489451339285	6.044649490612678
6.313215639215266	5.465957711225159	6.968959256701827	4.810214093738756	4.606874186505536	3.0835111838656974	4.001859493102154	2.818241742397543	1.5629296373045267	0.7759206343822297	5.840832137670148	6.392316116207119	5.574458206752478	4.982118445479338
6.261255275654579	5.517918074785912	6.968959256701827	4.810214093738756	4.650182842664584	3.0835111838656974	3.9585508369430453	2.818241742397543	1.5629296373045267	0.7759206343822297	6.0066577705345505	6.482893765116411	5.533188287207416	5.042011093626143
6.0622373831012375	5.570574689617834	6.916184939784395	4.716627132934661	4.70110906966127	3.040850450058202	3.9956527473185375	2.818241742397543	1.5258277269291798	0.7759206343822297	6.111898879404039	7.5287070616449405	6.307659526792709	6.007055612429314
5.93990861365929	5.623319201887925	6.939725390493551	4.623502425053629	4.751498761550018	2.9981154340659657	3.9956527473185375	2.818241742397543	1.4752226857844453	0.735491310614939	6.216697884222526	7.8401377138735455	6.382327291657931	6.2870914765339565
6.004648983563557	5.6747187665246726	7.098674769721193	4.58069298036701	4.751498761550018	2.997172902300597	3.9956527473185375	2.7763748294764117	1.4752226857844453	0.735491310614939	6.155220872377692	7.459357205268918	6.589375451673626	5.416252207712813
6.031245728266806	5.7260070127775355	7.169532996811022	4.587719744233333	4.699962136315033	3.046130772084873	4.084225263395164	2.734443723558555	1.4381867949427662	0.735491310614939	6.150736582001807	7.129195118561816	6.546290783293998	5.121592340767798
5.883518458188626	5.777184219958929	7.072982933914318	4.587719744233333	4.699962136315033	3.046130772084873	4.084225263395164	2.734443723558555	1.4381867949427662	0.735491310614939	6.091155288289784	7.734855691141125	7.2344969625273094	7.524844043147349
6.0395630893603585	5.777184219958929	7.229027565085967	4.587719744233333	4.743206608137193	3.131990898323452	4.040980791573269	2.6485835973198513	1.4381867949427662	0.735491310614939	6.147260496961756	7.557681932183882	7.243832531255425	7.277894560222868
6.329160939304725	5.663972569993252	7.355428166648802	4.637705342649169	4.691761344376946	3.225776913036983	4.092426055333486	2.6047831810221957	1.4381867949427662	0.735491310614939	7.0834923962677605	2.630923086055662	9.470974252177356	1.837469531134323
6.419071755421865	5.612663065359115	7.3940294781318014	4.637705342649169	4.691761344376946	3.2695131112746725	4.092426055333486	2.561046982784733	1.4381867949427662	0.735491310614939	7.2665950894800195	2.833057645715105	9.569192998693806	2.3569967970123082
6.536990326435299	5.612663065359115	7.469086934451376	4.680566457343082	4.691761344376946	3.35604629641527	4.092426055333486	2.5564868813711135	1.4381867949427662	0.6963793415810158	6.691587577701782	2.623756273066955	8.250724869662935	2.470256583310096
6.474934625269643	5.6747187665246726	7.5190610064613255	4.630592385333065	4.734941817506486	3.3060722244053258	4.049245582203826	2.5564868813711135	1.4381867949427662	0.6589153665308812	6.637834537495376	2.1246106982464665	8.054959371222653	1.9938359097027085
6.58238165972009	5.736434783445776	7.6801695215028225	4.6386469216630175	4.684014640076649	3.2631995833055947	4.049245582203826	2.5564868813711135	1.4381867949427662	0.6589153665308812	6.3046693873910575	0.8854046345983386	7.538590718543452	2.0235321315316708
6.693108602918326	5.684944850988652	7.739406532243946	4.6386469216630175	4.684014640076649	3.2631995833055947	4.049245582203826	2.5564868813711135	1.4887918360870844	0.6185348848803743	6.136866383698851	1.0842069591752368	7.532039451220616	2.040165891566509
6.7447105694235745	5.633342884483552	7.739406532243946	4.6386469216630175	4.7271177190132265	3.2631995833055947	4.006142503267085	2.5564868813711135	1.4887918360870844	0.6185348848803743	6.026397658593712	1.4259000666604174	7.590906209820451	2.3128637490347033
6.839354771231201	5.69622530130392	7.896393759407724	4.639186313127351	4.7349068647923405	3.3052695984002542	3.9978139660237817	2.5144168662763673	1.4887918360870844	0.6185348848803743	5.859173650921273	0.3885041313165772	7.626174792042856	1.3539606229545045
6.776899273522783	5.758680799012383	7.896393759407724	4.639186313127351	4.7349068647923405	3.3052695984002542	3.9978139660237817	2.5144168662763673	1.4539942710942826	0.6185348848803743	5.982787986380728	0.9332211399418141	7.674059120564783	0.4644548124586081
6.874497933142057	5.759222106555387	7.944006820611133	4.689713219086343	4.691198731699841	3.395908742908689	4.003944900731357	2.4737633201837608	1.491030161936116	0.6560028170422048	5.9264506863658	1.0735819317668385	6.936325439734989	0.22247617117088633
6.842293138761923	5.770140404326563	7.922720324001986	4.689713219086343	4.691198731699841	3.438169349549163	4.003944900731357	2.431502713543438	1.491030161936116	0.6560028170422048	6.117921413461365	1.109053156717008	6.7160887952459225	0.5112878727865425
6.855939488401723	5.820866544854449	8.013637152146362	4.663168881109659	4.640232603094136	3.3091359729708647	3.9524219907355183	2.431502713543438	1.491030161936116	0.6560028170422048	5.7719158146375635	0.8716673453549795	5.996094372481455	0.012098116260373076
6.907815743368071	5.820370763540619	8.05679878306847	4.671387723840105	4.640452778077229	3.2659743420488954	3.9378572329419246	2.431502713543438	1.4539942710942826	0.6156790283910831	5.782040891589548	0.8182146471460552	5.815873650142547	0.27797968358925546
7.102709821184582	5.820370763540619	8.2949299922341	4.628150592491055	4.692131257530635	3.2650623513706196	3.886178753488409	2.3891775728727374	1.4539942710942826	0.6156790283910831	5.421828465202515	0.5615587282160154	5.318464078946051	0.7939656614930435
6.9904915975860344	6.038184202282654	8.442419470564852	4.586256329303816	4.692416339343822	3.1716967677751486	3.834422351266957	2.4303702641330833	1.4539942710942826	0.5744863371312635	5.100422976727089	0.36125552952642104	4.547533990242244	0.8899034258368557
7.021873742922727	6.141326808261768	8.576944221880636	4.586256329303816	4.692416339343822	3.1716967677751486	3.834422351266957	2.4303702641330833	1.5046844692157195	0.6148101257814391	5.142031240886082	0.16534059845807533	4.404990330495348	1.0700994045701169
6.7947683011723	6.358693502217792	8.550864410634833	4.602597392755517	4.6410349435698315	3.16966630873918	3.782587934558026	2.3455259741377548	1.5554362888357396	0.6148101257814391	4.060149321212259	2.4554056496901944	3.61218020456819	4.316943242364221
6.705693487684736	6.562724565882275	8.656549808586412	4.611868244980777	4.4882708954236366	3.068692465491333	3.782587934558026	2.261813930204334	1.5554362888357396	0.6560028170422048	3.759243136426474	2.5065453215546882	3.4706598987110717	4.467708669100731
6.528960183367201	6.677394241351752	8.63002705519504	4.57632736952392	4.488351867671757	3.066553668861476	3.730675411877046	2.176580300944393	1.5554362888357396	0.6560028170422048	3.1383769107138564	2.3926501422733417	2.8573057131675017	4.153629953937993
6.389684283713592	6.792267591273007	8.553701659255132	4.628250215731515	4.4884197413652664	3.109268148944386	3.6786846919757443	2.133865820861294	1.5554362888357396	0.6963793415810158	3.080607480576669	2.469335433665073	2.7051875705944304	4.1128820516623685
6.323080006510839	6.868047427805777	8.607173165275116	4.58395426904158	4.633999484455381	3.1154311060147775	3.5835638526459914	2.0927292898266505	1.5554362888357396	0.737515872615789	2.5022822872810284	2.507723857578511	1.5433126045618275	3.822271484653364
6.208755779087895	6.9318211289546765	8.607173165275116	4.533403742767523	4.736682287629298	3.1154311060147775	3.531431575746248	2.0927292898266505	1.606249762599817	0.737515872615789	2.146148341600761	2.643629478779369	1.6303598791032152	3.549200767879322
6.069273941101552	7.147555166951126	8.683425365285283	4.533403742767523	4.736682287629298	3.1154311060147775	3.5824648130348926	2.0927292898266505	1.555216525311146	0.8184273826741529	2.0829197802975603	3.40057933190686	0.983232543144188	3.795936148242429
6.069273941101552	7.147555166951126	8.683425365285283	4.533403742767523	4.736682287629298	3.1154311060147775	3.5824648130348926	2.0516488465699068	1.555216525311146	0.9000429379961505	2.008181439046657	3.3704064292615734	0.697948698132188	3.939274844591467
5.479907836580772	7.60016026900605	8.683185473654898	4.396882631932	4.730826489961108	2.922504927022354	3.4873111806688275	2.007044484692752	1.555216525311146	0.9406310390348623	1.512621144425649	2.874691334552334	0.15522138788512244	2.5971098683872755
5.262034610793214	7.800266234277297	8.66420531157996	4.398095533490401	4.725305513418014	2.8239824080306284	3.4291369554811935	2.0061362820596464	1.5529941373596916	0.9031836928544389	1.3859507908537598	2.574630761898293	0.18873051720867928	2.7120496514529675
5.126192003993619	7.850451295165909	8.622040435424445	4.354602863735034	4.717891506121682	2.7738004924131583	3.4374433197906336	1.9626404670330972	1.5527677593510978	0.9031836928544389	1.2857298633901895	2.930895680969048	0.28895144467472805	1.854421337663529
5.189261484638658	7.787381814520959	8.622040435424445	4.354602863735034	4.770211604466374	2.7738004924131583	3.385123221446183	1.9626404670330972	1.5527677593510978	0.9063330209520185	1.293829101851465	2.6940229265516034	0.24477536248315468	1.8195155195239148
5.216423611946912	7.836975325916758	8.64918615456519	4.40421278329844	4.770211604466374	2.8234104119767456	3.385123221446183	1.9626404670330972	1.5527677593510978	0.9470361059998758	1.4333400523190287	2.6971934827574775	0.34779341951134624	1.9409898205399527
4.852147047150402	8.0314006728919	8.58085892255216	4.302688797490046	4.769805572366667	2.688684379020676	3.4374433197906336	2.0086390243493586	1.5527677593510978	0.9861536620762611	1.4230300035849832	2.4064380909214576	0.3699282139095068	2.119480161445444
4.880712710963235	7.980626070022501	8.5162959854843	4.345042795501394	4.814221501463031	2.691328531481152	3.3947502502320495	2.0500717294382143	1.5690027249610579	0.9861536620762611	1.427758029494392	2.096387288166004	0.5394431218115108	2.1945259641460697
4.981826197562035	7.9177981241327275	8.510580858612643	4.389043463082233	4.7619951830426075	2.7786905722672293	3.4469765686524485	2.045827912309223	1.5690027249610579	0.9470361059998758	1.4188329793300458	1.8922823257625194	0.6650183504878062	2.22447838298042
4.9070836430090745	8.058750902946155	8.636235650652123	4.32959889530308	4.813215786865786	2.6957995075287617	3.499125155834931	2.1335260441975907	1.5690027249610579	0.9861536620762611	1.7286306409660026	2.125421319789925	0.5294674172745647	2.0911866913477692
5.034194618605137	7.787888502529683	8.450085468855463	4.3719976522794015	5.07006365723585	2.910821425141755	3.499125155834931	2.256868310007131	1.5690027249610579	0.9470361059998758	1.714616110919489	1.7983095841398977	0.000951957998439537	3.5538729082558014
5.235120640838034	7.671815867377468	8.507504315955853	4.3994321922598125	5.120105027405288	2.9563979108209844	3.5511960989807756	2.3408386776236045	1.5690027249610579	0.9470361059998758	1.8200819970960938	1.8748486178121115	0.14029680777319808	3.980556415614937
5.292185086152186	7.486628906687211	8.24335712720656	4.535456865632825	5.112736016273017	2.87521029377915	3.508533693235925	2.5490999944180417	1.5690027249610579	0.9059556627431713	2.495911608975615	1.0798643794892364	0.939820409518682	2.8307876112423633
5.44435697345255	7.311993396964627	8.186430541251266	4.569919829165843	5.157270941415567	2.7868992807075696	3.4659486803804795	2.6738238833101566	1.620001353943986	0.9059556627431713	2.77615062905167	1.0593506693543113	0.8134475291607879	2.566607608101321
5.588754050076212	6.773433926284508	7.939359427994815	4.422828548365966	5.406760784216267	2.5381597737909685	3.5697965769850515	3.128809848832186	1.620001353943986	0.8621032495978993	4.226575177118303	3.41197570831379	1.7629058216244575	5.266956342370192
5.691398273416072	6.650129699596014	7.834477714779712	4.507050258232297	5.407109186370834	2.50044307846287	3.5187191590832136	3.2510966561808186	1.6710787718460383	0.8621032495978993	4.225396552744141	4.1479197241295775	2.0299930353819247	5.673288260939383
6.288593127774642	6.278264129855754	7.932134689740444	4.634722567889863	5.552898339648082	2.510728478687983	3.6222588314895474	3.5357075200803765	1.6710787718460383	0.9442081208144235	5.9814140733246095	1.760136680727169	2.689443695171552	0.8721634187421757
6.5571135474253355	6.168124578361804	8.048983792566933	4.67625433322014	5.501243869872183	2.4320039739314248	3.6739133012655403	3.616843566782441	1.6710787718460383	0.9427359652948302	6.159884326278226	2.234652964787326	3.372438131821028	1.120078771619723
7.224503217146968	5.523842500520791	7.9066723503850955	4.84167336728264	5.3806008717435825	2.279394216940874	3.743544657151451	3.8121269394397723	1.756743669722057	0.9440224105628328	6.905755125549871	4.142425141836327	4.361470085168068	1.9132741666361626
7.2460496609452685	4.714784654196354	7.364927777890751	4.59590653725079	5.196405528449027	2.4183193471396813	4.364732003385003	3.9355166004909257	1.858410175916636	0.9851930474099846	5.568700096264888	5.287173581076424	1.5705421794895917	5.19553415437491
7.218235478837628	4.713460821886749	7.2292009116371405	4.702495389087182	4.98266741885877	2.378992024751055	4.290971721767607	3.9423893506001138	1.9457935135234574	0.9452824964757124	5.254434938698183	5.324070707334436	2.253769152122611	5.560215633901416
7.259013344627045	4.13494876280292	6.887803956834282	4.50615815059556	4.469785939176575	2.8400291381477025	5.130154595947253	3.8635270577956566	1.9952151769514375	0.9452824964757124	3.340112495232485	4.6745208651461585	1.9143224434656145	4.747396408151521
7.169519878545693	3.9601513961652173	6.7385526124682364	4.391118662242535	4.325916048009322	3.0452979786363534	5.5085568937055935	3.787360603214497	1.7737652713229346	0.9859189376262323	3.151932666710947	4.733115875707809	1.7706222158119231	4.6651013622786355
7.470248942878078	4.1104953794859735	7.161845941151793	4.418898381212256	3.717042355537977	3.4154655980123003	5.802187002748846	3.354824419064523	2.04926614946396	0.9859189376262323	2.4863447499843687	3.7882201400089333	0.3591193367817506	3.467188956678134
7.545434243863671	4.216217984821848	7.238852324793716	4.52279990389158	3.4869472506883876	3.5888957716117584	5.899344598120798	3.2398735900679023	2.101767419682054	1.026193852248408	2.498714344633139	3.5378604417119153	0.45595172929497085	3.613792511076108
7.55293393884758	4.263779035073695	7.296077367484215	4.520635606437041	3.536124266550125	3.714319168214705	5.764778398798017	3.1144501934648865	2.2398111585519795	1.026193852248408	2.3941240143919074	3.5198707417158683	0.6550331992521693	3.6098017543835246
7.159766890646301	3.774624757055497	6.6631438508622995	4.271247796839618	1.6134510453470565	4.295624897378039	7.444746827434449	3.3182243605708037	0.020356973664653426	1.0683128377491014	2.6186537331976307	2.8910575237203506	1.2031327556170501	2.015384178241114
6.971954479621177	3.7690810607564433	6.547036869378498	4.19399867099907	2.5981020945635525	4.54138537425941	6.940824343287742	3.272959381542928	1.8361788664400913	0.9055345246876743	2.6351907293699077	2.4183768342464167	1.1181713119237293	2.19796892191695
2.6324619798680415	5.698476315516366	3.8742392965438115	0.8082249608957411	3.682329109080125	3.293559687812501	2.949665549044766	5.963301844359351	0.8824324930544114	0.06758800573763704	0.9979443496195839	1.9426489960044238	0.7789746107661507	3.532371542768981
3.0341785834013826	5.931212721283692	4.037802859877947	1.1407687219954876	4.017593906648285	2.743068507670608	6.108021345767888	3.9787586612266823	0.08525687326158377	0.32423247648319736	0.0955821949902068	1.5304313967448226	0.7498978901097909	4.394081873096076
0.15402816694429503	5.528109706559337	5.763929574463362	0.3898480348473925	3.7916272929523687	2.7067748592496614	7.86265246015037	3.1584657610219256	1.5484626475329784	0.726240086644311	0.8599343161930277	1.4277916894292295	2.7646756343290977	3.5523771197664304
0.026490358028337418	5.803521334023231	5.588105199280781	0.24190649277428525	3.771261767239428	2.929212268913145	8.048593675592041	2.819855829226655	1.819837428725092	0.7774235639098787	0.9710662459767508	0.8994067741332286	2.633603656070227	2.7977147090013075
2.5163368401578197	4.5039872473558145	5.25038648151328	1.769937606000738	3.8724414266540887	4.126711998063005	8.049013165994628	2.862884715874774	1.8625496184723251	0.6957028989592433	2.9932741263922136	1.771267522283276	3.857488748161079	1.3981032365506239
3.6410860497465345	4.166572707919292	5.48948965952219	2.3181690981438763	3.6579392733115275	4.466403179918264	8.231894261278098	2.864967501871331	1.897467979749713	0.5337318766102774	3.6800160538794	2.1877089500021003	3.9503733588234504	0.6252509093159091
6.427059811797876	3.5877211023683864	7.187381539457693	2.8273993747085298	3.940290688092528	5.389410908490025	8.268680266575902	2.909025692383773	2.0361662021898304	0.7034792883765546	1.4446148244357655	1.0998530185123305	6.454182694382349	0.37853148332139525
6.392030302687257	3.7714591432104423	7.070298903926207	3.093190541971436	3.762782624327369	5.389410908490025	8.142691997692712	2.909025692383773	2.0738713675758005	0.3369323013602632	1.412703348266078	1.336431508687662	6.758302647716571	0.3681497052627183
6.235781578359239	3.9219039320846716	7.167928359184565	2.9897571512592873	4.060092429281852	5.274096667530352	7.699653891274899	2.733866903394515	2.0738713675758005	0.13608984123465928	0.8464698183855061	0.29364744634911827	6.842773412630916	1.0676371682319659
6.058755387801984	4.020457728653414	7.138181664091584	2.9410314523639083	4.142966127281538	5.220503342174012	7.515851088631781	2.6470201743313515	2.073873810133041	0.1375908361368375	1.0372526489546332	0.30362119003963184	6.404515217775172	0.6870833947638576
6.2502412591094	3.9191382671634214	7.031293935075066	3.1380855911977306	4.13886745391464	5.289203353795121	7.508312103778955	2.7729413199220465	2.1242769460319697	0.1787892954365213	0.5883143636611723	0.0395860298864474	6.324802208584757	0.6786118588831915
6.901885812945911	3.595175925789217	7.330118185639608	3.166943553095527	4.182505396819513	5.4201486023760745	7.53539673911082	2.8981843931098057	2.312707151999129	0.06302854558026653	0.8588707507352505	0.2064786321691555	4.954104081019287	1.6843837038592122
7.013836674591685	3.424319416338042	7.413243992218137	3.024912098711293	3.434068033843832	5.368148038541867	8.502631257335045	3.0680365309368653	2.312707151999129	0.09793091083294288	0.4945817218686304	0.08670662193856697	4.509008446192505	2.243518020186831
6.60485856561627	3.327945991524391	6.909826604300653	3.0229779528400424	4.079501307690927	5.542508731272914	8.239036377857857	3.273580086704518	2.262363128866021	0.29358404504535784	0.7226780003925394	0.04062385895249031	3.2925707983172736	3.354396084771359
6.675385264299148	3.4030742163742356	7.137082684440221	2.9413767962329285	3.8222807671956343	5.418046459972003	5.563305435781798	5.406184902405483	3.8162978110059504	1.4625718918284305	0.9303238263349678	0.33838175876114046	2.9498238783304096	3.1900426458589246
6.187193224372316	3.524343370770308	6.955476608750297	2.7560599863924833	4.124954245923408	5.534010626246272	5.7445966505832	4.965510696407943	3.861431376417376	0.7164874247080714	0.5011379511747077	1.4980983461590254	2.2981993602698707	5.763621741929967
5.968911536109712	3.4973223959766844	6.771179699221524	2.695054232864742	3.9560481509261467	5.724898317727173	4.757448457282437	6.666417017220568	1.4258462867190416	0.7539350144411925	0.021567887423760913	1.463764382825271	2.5043212622174	5.763621741929967
5.857374856106183	3.3498945402680844	6.492943114090416	2.7143262822838383	4.120675630664881	6.078393477639379	5.964990920347948	5.9426330222710915	1.686801878172014	0.8567814249751164	0.7586949914691046	1.5633182391730343	1.7269281730273802	5.635339467365006
5.913842459448736	3.34195962998549	6.360821394280657	2.8949806951537207	4.122856001910055	6.217113021748172	6.4832450390254195	5.367529300792571	1.056595658967782	1.4138969247109032	0.46341204245730044	1.3820767321534286	0.43011239953134894	5.7447408845629635
6.0176208960726365	3.2964158878771577	6.406863238109459	2.9071735458403847	4.081155519120345	6.188381127149113	6.384780383973327	5.808268998207725	1.8142341584897719	1.606011840107823	0.9303352400161521	1.293856996279369	0.32106303046849843	5.73276481128436
3.4218230756947765	3.475542345670362	4.5627199013372355	2.334645520027817	4.219554581686763	6.082995175743946	8.330672769920097	5.057253391723902	2.328177162326806	0.6122645977817675	0.3998156225976076	1.3066597981257513	1.5415896975349968	4.498741623256653
2.816088456949765	3.614061276159468	4.17688170328491	2.253268029824301	4.2598570737395995	6.042137067239979	8.813077165302218	4.4933308376470915	2.4293987793382406	0.8032220972696127	0.09845881836035357	2.67840996516859	2.404012749103928	2.9175550651342057
2.349504258381156	4.806634898344993	5.588723699589392	1.5674154571369905	3.8982576884639815	4.912473008009312	8.928716291066495	3.8973194112629606	2.5305865318891536	0.40138063396052065	0.5936700261024305	1.7806008382370755	2.5058588486781903	3.993159716476911
2.269422400435318	5.148671556684716	6.018694943879745	1.3993990132399359	3.8508193408486164	4.656295473227699	8.855805776180008	3.7281051793121835	2.433998311223464	0.35504411350146203	1.3551427968964207	1.4422045927945053	1.9843517017207286	4.5150578585147985
3.838688528272926	5.105207166910324	6.656154112748515	2.2877415824346743	3.3091768939552013	4.88999923513974	8.654999703428878	3.769874588796507	2.471854627319065	1.4633358072034761	4.221037311546752	2.308953235360244	1.2636856603139528	4.522559217673522
4.127602780237167	5.103867517673775	6.760530869739493	2.470939428171553	3.1822021190902468	4.987973143791874	8.647154005406327	4.066881153081687	2.4217278434935845	1.8790893638514479	4.5275859428528715	2.511303901003255	1.2614131877234116	4.802613761102336
4.912460331073117	4.063888385412259	6.6037280149323	2.37262070155322	3.6230411386927535	5.576791645792485	8.846797956611194	4.710247733583351	2.159413346359498	0.15993902677614139	5.487849295411799	1.2984784443007362	2.584813378900686	2.6224757763501687
5.037675717236398	3.4956049933101947	6.2681402160816475	2.2651404944651117	3.7976058600231557	5.682628795443212	7.473885748180324	6.39765823256045	3.124377872755508	0.4155697545620415	5.559764012119717	1.6619537641516449	2.8745907814725227	2.0273684883793903
5.026957779782935	3.237959041729199	5.936620685541348	2.328296135970828	3.7330743955515637	5.640235054995538	7.5706022259272245	6.037278263232134	3.027006606630642	0.322377967310102	6.647098090688203	1.1576106396434156	4.382010187367222	0.4792479800052611
5.234147399586861	3.1489900686826644	5.9142710766604	2.4688663916088753	3.636014906464293	5.599376946491524	8.10440277233624	4.454100251889273	2.8419341113515495	0.5322581788659577	6.652953000123203	0.8541417679476585	4.737462101387717	0.5036929939122069
5.287046302326804	3.0440414492150922	5.936620685541348	2.3944670660004257	3.7538623419172388	5.517847742114522	8.402036890256438	3.689142764358158	2.6984227540033783	0.39433876896709136	6.914643849303622	0.11649524931423245	5.002956443864515	0.3676216520568826
5.189610486598992	3.023853312457985	5.901247293141524	2.3122165059157216	3.8794984405230863	5.4365672119399	8.505809986184625	3.7288788169790266	2.551264119554239	0.35115875280875625	7.094484001057793	0.02737947912337002	5.187828385050739	0.1610413540896265
5.655640774392615	3.1967486372239975	6.464848450293215	2.38754096132334	3.749926168379398	5.298449077050793	8.599105656951565	3.5625563397438307	2.5137947756339183	0.1817775281992971	7.452665591495241	0.5194785043106421	5.5460099754882055	0.3227674601383928
5.632927856779372	3.3288188531629817	6.490825537449651	2.470921172492769	3.700566469223004	5.249759072281049	8.702555429064201	3.5213524047050435	2.3276344867383365	0.10144515945285248	7.512386586547077	0.15547343539536254	5.726481812687487	0.2154931011570836
5.729319404582924	3.225356601914111	6.525154661925283	2.4295213445717088	3.8698907359783363	5.252980748648914	8.61263309350728	3.4358922820429068	2.289632383461295	0.1364384642611664	7.331010136301331	0.6966717268782873	5.607167785769598	0.80762694115763
5.87039493888883	3.251099963460185	6.800740410435245	2.3207544919137826	3.9963803686283788	5.146459461509387	8.44474363293626	3.351212229773544	2.289632383461295	0.20952124957870918	7.319169903061978	1.9447114633989537	5.61098401890513	2.644524958346965
5.938504507598886	3.251099963460185	6.8688499791452315	2.3207544919137826	4.079857595891325	5.106026296625037	8.410727095599508	3.3916453946580254	2.2050741893442174	0.2484488641904306	7.378516151037447	2.066946055524716	5.723735671292701	2.40417011714741
6.228822586181955	3.2973057236942105	7.167736370126028	2.35839193975016	4.121690546023585	5.103292083067338	8.368894145467218	3.3894096965139666	2.2401716935348017	0.24471802811304808	7.308174228363634	1.8347204615497958	5.713623624672283	2.0276200343532724
6.218717856323069	3.2973057236942105	7.120058131225605	2.395965448791419	4.121690546023585	5.140865592108909	8.406813162992533	3.3894096965139666	2.2022526760096817	0.3610416995964309	7.308174228363634	2.038941687322265	5.6995802288296415	2.7937228747856007
6.200936447604689	3.23227100727797	7.037885289052556	2.39532216583022	4.171057637501718	5.189589400625423	8.45632170873922	3.3894096965139666	2.1527441302628656	0.32231806076941055	7.412593809561972	2.2369546741977153	5.819667434966127	2.854499506706317
6.549563532702875	3.26449101142288	7.1704660622955565	2.6435884818302813	4.045203997682586	5.272954669170084	8.408076013487042	3.470639851233223	2.2519184831710555	0.28686155291943327	7.320223024382244	2.136936584707394	5.819667434966127	2.314224843362155
6.615534550538442	3.26449101142288	7.236437080131196	2.6435884818302813	4.087161302696368	5.272954669170084	8.366118708473142	3.5098746488711137	2.2519184831710555	0.3260963505570197	7.320223024382244	2.1475110679014167	5.872603834753347	2.2407650278155713
6.50871628633207	3.4680399870177823	7.232057032201056	2.744699241148841	4.036551748587177	5.445776053403807	8.367323803088516	3.429733143975489	2.2022526760096817	0.36584630185286604	7.474367540483056	2.557510066876892	5.872603834753347	2.3338764690102285
6.201148359380667	3.791931226192769	7.184799623763648	2.8082799618098617	3.987219064306172	5.500518858447007	8.32940478556318	3.430268065048582	2.2050741893442174	0.406875991588862	7.7489260953771355	2.4201473045638004	5.872603834753347	2.154265103324565
6.278395291945371	3.788014384280093	7.233573643387835	2.8328360328379194	4.035343060077436	5.655582363867206	8.330613474073008	3.3490933149371256	2.070680944772028	0.36799946812769485	7.676264492804809	2.6557863205048338	5.754526389812664	2.5574556246817455
6.097705063333213	3.976410759169718	7.281921885999633	2.792193936503375	3.9855564011688944	5.607234121255421	8.372693986704158	3.308063625201175	2.021154955947551	0.40467179895511474	7.856954721417095	2.4903992964884587	5.807339161303554	2.4155767871070712
6.031845243335814	4.066175579820516	7.305826886652996	2.792193936503375	4.027636913800147	5.688656491411419	8.368532491598287	3.2266412550451533	1.9832359384225673	0.36584630185286604	7.887868872895991	2.3316527565071348	5.748488492131747	2.71405331873963
4.5314736620230045	7.675960255094591	3.8853497053195754	0.7408631122482703	5.395522752394855	3.8147952006546526	8.452629931337809	3.01942877538483	1.9832359384225673	0.3256900777808177	0.15652566243389873	7.240092075673576	2.970544089123183	4.708325142252715
6.286605800066456	8.039180624542427	4.000097486744194	2.2475226622681954	6.000970513285469	3.245167533449081	8.441525301979409	2.97797106256947	2.120010825062575	0.3294150651602369	0.5612042235216789	7.456766301109453	2.910741208768711	4.995141080986052
6.651908341659779	7.971676381166169	3.914978775364935	2.5952107358585437	6.02104863829931	3.2123847671903354	8.560634102163474	2.975516492002388	2.2045627937543757	0.41243921612526935	0.7284746255318408	7.334785281719619	2.937568860566121	5.224307981786025
7.026497396202514	8.036238896065287	4.310971107861788	3.3012296079988483	5.960528617856683	2.9897026492551024	8.586698193075629	3.353018043006444	2.1689345711232537	0.6521471310804479	0.8215966765310412	7.208334460364844	2.983010797455679	5.25037095412361
7.106131934283877	8.223323923448303	4.3381402776074225	3.220948288442943	5.878797641587718	3.1589769518255197	8.545251873099781	3.013653084573242	2.1195911861541634	0.4017125266095664	0.7011213281271923	7.251333320387555	2.9694819756039594	5.255382930364906
7.014377580348757	7.852279457057201	4.591466713829251	3.7535648371206727	5.941425308939867	3.3688320366532256	5.2001444917050925	4.556792428060429	2.5372282815012346	0.09673069169996265	0.9100013378087044	7.158821882523352	0.8712862629890786	5.37619083384938
7.014377580348757	7.815111976871858	4.635032348864304	3.834297952341126	5.978592789125149	3.4547954770889504	3.9792784589469314	6.283585220427997	2.6196799151247236	0.682557354702965	0.16804293117595082	6.980527884716228	0.8407025287144225	5.1442114176814036
6.899785388295586	7.876304808851197	4.686593601355485	3.7100741807997646	5.900166743656024	3.4986099755939586	3.3435416134773304	7.24407264996059	1.7504932815967669	1.210836264748309	1.0704637678637896	7.119145428563361	0.3859687697460942	5.197896836042165
6.6785411164692245	7.85885327796399	4.778507900060826	3.5981957385658854	5.788288301422057	3.326296483573539	3.9741672695491426	6.8245006986477845	1.7273812068566012	0.8892807254558026	0.14677401242169127	7.1525884328156675	1.1767233516246558	5.192985256779962
