0	1	2	3	4	5	6	7	8	9	10	11	12	13
7.110178181550827	5.324331667416328	8.044364617325925	4.390145231641297	5.016824475010876	3.331400346657181	4.5512252105548425	3.750383683065075	1.934515742089756	0.4768551811642077	3.881593711169221	4.996221452994722	1.8416043261776704	3.844484341969346
7.505431533244779	5.131466288742505	8.059247071168263	4.57765075081903	4.989521058927509	3.441990037005315	4.5398176170386915	3.7587353701907023	1.8741897570730772	0.546016963164102	3.757986967586641	5.004301102595718	1.6962585930377256	3.8255993343404873
7.590587117166083	5.084808714470299	8.045669938110999	4.629725893525373	5.010974010150946	3.4714296209473985	4.5152304663160425	3.7650817511566466	1.8899940590876572	0.6089808311165882	3.745161152940164	4.992550056732092	1.658438831878798	3.829385236380434
7.657003098138575	5.060467316919086	8.082173417054486	4.635296998003176	5.004680625331557	3.46296424282156	4.501867364149679	3.7596349148417527	1.8810897681697785	0.6147581974755126	3.7169651650765716	5.005113330506258	1.6646197637226645	3.7889461817135595
7.687876664393194	5.0655284851834645	8.105900949437045	4.647504200139616	4.9861992194888	3.443001118000912	4.502757884569898	3.764758255383746	1.8640404570756663	0.6242142984678399	3.686290507028246	5.019729457083733	1.6652580100104695	3.7586989136593028
7.704472343848844	5.078030152896997	8.152090572436418	4.630411924309409	4.972241737925085	3.409925451775459	4.520480661075633	3.75809498686522	1.8266870616768316	0.6293704139553999	3.6752797452816304	5.044450914770716	1.6604408732139686	3.7403720677535546
7.701301062910021	5.0869193625130125	8.157957102399775	4.630263323023253	4.979104430682548	3.390101697828217	4.505112188128996	3.7578009906366394	1.8022470507171497	0.6491246521746491	3.6558626390218736	5.046464795664849	1.6911856259610536	3.711723621570071
7.6844761834616495	5.107029339023883	8.165217910810476	4.626287611675027	4.9547660971957335	3.359520456201488	4.523041903192825	3.777529627575496	1.8006487673394251	0.6403943258830898	3.6503482298427623	5.046740621443753	1.7047783476091145	3.7146400662386276
7.684719887949857	5.119421076490522	8.151739615165452	4.652401349274912	4.935952722099436	3.3587851163413873	4.5329800438197685	3.79181528566319	1.7853795410568516	0.6359150077264455	3.657281360087453	5.038804603238748	1.6976735354588	3.7174583289637217
7.686517190842929	5.131895239024362	8.137080025043181	4.681332404824113	4.924526584357786	3.3754046588621534	4.526882817771267	3.7817644589841253	1.7897978794193465	0.6302845716298756	3.646052981126274	5.046697779839578	1.7157797280658262	3.7104963957298676
7.692604380067479	5.125413429999417	8.15379954511782	4.664218264949101	4.917625950090535	3.3538474926547863	4.52773339229331	3.7915807573460922	1.7961662279793875	0.6302643684690156	3.6451848931242057	5.051562222258909	1.7229501082532181	3.703930685300876
7.685379985199901	5.120563384915307	8.147891643714544	4.658051726400675	4.924689533412785	3.3492052192285025	4.526903097753295	3.7962230307723885	1.77968065103955	0.6257832932393035	3.628318591887759	5.047322630731413	1.747409712228993	3.702262375425103
7.685379985199901	5.1370813405082085	8.13426670887343	4.688194616834684	4.919816427257491	3.376686879442463	4.5152582483157335	3.787544368933502	1.7901983413252198	0.6349540680796318	3.6404119517171707	5.0584176072485745	1.7353163523995714	3.6968015027901124
7.6943191743650186	5.124378743477679	8.154752706551347	4.663945211291365	4.9379407445654575	3.359571567070117	4.5097868351299075	3.7930631798846566	1.7796652664130073	0.6299648491326493	3.6520380143505595	5.070683242081676	1.7350869813165728	3.6851757745142475
7.714853481134954	5.123297003579677	8.137578619832412	4.7005718648822175	4.925779290063283	3.377513285875198	4.51585571836596	3.789080788884123	1.7731455556467965	0.6299648491326493	3.6361035720575043	5.080347731279498	1.7335053883240583	3.6652384594349354
7.715827921762898	5.1106311327403136	8.138448969108111	4.688010085395096	4.909752257977366	3.3787741344860702	4.561713915201084	3.794129174548722	1.7685044071144955	0.6300501099054422	3.647758336268106	5.084433133494177	1.7224418372132515	3.665241378613456
7.692624490675273	5.141360621530956	8.120314484575054	4.713670627631158	4.908613022206146	3.39172903095188	4.545739504412813	3.794829433603161	1.7621941273562405	0.6247511358916663	3.6481992775848053	5.093043918083479	1.7474707275751542	3.6467367034966345
7.681738691764579	5.148467271638176	8.127621180888678	4.702584782514064	4.913364592955845	3.3862532101922738	4.541411184465026	3.789642660047527	1.7578337912609558	0.6203685064849309	3.6686926954431285	5.1042168709360105	1.7414100764000988	3.6247827469624077
7.685246659144731	5.153830831216379	8.129545487584265	4.709532002776839	4.925905458363465	3.39292466306276	4.533907559563683	3.77006853022709	1.7367715951138165	0.6250990817272579	3.6517306484004552	5.109458996638337	1.76107466939809	3.6070847564707567
7.754393846203515	5.099442960519082	8.11277162494982	4.741065181772778	4.956752590982456	3.3794838151387383	4.512845449915823	3.821712926302234	1.7408783032452582	0.6144634228833382	3.6380567285571526	5.1044421539029114	1.7342522548288275	3.5955232695460273
7.746716400401681	5.111011553099114	8.110345237481805	4.7473827160189765	4.951192359786078	3.3845610805531865	4.513665052770715	3.8172477552284594	1.7347162514042032	0.6048053263043921	3.6511482427447013	5.09647576846962	1.729397302149808	3.6005289080642795
7.759918513744273	5.109761582209432	8.120042867720127	4.749637228233545	4.946570451332236	3.374639896036124	4.5120351542063455	3.828279626152788	1.7305206198982064	0.603924458662245	3.649625847857111	5.104158066970115	1.735358390162462	3.5933320871093515
7.74835638684975	5.109109422918425	8.109850383641552	4.7476154261265835	4.93765043300006	3.3721790812994397	4.528961369186758	3.824270017336007	1.7138633644331083	0.6040975477582439	3.6505162783688228	5.09094261010635	1.7421064886834219	3.592571240459517
7.749564754735495	5.114337957852286	8.111058751527306	4.752843961060446	4.931828338076316	3.3721790812994397	4.52955492917665	3.819683269840171	1.7240441057123537	0.608684295254135	3.6554456362347985	5.087269667498962	1.7435633574448914	3.60101230240177
7.766286696577838	5.108373250501905	8.136261408878877	4.738398538200838	4.921126299296285	3.341703924924205	4.52515798918197	3.820301923164216	1.7286276750838356	0.6036870359589622	3.6510272879407726	5.088280705210182	1.7378988882339628	3.5978908380050756
7.773355876080869	5.102969079844658	8.13244954522944	4.743875410696047	4.90977489805151	3.335573124070138	4.524901717077475	3.806234457428192	1.7286276750838356	0.6178841221951523	3.6521405236217546	5.088740772351993	1.7390323278573492	3.6018058336277248
7.777033422369673	5.109599307893457	8.152128601219978	4.7345041290430885	4.914626867252555	3.3033720178398864	4.50308169022618	3.8074190772689502	1.7330004615331212	0.6178864398987323	3.6478755710696658	5.07641348271714	1.7394012263449907	3.6090086609928624
7.779229372407048	5.110957913026122	8.16564574769905	4.7245415377340985	4.914009012032849	3.2755027752294055	4.492439387732253	3.8083735791377746	1.7273084698140706	0.6133995418553542	3.631928805583031	5.077003644590684	1.7470487743755592	3.616883778907308
7.79433004776099	5.111123179082953	8.183909280249733	4.721543946594197	4.917279668875718	3.2751937427216555	4.4763049380001885	3.7819254798310094	1.7171698073521182	0.6275382802779753	3.6256930019447364	5.067134236218867	1.7363243131459047	3.61521501078314
7.792028296018715	5.123474203249645	8.180088075469914	4.735414423798413	4.92753852782783	3.2851204213003684	4.439033789269873	3.762533156918669	1.7097277246823042	0.6227390318220868	3.628345615607984	5.057438921371597	1.7178873536556896	3.614080260544206
7.817256095747483	5.116178210593792	8.167593417217766	4.765840889123471	4.902488950747152	3.2965521421325725	4.450299438331017	3.757303643422533	1.6995378218247292	0.6271310129631282	3.6030790533792194	5.061238943578494	1.7117172356523598	3.607825667026467
7.820532661935651	5.126700929759838	8.18560083692444	4.761632754771011	4.8968648998977375	3.284001463690327	4.428406428089437	3.742704666574964	1.6995378218247292	0.6223776352191072	3.6117866484804058	5.0510453868997	1.6860152986262211	3.6116215748866587
7.830322148938318	5.144582912831096	8.196392834977413	4.7785122267919355	4.890285140244003	3.2766923624729833	4.404779757261746	3.741188570550902	1.7049299648577945	0.6080001140807119	3.6010518006538472	5.043878957739378	1.6859882382509068	3.618965032201121
7.823398777025837	5.145148965450659	8.199386530831543	4.769161211644884	4.877571385234772	3.255057377481971	4.410933986690585	3.7360678419224596	1.693388923585068	0.6078836010982214	3.601582718307658	5.045010840681877	1.6795634393311383	3.6142715690753393
7.822976788638718	5.150457519051079	8.215428264086603	4.758006043603139	4.877845546058604	3.236743441343049	4.389978146067685	3.736356258183618	1.7037946857149464	0.5993049229736187	3.603302852984648	5.048026566847335	1.6735565936588788	3.6076373613741874
7.809205939931535	5.156716564202059	8.21215672786797	4.753765776265558	4.8607810883539395	3.225970411988062	4.389606602037299	3.736340494990046	1.7037448366013879	0.5941841943452163	3.610705137823167	5.043771140603199	1.6607441001318823	3.596412520322394
7.834179039116047	5.128847961388958	8.193536803842807	4.769490196662157	4.833253565210019	3.2301297878591853	4.415389907783271	3.737001692285156	1.700401803778154	0.5894876409914	3.5907730074028645	5.0354408488875855	1.6357103108566355	3.5982650172881065
7.8418221855297565	5.124765997688485	8.197021899150153	4.769566284068055	4.817411306810702	3.2239731383180628	4.452435476757191	3.738037613197838	1.6775059996593713	0.5850901659089969	3.5929106562417283	5.046134310809285	1.6294146109114043	3.571772401538883
7.82465620206885	5.141247437805804	8.195002250799584	4.7709013890750525	4.796278122623555	3.2123686231534454	4.441579373609097	3.7235551478780113	1.684189109782364	0.5850901659089969	3.600636330584315	5.035387682503904	1.6237776609329382	3.5693433637380036
7.821237021778375	5.142131744861266	8.193563318877361	4.76980544776223	4.7902008573658135	3.214888885396246	4.446772331811394	3.7285109127846097	1.684189109782364	0.5756338903915538	3.6077559377349164	5.027955271931063	1.6231896721259207	3.5744826640649134
7.83898228544694	5.153379381912795	8.209322771394339	4.7830388959653805	4.778584974650505	3.193094132491266	4.4188530246342825	3.728674164735116	1.6900057067915217	0.5709636496567604	3.6105516604542167	5.036888596061536	1.6042457220257291	3.572085383312191
7.84697414219488	5.147477712882599	8.200627330888459	4.793824524189089	4.782996825156149	3.205331110131451	4.403491347406061	3.7094207348379027	1.6840563914575417	0.5805358852337236	3.592312114345279	5.044815330610345	1.6104434800337226	3.5634228013897333
7.85212860237823	5.15365507378831	8.20840978408345	4.797373892083114	4.770518755376962	3.2005143555444886	4.393062743854993	3.694880183988608	1.689882086342771	0.5805358852337236	3.588366363545664	5.041848399694701	1.6102142017967265	3.5756170111836574
7.850922260200483	5.141948529558458	8.206890582908969	4.7859802068499455	4.759661184451256	3.1927195564745414	4.393563374462973	3.6763395549948967	1.6964484174920953	0.5902061487812731	3.5714755110687326	5.031396299601017	1.633668330351699	3.604559410332508
7.848744414132722	5.165659548147783	8.211182735545282	4.803221226735209	4.7417555346663365	3.174982240139136	4.382220811483374	3.6763395549948967	1.702390227225084	0.5902061487812731	3.5855662694627526	5.037622791576753	1.6337180644820428	3.6277342273120374
7.835779498260624	5.186835340157537	8.21835228741724	4.804262551000918	4.72530603283508	3.1580955947126585	4.393191693303662	3.682453902218563	1.6918504611982987	0.5946816278876775	3.600936377109695	5.05442629101956	1.657388830896756	3.6446155626640624
7.8342798248838275	5.206273619460653	8.244239504400877	4.7963139399435875	4.689984042556255	3.128910046170583	4.388029292197756	3.6678517166173075	1.702344283297475	0.5903783902483152	3.615207939468896	5.063899136285132	1.6767821972862693	3.6578856383199088
7.9139643932195485	5.138297528746898	8.248795056710186	4.803466865256259	4.6344202822836875	3.1214516137724697	4.397007529598815	3.6275438320331173	1.743901135860845	0.5820426057658794	3.5552230101618068	5.100529321981832	1.7108442487230153	3.7292438247652964
7.882835262331213	5.098881532307799	8.221818855860022	4.759897938779036	4.55291324142497	3.0826662547769494	4.399090929147659	3.4625184183523414	1.7422958246953337	0.6452495800965726	3.579977352279993	5.27163222704549	2.126489200739442	4.054908536283641
7.884977516128016	5.083880518790448	8.217954679671521	4.75090335524694	4.495632668739917	3.071010666931898	4.400735433301381	3.40642234595198	1.7459810202635488	0.6723735885615584	3.6304985293596435	5.3362664190828	2.2779979093605425	4.180112272563879
7.868059887981434	5.098212788900583	8.209529545264763	4.756743131617243	4.491298132745845	3.102613377850771	4.3746064130026685	3.354815875783779	1.7755267789140026	0.6637892058674724	3.7113580238452717	5.404453378029871	2.5930567026861087	4.352626964625047
7.893073050012271	5.083358051342461	8.185499932809961	4.79093116854481	4.574254456219893	3.1426683898489745	4.262851724428541	3.274130942098515	1.7765905122671943	0.6594551559937472	3.765159372433953	5.444633000861143	2.8268818666668727	4.497175560052934
7.910222477817296	5.061751466455811	8.170552654316651	4.801421289956514	4.6032712278531	3.1717721889716777	4.239620085095979	3.241808852115294	1.7756246100165731	0.6695767617541246	3.8140129856614857	5.482128917352045	2.90472339369452	4.564383638218092
7.93496184816904	5.048504702269186	8.162958124443588	4.820508425994678	4.669852452160437	3.2669764876942144	4.183940383479216	3.103376090887486	1.7140367375159733	0.6883081985601721	3.912426292178747	5.512343457658285	3.235203914924353	4.819962783024973
7.926154597166221	5.02534436060822	8.090731235841492	4.860767721932962	4.6927017858835605	3.3371561041997104	4.161101413025632	3.065416217654788	1.7109968485224585	0.6783034582909327	3.984035298617309	5.517114857393966	3.403435225937584	4.864382511747213
7.890362359570751	5.022039328945603	8.016853840054146	4.895547848462273	4.709874143152705	3.4047542036855423	4.0780499433181765	2.9642640455595504	1.6886374495902332	0.6636576759426479	4.399243448784751	5.6233066434665115	3.603024456806496	4.929871684580162
7.864456140093828	5.029507470954721	7.983992225223501	4.909971385825007	4.688658499111765	3.3810520904612225	4.024831678155217	2.938595596527065	1.6565339554471354	0.6588604211869923	4.493860026114541	5.664616282026548	3.58692214609122	4.900847686452824
7.7609957804919585	5.13945202485989	7.971909999391438	4.928537805960457	4.6373550004314215	3.3129472468077323	3.9204509262156	2.9239924021642727	1.6673354631655206	0.6528587176898716	4.947353314062434	5.583628235234599	3.897525172949493	4.9746763779310745
7.712143375429748	5.164208360484886	7.9427083740586175	4.933643361856008	4.635180065691158	3.290233606286621	3.8623951540566215	2.9094678324727465	1.6801874699499675	0.66302982397633	5.122387715858098	5.553567396832026	3.9541303736319566	4.980180972422659
7.5778597251066975	5.229176201909687	7.858496778088118	4.948539148928215	4.617452232492369	3.290571890539629	3.7891493405884975	2.880725644014311	1.698144195735057	0.6677533238546465	5.238630548628085	5.495029498822019	4.139134746618868	5.084148921636852
7.464497368399603	5.276622960589526	7.798983944505748	4.942136384483383	4.600759045579194	3.2658491761205006	3.8001884299501354	2.894814592332689	1.6813955253177246	0.6775049937406953	5.288105685341069	5.429531827921996	4.270213707818873	5.074579446883027
7.282188798837514	5.356294197092067	7.676218283905535	4.962264712024047	4.550045568321145	3.2340110554148302	3.830469398390113	2.9344057998779847	1.677312738901249	0.6778496798489205	5.431309459049567	5.293090419483984	4.400918841123826	5.243247493442953
7.244585018417079	5.356891346203446	7.643703802337276	4.957772562283265	4.546534748597874	3.2321133479879744	3.8217677941922923	2.935595046186861	1.68368338483771	0.6776845380559855	5.446941375979646	5.2356307330853395	4.4445860997545505	5.329159680656867
7.117916996546094	5.458878264520662	7.575585873288484	5.001209387778292	4.473038005220557	3.184563422271578	3.8285404745940967	2.964173702106553	1.6882041373341359	0.6875005247922964	5.576916492836649	5.111358924209829	4.5417931560643865	5.22794235518206
6.869759321639679	5.612718170473913	7.47217592464317	5.010301567470448	4.398116191216808	3.1618867681657363	3.808947029599005	2.952069100031064	1.7043173556007414	0.6920301413605291	5.780631465028534	5.331090439748805	4.833614528088654	5.496708347901129
6.771465358055566	5.664619158688622	7.4261800568724485	5.009904459871732	4.414577564904302	3.1784307916632897	3.7990328914321294	2.951946012206013	1.6932359833521449	0.6725978944273097	5.848566115844725	5.549428796961504	5.1599431365294	5.064269800528421
6.668744788518714	5.666974678013731	7.3701433454487075	4.965576121083763	4.443837887926428	3.2006975801418998	3.789547621814074	2.9270619732137133	1.712874654209032	0.7069827513353738	5.938430057365146	5.688705771654849	5.158820097073598	5.26441580166701
6.453625964847781	5.676013305363508	7.266186661070935	4.863452609140368	4.522470275183434	3.256821699734777	3.8574773998472653	2.926265964492553	1.68022553526054	0.7012580565780269	6.076233268864062	6.307213992187551	5.657888291154542	6.100886303341394
6.439402193089275	5.614400916355869	7.319629323512183	4.734173785932941	4.556714928802625	3.2780909510101495	3.8680408614169983	2.8992318504220678	1.7093893904319712	0.7263246308772945	6.073926797554449	6.607356349001402	5.763601698922552	6.167323213966582
5.366476887549738	5.9713420457465585	7.287696078554114	4.176939143680374	4.43465858977688	3.4007438033662565	4.0062295571531275	2.7540046577980237	1.2792201307058193	0.9691901471480558	6.027422564233173	6.4874145242383054	6.130265674073663	6.338830153033101
5.35631554263526	5.977981513454516	7.328007491382556	4.133105853645466	4.4586577754429655	3.4438778936515573	4.024702993305459	2.7111964094928056	1.2871922496225858	0.954068170392788	6.064788856984767	6.351336719117451	6.3986093529806505	6.236605934895064
5.414590878912793	5.92966838344252	7.346322510660532	4.124753040632998	4.486083895570382	3.4989492871318943	4.02921508290454	2.6694325806071664	1.3079008657845725	0.9595733774830136	6.3995624247510134	6.435021307410097	7.614290742146066	6.295988975840455
6.25256394340117	5.65599985288172	7.501453909982942	4.407109886299996	4.583029869749751	3.4673003502641375	3.952604090401932	2.647658070931522	1.6159181427901614	0.6379887814504421	6.736039083068909	5.792259504088852	7.659615262122454	4.912201207255356
6.614689038412051	5.584736393311327	7.632394757998668	4.567030673724757	4.60520321458906	3.433775254204531	3.898660497667596	2.638868331351431	1.6854240717991558	0.6351466685620702	6.809727292620564	3.4840595613949783	7.669377805157128	2.6106117552270742
6.692757692134586	5.6442857251233844	7.745506487358546	4.591536929899453	4.597522062946103	3.38638154706448	3.8919225600106113	2.6385893606749464	1.7157532628555874	0.627883500528582	6.482699218595072	2.8562500442519445	7.114959307413907	2.608968980853125
6.720335181730251	5.674354037730367	7.818702096978495	4.575987122482188	4.616459776947423	3.3939968644151373	3.890441009299201	2.6284969550022486	1.726080368949738	0.6001788954501706	6.287495508407776	1.6459249570491605	6.928248442091097	1.7406927100079679
6.768048345827061	5.694711002578012	7.85327648273058	4.609482865674598	4.604015786684749	3.3777001823543236	3.88072727001825	2.629026182306113	1.7526587754529792	0.5945698802003281	6.162117865639363	1.2970099785064044	6.827667957686392	1.7143578717011807
6.784699128377926	5.753327496592659	7.928266360188688	4.6097602647819516	4.609260260517074	3.3920319356387747	3.862722897618279	2.6074278790945558	1.7616689482313732	0.5802411629172228	5.904861639748264	1.2836624059331119	6.6046870783759815	1.599212734955077
6.804502949845824	5.779756645904076	7.9440793710954525	4.6401802246544985	4.620687715645407	3.3917196007175776	3.8319624816466975	2.6120848497906013	1.756412501562299	0.5649919018031773	5.88591822379575	1.2512230693049924	6.614901506013969	1.5268541217803153
6.841611327640005	5.818927671250341	8.01566075559982	4.644878243290502	4.6028924508624485	3.37565858615471	3.80538588424786	2.5915686123685386	1.7540417432259172	0.545701715701922	5.807433021435368	1.1799012515012688	6.1864024157672315	1.409088830473426
6.918520938459965	5.813688600546803	8.066406641194982	4.665802897811758	4.562799541951678	3.3494370213478795	3.78262226846081	2.575663857269274	1.7536673708719794	0.5411881565718357	5.732307002520966	1.1678957309479694	5.91301794207357	1.4423939219758455
6.963644566118381	5.84681338387584	8.11223550551371	4.69822244448049	4.542942666551128	3.3631674901132094	3.746160319535184	2.5488864941551572	1.765694474276245	0.5360390701643584	5.76471165924189	1.2169586263611358	5.278468324966507	1.3804342016474507
6.992510459926997	5.884393037375327	8.167267881713569	4.70963561558876	4.510132035627147	3.3280424410413594	3.7156284001185567	2.5429398352711194	1.7719915545794669	0.5405996611370173	5.700230451502533	1.1839378501596163	5.076959363915092	1.1372205273900478
7.010055858214682	5.978788194357222	8.272724466290558	4.71611958628133	4.46275682924521	3.3051931878096426	3.6710157210987795	2.488902466918399	1.7776141892703095	0.540202850976295	5.454761199428464	1.1585947054299106	4.858556096387191	1.369137514019187
7.033823970016279	6.053492720007649	8.36916291610639	4.718153773917579	4.428531104245721	3.25879007513469	3.640303766115096	2.4677517015902306	1.7729638036141544	0.5452048530422179	5.2914834380351286	1.0674746683801597	4.696708580396354	1.720311648381828
7.023754453123289	6.137911231129365	8.434229071402035	4.727436612850652	4.421346601445035	3.2581171571323586	3.6207168980030557	2.4411374625039377	1.768286239152162	0.5548408615496969	5.17928419837726	1.0338744348241702	4.413049261040466	1.9127837470305904
6.999276278305138	6.1697185359698805	8.416833414258555	4.752161400016532	4.409104894170538	3.275279071878184	3.6204414964445633	2.436183226090993	1.7639191234881642	0.5598108103855483	5.094523626142917	1.1666409980868542	4.220857674957629	2.08354024839152
6.909383099814093	6.323794984797901	8.49875041864047	4.73442766597154	4.427485409827275	3.2310462739861254	3.5749271769844575	2.435788519318796	1.765572068534526	0.564939906483762	4.720180229550311	1.7120788646565237	3.8878867530228485	2.863510382765179
6.780268205840917	6.43802828455562	8.484784197651294	4.73351229274531	4.463671958322961	3.2405724396217943	3.5306813174359872	2.408923592950889	1.7416140833516394	0.5654045319968305	4.402778746048866	2.2986553427075065	3.683014338711341	3.4167917678855755
6.599402655735592	6.744808201381867	8.633648160611807	4.7105626965056135	4.491522400229873	3.231319244273849	3.459226675426772	2.3337092797088386	1.7109277986826115	0.581299858689402	3.660709175307598	2.9258874309762586	2.6971103111136556	3.924943410590509
6.549669640702935	6.823310559749357	8.663478743147241	4.709501457305085	4.496881118249771	3.231683737150597	3.4408715332053155	2.3126031726151	1.7089758191992845	0.6067624732861495	3.3962438150314505	3.08385056407343	2.193359015753733	3.8631470222831275
5.787425062274924	7.01120234044891	8.473692548849227	4.324934853874536	4.469211490797407	3.1982711735260017	3.528616692205865	2.355173322740513	1.700218270923435	0.680369230875169	2.4489547889211822	3.1402154843940213	1.7279621261931617	3.8871328524193576
5.5958509016915565	7.135972399982083	8.417634506510531	4.314188795163088	4.486868087668005	3.1855731792965525	3.5157933469581586	2.3296525089941955	1.6911324426779168	0.7158658980412437	2.2614256349748727	3.301278080689118	1.4549187373985584	3.6033222213891136
5.367549770815498	7.296970560355668	8.404887692106263	4.259632639064899	4.504834538638884	3.0942791936137546	3.4788286929481194	2.3396458992560945	1.7100725731866289	0.7214697868012546	2.0503700250993258	2.7019106399965036	1.0055039472955754	2.9765451369423332
5.201031777665083	7.4008046848595015	8.38175008748026	4.220086375044339	4.522361719682377	3.0702395410778434	3.4614859176304797	2.312569855706247	1.7353141376726682	0.7322728805533447	1.9684883715689743	2.623172016626362	0.8552503979284736	2.7054184008202
5.097867002509929	7.513144383349866	8.397922437289974	4.213088948569787	4.546578628267353	3.072913625536091	3.446869741355389	2.2954184886490276	1.7429824872867101	0.73784901966448	1.9680616758290845	2.3842258791737985	0.8542259775195961	2.4551540705301673
5.012378548244734	7.571528490950383	8.400492951294424	4.183414087900689	4.571107967710035	3.0615060960536447	3.4477243881901765	2.289782227396854	1.7492508101691329	0.7537886453010988	1.9313961940188507	2.311365565281729	1.006496438548286	2.336633348236299
4.700709200435603	7.7321464042052455	8.2742060911428	4.1586495134980055	4.574872525469032	3.0212850786160894	3.4861009411214603	2.322024183532891	1.7376940964457261	0.7747226259059614	1.9268986992735528	2.321229940504716	1.2290338357190531	1.8672371746866714
4.69732920985389	7.678519357782315	8.246456768718307	4.1293917989179425	4.62617861824246	3.025650734370475	3.4991118446046348	2.3639239898075415	1.7440105822887353	0.780297435321724	1.9167325136797948	2.307979094244472	1.1966946594339463	1.7220692487523306
4.672861872345262	7.685375081063748	8.248895413670354	4.109341539738696	4.665804685803305	3.042215990508574	3.511744900185393	2.379085311117661	1.7549706272385779	0.7807262746024641	1.9560619719219212	2.273165324798628	1.2266840811078559	1.7088228561936862
4.588916278428595	7.69862859217864	8.198352318614837	4.089192551992401	4.728011478255065	3.0373499299825992	3.5064068609541494	2.425806192524952	1.7612809069968653	0.780979449370318	2.034505179968282	2.3173958314986356	1.2716930420033457	1.4861498886123914
4.5668114168066705	7.689780913044317	8.171843284622357	4.084749045228646	4.758432531680526	3.0532088418169385	3.500996278669697	2.4305142450678865	1.7675824526650046	0.7813648853727488	2.0522240400270935	2.323317724934207	1.312876655419537	1.6752704190426648
4.574536653224916	7.7001888670078475	8.192893759608408	4.081831760624383	4.777354766982942	3.0533261247945704	3.4963750266074007	2.446401912788345	1.7678522460317267	0.786438932735726	2.1047752805315474	2.4004494169457815	1.322705419859595	1.6322756657165254
4.508746173037959	7.704453545467831	8.130711719232487	4.082487999273324	4.794972588572884	3.0319275990478554	3.503772650884166	2.4883440695555614	1.774188520796939	0.8122826771229255	2.1717820888656933	2.704299062766894	1.2877290919687032	1.6668138400669548
4.725149552754996	7.632859837632786	8.211577091222452	4.146432299165296	4.8796156292469695	3.0297790830453004	3.4887689665232746	2.6294120066581335	1.7762316441266737	0.8124270969107441	2.31399311918388	2.7835805867075063	1.3415830000963085	2.463711105111296
4.932987086183829	7.500821221183598	8.257197581411226	4.176610725956191	4.940936774241305	3.0062262839435547	3.500901568575705	2.769770146389608	1.7885937212838807	0.8069903233058617	2.5123269113137003	2.12697442830804	1.238008506174835	2.6428701450901184
5.025409682362515	7.414883478719844	8.242916009772209	4.197377151310191	4.964741795855953	2.9755004417687383	3.5083717923849655	2.8576937748298583	1.7949685499067467	0.8065350813560346	2.6923298952145807	2.126620390261403	1.485986625768812	2.8131490925652405
5.343016498274193	7.019959856218358	8.153884122899004	4.2090922315935275	5.067305076301029	2.8449282816758297	3.5473962368783174	3.1510870724416282	1.8093933573305412	0.8153047132653131	3.474556928733005	3.0374066327747227	1.9792618697218247	3.928131161482782
5.450011881352658	6.729713904498945	7.97049330354077	4.20923248231086	5.172475546573038	2.8086144114194593	3.5740806739087576	3.3264209651199996	1.8374411638898853	0.8244093705854882	4.074336832991131	3.7164584831954253	2.405039319202216	4.168600563653083
5.707796741693836	6.439706066928505	7.888701271724747	4.258801536897587	5.2566417098292	2.6357429183231362	3.6190849864264925	3.67025649125744	1.852517238404947	0.8232373057523996	5.0096377396502385	3.3108238090884976	1.92224763512432	3.0206394814115316
5.938595484354496	6.199771460525208	7.840369996217444	4.297996948662253	5.319950469101454	2.6328274410061208	3.641637295420203	3.7854220945433243	1.858816572232272	0.8273433022290917	5.465003621161811	2.719004168525457	2.247407594186958	1.8388105218910218
6.334655462543269	5.8031901040848926	7.779570332144034	4.3582752344841245	5.211651131978645	2.51475674443952	3.662372538456673	3.85210953042169	1.882137582743595	0.8322902462500276	6.061214474221037	3.5968458734056217	3.2188986287345074	1.940573151112815
6.662318736036464	5.487094722118239	7.7078460695949484	4.441567388559705	5.076815580279679	2.447183112422918	3.7301750087999515	3.926464149752438	1.897421088240471	0.8369922637164882	6.2120815677452335	3.8827916468297645	3.603356024278905	1.7778924431837788
7.021001513402219	4.8775946861408	7.471064071734277	4.42753212780872	4.893082703067384	2.6867816363741404	4.179989491604991	3.9798271615941325	1.9525494108826815	0.8573061452207633	5.468689826187838	4.833181333831998	1.5720789547889953	4.118828034494895
7.033818852184512	4.859845240827455	7.442036503584072	4.451627589427872	4.893060260052875	2.6966425495584936	4.1805189631206945	4.001851876925711	1.9509504872046333	0.8672654236373554	5.4105735312146255	4.817839754813824	1.5065515317423785	4.084890122506562
7.076364203514601	4.8124417322340465	7.438306918238249	4.450499017510351	4.828781019945558	2.645185566205115	4.145478929657363	4.008914894511198	2.0140117319002426	0.8428160756177555	5.1595464240040485	4.76981051317989	1.7425403405899216	4.075436723262004
7.016475595382675	4.2608284831550485	7.099992286015837	4.1773117925218415	4.401599332748915	3.176241630230607	5.09204620292146	3.9007230075219645	2.081677832080234	0.8582950923011115	3.656652812403559	4.4084605727761605	2.2009382111313656	4.3627350652005745
6.910992243133024	4.17967513997542	6.983065949544743	4.1076014335636435	4.389047199172791	3.368059438974936	5.203058288546672	3.806404230112024	2.1063408488842197	0.874127513749911	3.584173859551668	4.409474431228137	2.3619959414641007	4.469378067272606
7.0161553563575065	4.247645101693262	7.360549965211279	3.9032504928394647	3.53007427829622	3.9045321564271074	5.910268586671662	3.514976777712687	2.4519424441328104	1.0541010346786852	3.3431424773187075	3.787188666534621	0.8114181116478779	3.5131421049821774
6.709704779606822	3.932229153049094	7.036519364627062	3.605414568028885	2.5821036488907905	4.338607063110278	6.158141873584119	3.7570666731894637	2.320077339459614	1.0847073046358369	2.882471066453159	3.2103358877200767	1.147082414700581	2.3798111839521305
6.186670902441243	3.929996074261947	6.729248026478913	3.3874189502242444	2.625076259799708	4.527006730775837	6.172633606433115	3.7594722599836787	2.70535796085099	0.9654441285390081	2.542357918340633	2.802652006650522	1.7119505036527796	2.1014325862836967
2.245656980390041	5.199590093394921	5.258162058053312	1.229405206103892	3.3769942024504567	3.852058855739365	6.219220593280442	3.593588264404053	2.4068191460363493	0.6247216504923923	1.516219691678182	1.745704250035573	1.5405887030311873	1.310364699499413
2.5447373260347086	5.391392245566781	5.268205094428237	1.242449759102091	3.537692803098193	3.5926994467838465	6.700547055109701	3.0996029177377866	1.8545191739678213	0.6515302241563974	1.389131271030768	1.3364439603800404	1.4799272243310941	1.8734500299539418
1.6164105847644061	5.304516222311862	5.904118817381575	1.137177740600443	3.6557419604051637	3.7311308656987867	7.298917473030293	2.946676765877104	1.9425517422457603	0.6923140155076958	1.671083262556091	1.027660714201223	2.306582052336189	1.3569164769019992
1.7649767434959769	5.284837058006984	5.72699715021681	1.0654849627627754	3.8576618448465014	3.775239913770454	7.38736207702245	2.8370401942112973	1.791175955567501	0.60934051793449	1.809484116125018	1.32376653363623	2.1914770910666843	1.607409276180075
1.9544125304872946	5.316458228464414	5.847134384789712	1.1595955202338875	3.9684499222820717	3.8968405343596184	7.4716849236197564	2.8152464615027255	1.6702591188330658	0.5878003468853475	2.2944499062875594	1.4318733562594737	2.59069583270661	1.5073014079371239
2.513233399279495	5.209126424648997	5.562777693515322	1.540345648774063	4.060100653372999	4.194393727545135	7.527111694815118	2.771206796516817	1.728665093709281	0.5366204600929303	2.8055025967412037	1.6297349752875527	2.5467220931395667	1.524867407350348
5.231027965067939	4.150853904568408	6.9253708120830435	2.4565110575532	3.8764380021918474	5.078867067479041	7.642625236991216	2.7930150710764754	1.7967390521072426	0.48048471708659185	3.0405076908362636	1.765778950516089	3.9580228968449442	0.758001971437447
5.775400048259609	4.0600231075077176	7.231188285485598	2.604234870281647	3.9308468759162496	5.251010299470345	7.5736905627528905	2.8067517101594675	1.8715746033322167	0.4365223453291831	1.9482288101937266	0.8947297135430571	4.754069530097154	1.0312597651631417
5.838276296881807	4.059615961201817	7.179341829130341	2.718550428953272	3.8980469385642293	5.330710722359438	7.57049785055358	2.826006398724083	1.912199266863198	0.46092757953125973	1.7414987597650722	1.1280015197028723	4.81586857880311	1.0626046881561284
5.6998281439422716	4.117290261413088	7.1729584252797505	2.644159980075692	3.9844122202591845	5.28836868584547	7.48984991582401	2.80157455275746	1.9015996663378223	0.4793910909075072	1.6989898169753341	1.0565658115373942	4.746261014454859	0.8376245436365732
5.858586809270567	4.0576478374108715	7.20052435834732	2.7157102883341495	4.093626993399838	5.417197263720363	7.382882146683262	2.843382579765848	1.9811420632248602	0.6036425683405445	1.276138705117473	0.6654575005320702	5.063401975214756	0.830760191145871
6.0538964162723135	4.016071927156138	7.318317325555633	2.7516510178728693	4.096702451494859	5.41850845919836	7.365857911122447	2.9319954853480024	2.037515772495549	0.5831153970069272	1.3118766474418528	0.8754666379407986	4.700607853961582	1.495077017640976
6.077208383625772	3.9502845600099095	7.314708130687006	2.7127848129486827	4.0318779439557115	5.442993085646058	7.534733144482655	3.019710192122814	2.0359304779738414	0.7006687751114199	1.232288099475146	0.7913458698776112	4.580309704453427	1.9226641062349956
5.74653491600462	3.878000924270313	7.05305082672363	2.571485013551358	4.100194851227835	5.46989712184013	7.353804033725577	3.2521845554276836	2.1915666723431064	0.8841305806549615	1.5629770160813352	0.7197983518077198	3.748371964356127	2.3422963753146346
5.304629791934369	3.910943518205485	6.785937870671171	2.4296354394686963	4.056697866797129	5.554770157562812	6.959392841125409	4.272764536352522	1.9485398269341543	1.0985066952015863	1.7564645241653045	0.7978337198569097	2.7565858135446595	3.21590137361074
4.451691683865089	3.872321817041362	6.1915064677078355	2.1325070331987424	4.330185819362727	5.505898961226939	7.419611491070995	4.216223987077881	1.9954103464885442	0.9657922821194503	2.063331820126581	1.3329108519054698	1.727382832618781	2.8691839624363964
4.019861091158908	4.128595726224356	6.061660280919261	1.9420098665605576	4.4428353743216125	5.482602717293364	6.454342466023336	5.0766489133365225	1.3619287321609321	0.6962062824433483	2.1664771210997715	1.2737833276687838	1.1347807258289515	2.929170134977935
4.524421802403255	4.203215712465586	6.103280932480999	2.100403427228663	4.492146993965005	5.597971522261824	6.856492705034628	4.948691484046276	1.6858904874863696	0.9982122759965669	1.9645713742507458	1.3565828823478094	1.3891730897070727	4.042916095108904
4.275914684230539	4.087365959259997	6.199081716039488	2.1443784845511495	4.460176958138144	5.763742374759667	6.346769496303909	5.000800489974709	1.5047131531928233	1.1666971350374802	1.8208499277281969	1.26300345157342	1.2839295646005793	4.285748745726087
4.654460888921317	4.023274972914992	6.3998076133339685	2.27792824850234	4.3989375916611575	5.826769069120522	6.564085003466896	4.710958481324353	1.7392683688343447	0.976939382239199	1.6297731750679	1.2398260690864211	0.9213584912103469	4.575164758894942
4.688245910941797	4.233135143870704	6.542790830237309	2.3785902245752086	4.326606511358712	5.742303335310677	7.20438683061075	4.246687815893616	2.279734242833778	1.48631864098388	1.9406334233950926	1.4553162862208866	1.0935628669253694	4.5661398847360415
3.8811781539801338	4.505734546492535	6.204992735244984	2.1819199652276824	4.409582345419407	5.690685624936891	7.572962080056502	4.059290721594407	2.3336966151473137	1.3214457493615583	1.804956940116191	1.5807960856251486	1.5169819232639576	4.182510095067819
3.8959975228492563	4.59870351913475	6.238381364283526	2.2563196777003904	4.335864050557801	5.559465416918497	7.3600805812740395	4.153502418246964	2.547794035835545	0.9577658943305684	1.997810497577367	1.7934094925857185	1.911489725855331	4.118513146278791
4.167467908458741	5.043005578325679	6.863196938639061	2.347276548145386	4.180048753835115	5.269885362791532	6.959301050714144	4.6359357003064225	2.246811851719635	1.2885108858815013	2.989083067074092	2.0321045701370553	1.2244736539490033	4.246733626713087
4.865480510459748	4.933739250664623	7.262883016776481	2.536336744347821	4.092731230583421	5.301517890147766	7.288324035394574	4.5435362822567065	2.3393052170734565	1.2600440220965492	4.548590859300176	2.3810292920444143	1.403784517199997	4.5634024962647
5.201663320523313	4.677106638431114	7.254761121956844	2.6240088369975005	4.120374471816059	5.459166786047167	7.4635647279890165	4.689764731554918	2.3313918682701553	1.1382137386312876	5.131176261468117	2.5638712931741	1.9154813509508481	4.0405441694701185
5.700788072941975	4.234304309759462	7.229263032153715	2.705829350547705	4.2566193156579315	5.741712512565027	7.496369901454139	4.977063699714254	2.3619393632524317	0.9898172710033037	5.660828184138541	2.165739973292956	2.549247181340158	3.0594855248723416
5.8538465467373095	4.019783445286313	7.167769240768358	2.7058607512552677	4.292308132178306	5.834206146776732	6.8426158189335595	5.378720866774128	2.457201849114924	1.2581691241497368	5.685604455881202	2.2164111999589022	2.808284295516414	2.9911553134988953
5.902948160905195	3.8873945304623767	7.0900982639858	2.7002444273818274	4.252452115461744	5.871844187178207	6.958421799220208	5.238011220782337	2.5083661711253775	1.170335482652693	5.92115151291784	1.804047657309765	3.2323804829219673	2.0538718341333904
5.9097781804663025	3.8293084762027068	7.08931828797125	2.6497683686977815	4.20144379357672	5.795327698949956	6.661669267632717	5.338680501535637	1.861577071410331	0.9112752607523193	6.261461111356228	1.1863143625620183	3.7317815763364144	1.4089451495008205
5.902524707815551	3.805937448983339	7.053959996851286	2.6545021599475715	4.145339589016972	5.696564489719124	6.862788609515123	5.2636502530913925	1.9689341563902194	0.8086753995475862	6.521886177504024	1.0311612098361456	4.106716494338491	1.0362979901011513
5.776464811041774	3.8832625803988816	7.02837059809588	2.631356793344688	4.093326549344206	5.574501628633658	7.334521596171457	4.268713829644878	2.3992271591718026	0.6921416439159364	6.704686769938423	0.7077648042321304	4.3223518454334595	0.6880282255863874
5.729865354822022	3.8696454423958766	7.00849509456235	2.5910157026555263	4.138008225845889	5.531839285257877	7.509267741548253	3.846203777596775	2.4060701012199295	0.6478258161698569	6.801034482858793	0.6285451657879121	4.455047417026212	0.5701982667530524
5.816453472084054	3.8991528516935263	7.125427288695401	2.590179035082117	4.153861524280626	5.45340437489676	7.526321932646583	3.7105948384946563	2.3915399868752876	0.6361244771180701	6.860568683627135	0.7962489140933448	4.577934778119527	0.6364224516391502
5.808467029865315	3.9032322909237585	7.26364536393994	2.448053956849168	4.337778756284216	5.3276763681795645	7.435530245347092	3.590144236896997	2.3575934620067542	0.5700467860651359	6.907907788071554	1.4319712232826078	4.728008712174623	1.398091549103602
5.36436840959487	4.750757869298607	6.739229998427717	1.8932343707988926	4.526359120656537	5.127364559050965	7.629552042664572	3.505991685691177	2.3217266952838584	0.6337015784862858	6.586560869640253	1.576611182634865	5.318119839878646	1.6756756474922418
5.2128514300315825	4.533156726408615	7.021329731929358	1.7639043688182907	4.643077222009813	5.136439941328607	7.6140626651044245	3.491095513329553	2.2522607754382564	0.586619463320049	6.844382350135219	1.3546213945420782	5.926229354889092	1.9473145139260624
5.729293269060277	4.726297792938679	6.932187002833605	2.0142931216722157	4.686772555501082	5.127401305253345	7.668623364721292	3.4692366172935283	2.2386434159248925	0.5901890311832552	6.863757896705927	1.94781286284203	5.18807739102439	1.3914387741527527
4.795482604390858	5.170993749845238	6.097939047360654	1.6277369070702465	5.0195882990472915	4.940521052399686	7.753029086078723	3.3902488969475204	2.1416591549233153	0.5834248352218142	6.158902927242474	3.2677741141458734	4.740823326757906	1.7405868858822624
3.9620232889747347	4.663658627028029	6.978642777639165	1.6470391383633673	4.8545736141796185	5.20035563759462	7.5521700478095966	3.4976296667906057	2.156555900351669	0.6786356371174346	7.492607490271385	2.1299045175032667	4.966734925985031	1.5076844543042587
4.122002192577531	4.978219100591032	6.795475516805857	1.6917641097558922	4.893071541318901	5.081148225974977	7.538436666718335	3.440513622921383	2.1456315903016834	0.6764372694560091	7.091648465010529	2.6898292328791156	4.501434127156657	2.1394434016415214
4.403862104143715	7.069838660638899	4.867526419890881	1.266692267423544	5.545869070667936	4.297302206451093	7.567203198650773	3.333036573912954	2.1421367610070337	0.6231253219416875	3.4305373008367512	5.524874577209952	2.666162140974735	3.7549291876368303
4.936046551972347	7.430428910912377	4.724960323255384	1.3887056117146515	5.568100483766496	4.193785805933344	7.527039781499575	3.3383351216199886	2.131369930980686	0.6168172237577969	2.823944023942414	6.247374442320901	2.281569290575961	4.312420423019161
6.048709833429232	7.826437895209157	4.772595708290237	2.2476479181422007	5.8299837002129244	3.9269893006047276	7.584578288390073	3.290927974287616	2.15115027506366	0.6020791054839566	2.33619283995538	6.515367325935712	2.379692400142716	4.7756500484034055
6.207655670654204	7.820612649108556	4.848419854302459	2.4436486447651853	5.832766126397686	3.8583532718213527	7.625337178205223	3.222883357040618	2.1436697487295846	0.5383040871417286	2.4745503475460087	6.54497587138016	2.452645644964506	4.880153119578171
6.214875157555357	7.820206245944103	4.805829338506984	2.395551067850087	5.857603851679446	3.9299876625806975	7.618130043400983	3.2070158373576083	2.171220511058657	0.52192345721224	2.7335844799876177	6.508361374313916	2.187234741576796	4.801501687911658
6.393650878119313	7.839121171808193	4.84184879539991	2.5717859777615213	5.902204980049723	3.8917201337639615	7.6705624822339535	3.1540605028365034	2.168256305656682	0.5202737871012625	2.0594982688506076	6.536998371162698	2.3853037439984046	4.905433365806726
6.5727143353831075	7.850521236251304	4.8863288552426845	2.780702778911518	5.921598548272515	3.8133282128072383	7.708937455761804	3.1847958308710047	2.170265014730161	0.5383761728757454	1.9044370421749426	6.50004367799552	2.6780395617622057	4.908482873514282
6.573404724031109	7.887600877860558	4.937862127849494	2.7910142207547963	5.878235440203614	3.8298658312371066	7.692140948841361	3.179010490740322	2.1724181975698573	0.6862576334054845	1.8087920193549005	6.471684158573416	2.4758435760252104	4.9283652442753345
6.59018451844884	7.856370335216125	5.003693053738361	2.9196067960482717	5.881326238865438	3.840928023928207	7.065498561126677	3.3819010019173987	2.3619115714267593	0.670514527382804	1.7986334722673258	6.447402245024639	2.223488298136603	4.945044896332745
6.5596985953312785	7.836809256456092	4.990788870904048	2.895777768856297	5.870033281912946	3.8587551124287702	7.159346247333839	3.3557008264517543	2.2741437584192945	0.5200720673114684	1.9985943467205631	6.411580949178077	2.1138921424484907	4.949323511064865
6.479705047163598	7.79610738333052	4.995517350257667	2.8650864743916293	5.842627743510299	3.8750472144380055	7.219233251909598	3.3595093891099386	2.2370166081330076	0.5339450899829998	2.1334749905541117	6.349449673140495	2.313718198569876	4.8914625026760135
6.5112528772756955	7.84106912228768	5.018257166714108	2.8654908763747295	5.837596425271133	3.8860550105368126	7.243846231474078	3.3381427816525893	2.2297942831174185	0.5395534442788834	2.1785955326485835	6.358679108279439	2.247724467431526	4.905873561555649
5.698703699311427	7.467281295118667	5.290777140877779	2.627695739168498	5.7405430493136596	4.024176826099348	7.269031436401433	3.3625760273865186	2.214650300110803	0.5359428818462777	3.084440552430082	5.442413114724423	2.30851807191753	4.322313770933662
5.7893910307134355	7.478847660817694	5.02723103735503	2.5257593453996043	5.732506502699421	4.0601488050523304	7.265703402695808	3.3718646151721483	2.2065390345628804	0.5545659264475693	2.791805960064894	5.435091896676268	2.467817706497288	4.4106603085157
5.790661167375934	7.527564513351211	5.0366560054358676	2.491712218602553	5.737328968625394	4.07517568077417	7.24575318816632	3.3804090862676865	2.204455376160857	0.5364793979019534	2.5781454675464825	4.885619314408705	2.416773510907216	3.7653801711601993
5.5147074234364295	7.159419315752832	5.261423835345971	2.4570075168296026	5.756806689463612	4.188738087727896	7.082628564866334	3.6114338529735956	2.2144150615010627	0.6395699445852205	3.078460983315132	4.5678435977762355	2.6234210576891823	3.7624086194341793
5.475470678698039	6.829895747044333	5.4488809653799155	2.4790635516428807	5.76152936228586	4.245048177122563	6.994070332716806	3.7460395659428243	2.1049569997154025	0.7135362016666196	3.396878310979281	4.581951511938445	2.587918020843998	3.9172015409002907
6.023888295095608	6.6981336855575115	5.7684358828188245	2.671624215520647	5.693315621755369	4.330285367396778	7.055967872009612	3.7083967009349874	2.1032605791052026	0.6627246929368377	3.6388266477420004	4.764404088875593	2.754007626986549	3.816806597848869
