0	1	2	3	4	5	6	7
0.0	0.0	0.0	1.0	0.0	0.0	0.0	0.0
1.0	1.0	1.0	3.0	1.0	1.0	1.0	1.0
2.0	2.0	1.0	5.0	2.0	1.0	1.0	2.0
3.0	3.0	1.0	8.0	3.0	1.0	2.0	3.0
4.0	4.0	1.0	9.0	3.0	2.0	2.0	4.0
5.0	5.0	2.0	10.0	3.0	3.0	2.0	5.0
6.0	6.0	3.0	11.0	4.0	4.0	2.0	6.0
7.0	7.0	3.0	12.0	5.0	5.0	2.0	7.0
8.0	8.0	3.0	13.0	6.0	5.0	3.0	8.0
9.0	9.0	3.0	14.0	7.0	5.0	4.0	9.0
10.0	10.0	4.0	15.0	8.0	5.0	5.0	10.0
11.0	11.0	5.0	16.0	9.0	5.0	6.0	11.0
12.0	12.0	6.0	17.0	10.0	5.0	6.0	12.0
13.0	13.0	7.0	18.0	11.0	5.0	6.0	13.0
14.0	14.0	8.0	19.0	12.0	5.0	6.0	14.0
15.0	15.0	9.0	20.0	12.0	6.0	6.0	15.0
16.0	16.0	10.0	21.0	12.0	7.0	6.0	16.0
17.0	17.0	11.0	22.0	12.0	7.0	6.0	17.0
18.0	18.0	11.0	23.0	12.0	7.0	6.0	18.0
19.0	19.0	11.0	30.0	12.0	7.0	6.0	19.0
20.0	20.0	11.0	30.0	12.0	8.0	6.0	20.0
21.0	21.0	11.0	31.0	13.0	9.0	6.0	21.0
22.0	22.0	11.0	31.0	13.0	10.0	6.0	22.0
23.0	23.0	11.0	31.0	13.0	11.0	6.0	23.0
24.0	24.0	11.0	31.0	13.0	12.0	6.0	24.0
25.0	25.0	11.0	31.0	13.0	13.0	6.0	25.0
26.0	26.0	11.0	31.0	13.0	13.0	7.0	26.0
27.0	27.0	12.0	33.0	13.0	13.0	8.0	27.0
28.0	28.0	12.0	33.0	13.0	13.0	8.0	29.0
29.0	29.0	12.0	33.0	13.0	13.0	8.0	30.0
30.0	30.0	12.0	33.0	13.0	14.0	8.0	31.0
31.0	31.0	12.0	33.0	13.0	14.0	8.0	32.0
32.0	32.0	12.0	34.0	13.0	14.0	8.0	33.0
33.0	33.0	12.0	34.0	13.0	14.0	8.0	34.0
34.0	34.0	12.0	34.0	13.0	14.0	8.0	35.0
35.0	35.0	12.0	34.0	13.0	14.0	8.0	36.0
36.0	36.0	12.0	34.0	13.0	14.0	8.0	37.0
37.0	37.0	12.0	34.0	13.0	14.0	8.0	38.0
38.0	38.0	12.0	34.0	13.0	14.0	8.0	39.0
39.0	39.0	12.0	34.0	13.0	14.0	8.0	40.0
40.0	40.0	12.0	35.0	13.0	14.0	8.0	41.0
41.0	41.0	12.0	36.0	13.0	14.0	8.0	42.0
42.0	42.0	13.0	37.0	13.0	14.0	8.0	43.0
43.0	43.0	14.0	38.0	13.0	14.0	8.0	45.0
44.0	44.0	14.0	38.0	13.0	14.0	8.0	46.0
45.0	45.0	14.0	38.0	13.0	14.0	8.0	47.0
46.0	46.0	14.0	38.0	13.0	14.0	8.0	48.0
47.0	47.0	38.0	38.0	13.0	14.0	42.0	48.0
48.0	48.0	38.0	43.0	51.0	51.0	46.0	49.0
49.0	49.0	48.0	45.0	51.0	52.0	47.0	50.0
50.0	50.0	49.0	46.0	51.0	53.0	48.0	51.0
51.0	51.0	50.0	48.0	52.0	54.0	49.0	52.0
52.0	52.0	51.0	49.0	52.0	55.0	49.0	53.0
53.0	53.0	54.0	50.0	53.0	55.0	50.0	54.0
54.0	54.0	55.0	52.0	54.0	56.0	51.0	55.0
55.0	55.0	56.0	53.0	56.0	57.0	54.0	56.0
56.0	56.0	57.0	54.0	57.0	58.0	55.0	57.0
57.0	59.0	58.0	55.0	58.0	59.0	56.0	58.0
58.0	60.0	59.0	56.0	59.0	60.0	57.0	59.0
59.0	61.0	60.0	57.0	60.0	61.0	58.0	60.0
60.0	62.0	61.0	57.0	61.0	62.0	59.0	61.0
61.0	63.0	62.0	58.0	62.0	62.0	60.0	62.0
62.0	64.0	62.0	59.0	62.0	63.0	60.0	62.0
63.0	65.0	63.0	61.0	62.0	64.0	61.0	63.0
64.0	66.0	64.0	62.0	64.0	65.0	62.0	64.0
65.0	67.0	65.0	63.0	65.0	65.0	63.0	65.0
66.0	68.0	66.0	64.0	66.0	66.0	64.0	66.0
67.0	69.0	68.0	65.0	67.0	67.0	65.0	68.0
68.0	70.0	69.0	66.0	67.0	68.0	66.0	69.0
69.0	71.0	70.0	67.0	69.0	71.0	69.0	71.0
70.0	71.0	71.0	68.0	70.0	74.0	70.0	72.0
71.0	71.0	74.0	69.0	71.0	77.0	71.0	73.0
72.0	72.0	75.0	70.0	72.0	78.0	72.0	76.0
73.0	73.0	77.0	71.0	74.0	79.0	74.0	77.0
74.0	74.0	78.0	72.0	75.0	80.0	77.0	78.0
75.0	75.0	79.0	73.0	76.0	81.0	78.0	79.0
76.0	76.0	80.0	74.0	77.0	81.0	78.0	80.0
77.0	77.0	81.0	79.0	77.0	82.0	79.0	80.0
78.0	78.0	81.0	79.0	78.0	82.0	79.0	81.0
79.0	79.0	82.0	80.0	85.0	82.0	80.0	82.0
80.0	80.0	83.0	80.0	86.0	83.0	81.0	82.0
81.0	81.0	84.0	81.0	87.0	84.0	82.0	82.0
82.0	82.0	85.0	82.0	87.0	84.0	83.0	83.0
83.0	83.0	86.0	83.0	87.0	85.0	84.0	84.0
84.0	84.0	87.0	84.0	87.0	86.0	85.0	85.0
85.0	85.0	87.0	85.0	87.0	87.0	85.0	86.0
86.0	86.0	87.0	85.0	87.0	88.0	85.0	87.0
87.0	87.0	88.0	86.0	88.0	89.0	85.0	88.0
88.0	88.0	89.0	87.0	89.0	90.0	86.0	88.0
89.0	89.0	91.0	89.0	92.0	93.0	88.0	90.0
90.0	90.0	92.0	89.0	93.0	93.0	89.0	91.0
91.0	135.0	94.0	92.0	93.0	95.0	94.0	92.0
92.0	135.0	95.0	92.0	96.0	96.0	95.0	93.0
93.0	135.0	96.0	94.0	97.0	97.0	96.0	94.0
94.0	135.0	98.0	95.0	97.0	98.0	97.0	95.0
95.0	135.0	99.0	96.0	98.0	99.0	98.0	96.0
96.0	135.0	100.0	97.0	101.0	100.0	99.0	96.0
97.0	135.0	101.0	98.0	105.0	102.0	101.0	97.0
98.0	135.0	101.0	99.0	106.0	103.0	102.0	97.0
99.0	135.0	102.0	99.0	107.0	103.0	103.0	98.0
100.0	135.0	103.0	99.0	108.0	103.0	104.0	99.0
101.0	135.0	103.0	100.0	108.0	103.0	104.0	100.0
102.0	135.0	103.0	101.0	108.0	103.0	104.0	101.0
103.0	135.0	104.0	102.0	108.0	104.0	104.0	102.0
104.0	135.0	105.0	103.0	108.0	105.0	105.0	104.0
105.0	135.0	106.0	105.0	108.0	106.0	105.0	104.0
106.0	135.0	107.0	106.0	109.0	107.0	105.0	104.0
107.0	135.0	108.0	107.0	110.0	108.0	107.0	108.0
108.0	135.0	109.0	108.0	110.0	110.0	108.0	109.0
109.0	135.0	110.0	109.0	111.0	111.0	109.0	110.0
110.0	135.0	111.0	110.0	112.0	112.0	110.0	111.0
111.0	135.0	112.0	111.0	113.0	113.0	111.0	112.0
112.0	135.0	113.0	112.0	114.0	114.0	112.0	113.0
113.0	135.0	114.0	113.0	115.0	115.0	113.0	115.0
114.0	135.0	114.0	113.0	115.0	115.0	113.0	115.0
115.0	135.0	115.0	113.0	116.0	116.0	114.0	115.0
116.0	135.0	116.0	115.0	117.0	117.0	115.0	117.0
117.0	135.0	117.0	116.0	118.0	118.0	116.0	118.0
118.0	146.0	120.0	118.0	121.0	119.0	118.0	119.0
119.0	146.0	121.0	119.0	122.0	121.0	119.0	121.0
120.0	146.0	122.0	120.0	123.0	122.0	120.0	122.0
121.0	146.0	123.0	122.0	124.0	123.0	121.0	123.0
122.0	146.0	124.0	123.0	125.0	124.0	122.0	123.0
123.0	146.0	125.0	123.0	126.0	125.0	123.0	123.0
124.0	146.0	125.0	124.0	126.0	126.0	124.0	124.0
125.0	146.0	125.0	125.0	127.0	126.0	125.0	125.0
126.0	146.0	126.0	126.0	128.0	126.0	126.0	126.0
127.0	146.0	128.0	128.0	130.0	129.0	128.0	128.0
128.0	146.0	129.0	130.0	132.0	130.0	129.0	129.0
129.0	146.0	129.0	132.0	132.0	131.0	131.0	131.0
130.0	147.0	129.0	133.0	133.0	132.0	132.0	132.0
131.0	147.0	131.0	134.0	134.0	133.0	134.0	133.0
132.0	147.0	132.0	135.0	135.0	133.0	135.0	134.0
133.0	147.0	133.0	136.0	136.0	134.0	135.0	135.0
134.0	147.0	134.0	137.0	137.0	135.0	136.0	135.0
135.0	148.0	135.0	139.0	138.0	137.0	137.0	136.0
136.0	149.0	136.0	143.0	139.0	137.0	138.0	137.0
137.0	149.0	138.0	144.0	140.0	138.0	139.0	138.0
138.0	149.0	139.0	144.0	141.0	139.0	140.0	139.0
139.0	149.0	140.0	144.0	141.0	139.0	140.0	140.0
140.0	149.0	141.0	144.0	142.0	140.0	140.0	140.0
141.0	149.0	144.0	145.0	143.0	140.0	141.0	140.0
142.0	149.0	144.0	145.0	144.0	140.0	142.0	141.0
143.0	149.0	145.0	145.0	145.0	144.0	143.0	142.0
144.0	149.0	146.0	145.0	146.0	145.0	144.0	143.0
145.0	149.0	147.0	147.0	148.0	146.0	145.0	146.0
146.0	150.0	148.0	148.0	149.0	147.0	147.0	147.0
147.0	151.0	148.0	149.0	150.0	148.0	148.0	148.0
148.0	151.0	149.0	149.0	151.0	148.0	149.0	149.0
149.0	151.0	150.0	150.0	151.0	149.0	150.0	150.0
150.0	151.0	151.0	151.0	151.0	150.0	151.0	151.0
151.0	151.0	152.0	152.0	152.0	151.0	151.0	152.0
152.0	151.0	154.0	153.0	153.0	151.0	151.0	153.0
153.0	151.0	155.0	153.0	155.0	151.0	151.0	153.0
154.0	151.0	155.0	154.0	157.0	154.0	151.0	153.0
155.0	151.0	156.0	158.0	159.0	157.0	155.0	153.0
156.0	152.0	157.0	159.0	165.0	163.0	156.0	153.0
157.0	153.0	159.0	160.0	166.0	164.0	157.0	159.0
158.0	154.0	159.0	161.0	167.0	165.0	158.0	159.0
159.0	155.0	160.0	162.0	168.0	166.0	159.0	159.0
160.0	156.0	160.0	163.0	169.0	167.0	159.0	159.0
161.0	157.0	161.0	163.0	170.0	168.0	159.0	160.0
162.0	158.0	161.0	164.0	171.0	170.0	172.0	161.0
163.0	159.0	161.0	164.0	171.0	170.0	175.0	161.0
164.0	164.0	164.0	165.0	172.0	170.0	176.0	163.0
165.0	165.0	167.0	166.0	172.0	171.0	177.0	165.0
166.0	166.0	177.0	166.0	172.0	171.0	177.0	166.0
167.0	167.0	178.0	167.0	173.0	172.0	178.0	167.0
168.0	168.0	179.0	168.0	174.0	172.0	178.0	168.0
169.0	169.0	179.0	169.0	175.0	172.0	178.0	169.0
170.0	170.0	179.0	170.0	176.0	172.0	178.0	170.0
171.0	171.0	179.0	171.0	176.0	173.0	178.0	171.0
172.0	172.0	179.0	172.0	176.0	173.0	178.0	172.0
173.0	173.0	179.0	173.0	176.0	173.0	178.0	173.0
174.0	174.0	179.0	174.0	176.0	174.0	179.0	174.0
175.0	175.0	179.0	175.0	176.0	175.0	179.0	175.0
176.0	176.0	179.0	176.0	176.0	176.0	179.0	176.0
177.0	177.0	179.0	177.0	177.0	177.0	179.0	177.0
178.0	178.0	179.0	178.0	178.0	178.0	179.0	178.0
179.0	179.0	179.0	179.0	179.0	179.0	179.0	179.0
