0	1	2	3	4	5	6	7	8	9	10	11	12	13
5.998449650129733	6.261206662026687	8.747695497384683	3.511960814771738	4.552186079601376	5.070772910904702	4.210411103516114	4.373094271314314	3.5977334195150226	0.6425937579504127	5.579131611541536	3.1001064003387713	1.9194738013755903	2.7745379748395327
6.074964158311653	6.098167916191653	8.696642374408338	3.4764897000949895	4.900081559292417	4.9588545706453315	3.9239676196108038	4.4095792076335965	3.631607533389948	0.48911998888537517	5.518523527414203	3.2764761776711344	2.0420417246505407	2.621475240513405
6.023132966582474	6.037223900691201	8.631751129642202	3.428605737631489	5.163040191606195	4.91097060818175	3.795841910045672	4.44824632578845	3.5923450202195486	0.3734249839340028	5.56004588463989	3.306220500967569	2.0301384408517893	2.5264374557626033
5.896343786808093	5.996140721806155	8.415994808519326	3.4764897000949895	5.207078949127433	4.920717229111537	3.8932582037645127	4.446477017693304	3.5467050849547257	0.3748917073659125	5.565347942825994	3.1691066643928827	2.1658526820084893	2.5117023988012805
5.8377132043669935	5.946605120674517	8.261418132617221	3.5229001924243484	4.469825155141386	4.935422212344814	4.7253712222337905	4.487865270362699	3.50138146160307	0.3779812992251148	5.565347942825994	3.1412890395723827	2.257391637998519	2.4808894411808913
5.87888386252548	5.905434462516073	8.261418132617221	3.5229001924243484	4.383555884321608	4.935422212344814	4.947984074405493	4.448066134670037	3.3650378802512053	0.4177804349197666	5.58029349424715	3.1611042514718726	2.339199002814977	2.555733502043649
5.87888386252548	5.905434462516073	8.261418132617221	3.5229001924243484	4.383555884321608	4.97858336725058	4.993556406642269	4.404904979764173	3.3194655480144877	0.4177804349197666	5.58029349424715	3.2116779942287597	2.4315600277015528	2.473422464630597
5.87888386252548	5.863929584816356	8.225983447486657	3.5168299998552044	4.469089866023878	5.014018052381113	5.040859095951192	4.404904979764173	3.228133754702784	0.4562225646968667	5.58029349424715	3.1611042514718726	2.4315600277015528	2.4923112214585985
5.8653437215986255	5.864176088030714	8.206619617205098	3.5229001924243484	4.470687861491154	4.97858336725058	5.043515823810268	4.404904979764173	3.1823741536768786	0.4562225646968667	5.641571001908581	3.126064714730963	2.4217162591994517	2.519760501282368
5.810601431184432	5.864176088030714	8.187371473312913	3.4874060459021736	4.426657346787578	4.943089220728604	5.1333685022090565	4.404904979764173	3.0886138184211376	0.4562225646968667	5.744140679812168	3.0713224243166737	2.3656172012123586	2.519760501282368
5.912944996876011	5.712225040164528	8.187371473312913	3.43779856372764	4.432167968373928	4.8999280658227375	5.223350158817543	4.448066134670037	2.9948520779858105	0.4194121086899264	5.744399946753045	3.0405619520186016	2.356205545484409	2.5188667835482397
5.912944996876011	5.753788997955271	8.187371473312913	3.4793625215183	4.3464407063996156	4.861912681049457	5.228361291654349	4.486081519443402	2.9495120322985335	0.4194121086899264	5.791216954661424	3.009855645836729	2.407371998217874	2.5179709666894814
5.886656534565982	5.811591507555941	8.245277649495058	3.452970392626953	4.380273037594234	4.694690651799384	5.099656665872048	4.486081519443402	2.6653110389333055	0.4194121086899264	5.81093226950938	3.1019576455183953	2.35580824873145	2.504695480944046
5.8930615353450975	5.792346411469644	8.238641909132243	3.446766037682446	4.425874566821968	4.689906729506643	5.058342186340964	4.44292764473675	2.5244204892684317	0.4194121086899264	5.749953731368324	3.1169508231028327	2.4026279757185556	2.5439935957617537
5.899434249978592	5.780957534578138	8.267747685146386	3.412644099410296	4.419741955514705	4.644306356688281	4.975778901655564	4.404904979764173	2.2435248629703612	0.4579058446322272	5.791838091974815	3.081726286825572	2.346757026765994	2.4930553028168303
5.886688813769606	5.7810599301434715	8.249091421903225	3.4186573220098238	4.377924021528336	4.608501645301575	4.929748256928147	4.366232993164828	2.1956277777087596	0.4580840952908895	5.750122553553867	3.077268600066088	2.397866974305746	2.4114580307070237
5.982954071304902	5.7392556472378935	8.33941700381161	3.3827927147314028	4.377924021528336	4.572637038023084	4.844502694822931	4.366232993164828	2.140435932144793	0.4580840952908895	5.811123592023345	3.112517799389135	2.2950616529310337	2.4306698060142176
6.043823806732853	5.720276131124619	8.33941700381161	3.4246829340457783	4.336033802213791	4.572637038023084	4.844502694822931	4.366232993164828	2.140435932144793	0.4597200637433805	5.750253856595583	3.112517799389135	2.342055922597321	2.4306698060142176
6.056129722757844	5.720311465669985	8.345720232467627	3.4307209559604965	4.294071154883565	4.536712412607429	4.798588128293474	4.366232993164828	2.1863504986740048	0.4597200637433805	5.763917185382494	3.144641101108888	2.3374984289817315	2.4005190917736794
6.068468371043063	5.720330206606804	8.352027169491944	3.436771408157967	4.208000761082799	4.538807601910303	4.796771711865588	4.2894273230246025	2.185510519204607	0.5369912592839566	5.721900708102771	3.145916705259274	2.3414399374252897	2.369565658628786
6.021200715175569	5.720332257587483	8.334804077265257	3.4067288954978516	4.165892828927411	4.5047944986286685	4.750983023506949	4.251289981490808	2.184667993226669	0.5369912592839566	5.735293954817278	3.118612822694662	2.336800037554772	2.339141571596701
6.075776633224103	5.628458700572616	8.293046291982439	3.4111890418143416	4.172616725086661	4.554842090851884	4.660262799716558	4.252897314637	2.2389563458836848	0.5357842373123151	5.753495177848799	3.0887078059408513	2.3319146896514873	2.370838829326094
6.0767442128214375	5.609751488406605	8.221176951149085	3.46531875007909	4.130374685060821	4.6049821609791115	4.660262799716558	4.214644912748677	2.2856015086029755	0.5357842373123151	5.739911817555332	3.0095952499033856	2.284548797753173	2.4535197285075023
6.204989775875724	5.498766955744892	8.233531530061603	3.4702252015589226	4.13996957391499	4.565890539166829	4.527594965543681	4.181170444562694	2.3312019124437406	0.5357842373123151	5.654271607061323	2.949383738817747	2.330163018049978	2.4535197285075023
6.2905082558034	5.548087502710969	8.269906164051404	3.5686895944628643	4.005130547021251	4.529515905177028	4.397165897485998	4.221026477039917	2.4616309805011403	0.4959282048341418	5.7192670878554495	2.949383738817747	2.2773928478984113	2.4535197285075023
6.450309898137533	5.400777143916125	8.276149707369058	3.5749373346845816	3.962446946961523	4.531498942306073	4.3911691816457585	4.18260758007299	2.4676276963415185	0.5345730547623159	5.7280762042280315	2.9191914222974478	2.07858977267135	2.438508575618075
6.463263196478228	5.40033132328924	8.24589948448894	3.617695035278518	3.9633236739155113	4.531498942306073	4.211670606788135	4.18260758007299	2.5663447211218293	0.5345730547623159	5.684872683007207	2.8697558860852816	2.176344671407442	2.4107776176982156
6.487948981573131	5.350592155012517	8.270585269583812	3.567955867001783	4.013062842192176	4.531498942306073	4.211670606788135	4.18260758007299	2.5663447211218293	0.5732676806414545	5.732924072279006	2.8944416711800622	2.1282932821356426	2.4107776176982156
6.601117255451253	5.201470244609363	8.21031214667259	3.5922753533880045	3.9268751025155635	4.426834105819016	4.212142325632616	4.225875882114074	2.5663447211218293	0.5732676806414545	5.594467197640522	2.7847309295821447	2.0319122255389295	2.3836932489562517
6.614251672074995	5.243786324011938	8.338259494914588	3.5197785011721843	3.9284651020254335	4.306792795372407	4.124537785875921	4.187405800098187	2.5663447211218293	0.5732676806414545	5.550768736796309	2.7854207811719247	2.0792895803621523	2.3843346424854124
6.579081393277799	5.242423555942741	8.289210365329634	3.532294583890938	3.974065681202943	4.310109493612455	3.9926229745918547	4.150200931396275	2.575870607597809	0.5333577017150924	5.5598451671012	2.7566665120143257	2.0299969780153	2.354189553957146
6.5612799716937875	5.198444520693431	8.264422460280423	3.495302032106769	4.106524396234752	4.350465349528644	3.8601642595600554	4.0728525236959925	2.6226649706033123	0.6089481271498318	5.564382989396627	2.726361257903428	1.9310034075352818	2.3547672021634054
6.64869624347399	5.092278127724214	8.191058364390402	3.549916006807737	4.063254528593899	4.361809456588947	3.8093048420678683	4.11281651986546	2.6267300250898415	0.5689841309800621	5.463557282804004	2.6767728207701156	1.9299322853833418	2.4065996820648765
6.586435473077317	5.042387303539137	8.117419579737712	3.51140319687872	4.068969741244865	4.368582469626628	3.853480453602175	4.117421521083886	2.6267300250898415	0.5689841309800621	5.463557282804004	2.6777983476848397	1.9299322853833418	2.4077892575760806
6.5995074296251905	5.02825204167121	8.18655387234227	3.441205598954202	4.127505062049904	4.263608875812327	3.764787367305107	4.12203975148156	2.6267300250898415	0.5689841309800621	5.419264255444222	2.710088279793825	1.9299322853833418	2.4413912033449585
6.5995074296251905	5.021631295978051	8.212675436403847	3.40846328919949	4.268025927567967	4.271774701135167	3.675980307709532	4.08775236209729	2.6752865104545194	0.5689841309800621	5.467968707434807	2.7419283712761575	1.9288511801821606	2.39473831634443
6.538659204799476	5.067751944577543	8.165831500196191	3.440579649180831	4.177708370258309	4.1128953467944465	3.58176837615211	4.0497549736070955	2.637720870349426	0.4902240854872092	5.391756931387134	2.714957821759354	1.782172417827956	2.46551211090689
6.568110053765772	5.138698827033581	8.209721138538624	3.4970877422608697	4.1796478640742984	4.080688325656584	3.4928046809205218	4.006237431889653	2.639489404976268	0.4902240854872092	5.37955322149603	2.7478885459983036	1.7807977723575956	2.4669086522859653
6.517126379063018	5.143970427585658	8.151801190275581	3.50929561637312	4.12864817920341	4.042729217668197	3.5328932837858003	4.046309674854677	2.647271480638011	0.4501518425209546	5.383834812515227	2.7822365784031575	1.7316207997897186	2.5364921812261803
6.485041387589446	5.188212456371395	8.157740033618134	3.5155138103425885	4.173503994217457	4.004705382852036	3.5282420894181006	4.1251499095353745	2.609923848882417	0.37131160784205003	5.433106896948437	2.731564400218438	1.6823487153563366	2.555079367937329
6.438439857598205	5.12629030448809	8.004896825154438	3.559833336931712	4.174252294002847	4.048163610541544	3.528488833220165	4.08169168184594	2.611769393424499	0.37131160784205003	5.326865218476138	2.8605760350434473	1.7328401111810878	2.5427627402669146
6.418744945444306	5.081172427220789	7.940084035733297	3.559833336931712	4.219389489919851	4.087273026016251	3.5287281684031173	4.042582266371244	2.5663928623246526	0.37131160784205003	5.337064438163975	2.913646875501012	1.7279303142518294	2.4588250579943765
6.431457413722091	5.080355187052818	7.983824467631118	3.5279881331438725	4.176105973369995	4.050199403829083	3.527614509930612	4.0822497128157025	2.5663928623246526	0.2924754047720811	5.291850022973697	2.9812886081103014	1.7279303142518294	2.4470615931183968
6.435310031863617	5.079518954502614	7.969946853698645	3.5448821326674143	4.267674776523728	4.06184662535068	3.4370092946912565	4.043021516577186	2.5209543001696546	0.2924754047720811	5.246538816182922	2.955284733934377	1.7279303142518294	2.4658180903366467
6.369801945384038	5.079518954502614	7.904438767219102	3.5448821326674143	4.267674776523728	4.101134359748239	3.4370092946912565	4.003733782179644	2.5209543001696546	0.2924754047720811	5.246538816182922	2.9570282199894726	1.7279303142518294	2.4534360828289508
6.44363145097761	4.9728383372117175	7.87158765552172	3.5448821326674143	4.267674776523728	4.096992843291204	3.4370092946912565	4.0481061738763975	2.568175566864991	0.2522445295315343	5.1950801237662185	3.0594107968086677	1.7255456908311102	2.4908916807697565
6.596032141132627	4.8204376470567505	7.909920982464214	3.506548805725028	4.267674776523728	4.05865951634878	3.4370092946912565	4.0481061738763975	2.568175566864991	0.2522445295315343	5.042679433611135	3.093372242824557	1.7255456908311102	2.574660066848089
6.698398347402015	4.819231493239351	8.043391647769763	3.474238192871595	4.359795667013257	4.060658271901686	3.261177944621341	3.9692438810718755	2.607333102047395	0.2522445295315343	4.996920355395821	3.1321184631340815	1.7255456908311102	2.5791045259797873
6.768085643767331	4.773374534858922	8.067221985754756	3.474238192871595	4.359795667013257	4.14368578822351	3.261177944621341	3.9248173627862637	2.607333102047395	0.21364353149987197	4.951063397015459	3.155948801119029	1.7756973516307513	2.6839468045960237
6.748161765639226	4.732994044805559	8.001343013629588	3.4798127968150774	4.398301274543667	4.14368578822351	3.2170977331471984	3.9248173627862637	2.607333102047395	0.21364353149987197	4.960235198884246	3.0900698289938155	1.7205704557646884	2.6839468045960237
6.802335786751835	4.624072337026195	7.902033189719849	3.5243749340582866	4.39943503594538	4.14368578822351	3.171401834502541	3.9248173627862637	2.5601118353520778	0.21364353149987197	4.806751353861847	3.0931190627926903	1.7205704557646884	2.651778071208777
6.815380036332563	4.577793088078555	7.868798190352796	3.5243749340582866	4.445201240262221	4.14368578822351	3.080187793203921	3.9248173627862637	2.60555967233402	0.21364353149987197	4.7604721049141725	3.0598840634257205	1.6729241856457953	2.616653279512814
6.761655731555983	4.531414775791622	7.845822515254297	3.447247992093172	4.446965598810373	4.1061457522126785	3.039194482548415	3.885230456831881	2.6447886244414067	0.21364353149987197	4.7140937926272075	3.0626993601442236	1.625361176954993	2.6192880137731596
6.745209270201023	4.468314301408716	7.848060384353263	3.3654631872564393	4.40409537485325	3.9797208143520164	2.9920297853008	3.885230456831881	2.605854638503306	0.2523854928022044	4.661385195362669	2.9729431295560316	1.5228492668740907	2.620160488723187
6.7581423622784556	4.556099322019619	7.8819404948751	3.432301189423114	4.31939369662289	3.9479999773271603	2.90304135521663	3.849399415411841	2.6451548662060183	0.2523854928022044	4.559748325219691	3.095090664893317	1.57788127701617	2.570610160508921
6.74775806622196	4.504167141006416	7.824851604817011	3.4270736024113626	4.324621283634704	3.9479999773271603	2.90304135521663	3.849399415411841	2.6451548662060183	0.2523854928022044	4.513043731218096	3.0380017748351413	1.57788127701617	2.486609170309888
6.726943262917254	4.457362554783297	7.757232215289272	3.4270736024113626	4.188078895975079	3.9479999773271603	3.0395837428762453	3.88968225485428	2.598041240944236	0.21210265336045453	4.521271155137166	3.0398634255603385	1.5729047509242833	2.417128130057229
6.80120959067678	4.349185285402296	7.674174061132556	3.476220814946619	4.142087179602398	3.9971471898624946	3.0402339418751323	3.88968225485428	2.6433827583179257	0.21210265336045453	4.4130938857560835	2.9537494053495754	1.5729047509242833	2.4693312086465817
6.746101949228629	4.296907980429079	7.600814670514081	3.442195259143512	4.147332168266819	3.9645395171740674	3.0402339418751323	3.8935093604040123	2.6433827583179257	0.21210265336045453	4.3660615694471945	2.9212911990308417	1.5255032929978634	2.43511327442567
6.724800547002979	4.199427089480126	7.571478336866278	3.3527492996166606	4.1073329879495715	3.9254414698567324	3.1305810344019624	3.8935093604040123	2.6433827583179257	0.21210265336045453	4.318928590707883	2.800537214744166	1.5255032929978634	2.4388355314051253
6.764577349370867	4.141289269384706	7.50276940692921	3.4030972118262195	4.101411658767904	3.9254414698567324	3.086154451374328	3.932053766364914	2.6433827583179257	0.17355824739997044	4.210442858402944	2.8017118682735362	1.5255032929978634	2.4044567161156074
6.730119473655874	4.141289269384706	7.468311531214227	3.4030972118262195	4.101411658767904	3.9652586110479553	3.086154451374328	3.892236625173745	2.6433827583179257	0.17355824739997044	4.259852534219338	2.767253992558538	1.5260619122505035	2.4400218258478974
6.822036249113848	4.141289269384706	7.560228306672201	3.4030972118262195	4.193323884639568	3.9652586110479553	2.9942422255024983	3.892236625173745	2.6433827583179257	0.21235003562306415	4.259852534219338	2.806734132705378	1.5260619122505035	2.528084038929916
6.822036249113848	4.186383470450917	7.599393688518555	3.409026031046046	4.194292713167243	3.9260932292014874	2.9935207132821517	3.892236625173745	2.598041240944236	0.21235003562306415	4.259852534219338	2.8768206781921832	1.5260619122505035	2.5294305602478713
6.822036249113848	4.186383470450917	7.599393688518555	3.409026031046046	4.28477207123266	3.969687954761518	2.90304135521663	3.8486418996137277	2.598041240944236	0.21235003562306415	4.259852534219338	2.8768206781921832	1.5260619122505035	2.5294305602478713
6.93057459510879	4.128122529975359	7.648670485675485	3.4100266394085987	4.278768168481258	3.920411157604642	2.858767852448711	3.8486418996137277	2.598041240944236	0.21235003562306415	4.151314188224158	2.9293104911128984	1.5260619122505035	2.4411938530576194
6.89615367806916	4.173304507433435	7.564972771479019	3.5044854140235073	4.279786177950429	4.009571191140614	2.8125678655211743	3.8087586632344577	2.598041240944236	0.2511917113241039	4.151314188224158	2.842399761152621	1.5260619122505035	2.5294305602478713
6.9436424831984604	4.125815702304207	7.564972771479019	3.5044854140235073	4.279786177950429	4.009571191140614	2.8125678655211743	3.8087586632344577	2.598041240944236	0.2511917113241039	4.153330000762278	2.842399761152621	1.4765572945832406	2.4806766787980834
6.909152372900107	4.075529793227672	7.530482661180569	3.4541995049470415	4.330072087027077	3.9659710501817163	2.8125678655211743	3.852358804193512	2.598041240944236	0.2511917113241039	4.153330000762278	2.8079096508542967	1.5264430436644045	2.4449489630900194
6.817023137435077	4.120782692872968	7.389009156667148	3.5487966736409073	4.284819187381784	4.015315319230298	2.8125678655211743	3.852358804193512	2.550988776889967	0.2511917113241039	4.208287259654673	2.7157804153892857	1.4241581703371606	2.4806766787980834
6.795211726975207	4.1185248877423595	7.31960746263547	3.5941291520819867	4.19521625301727	3.9716543984009016	2.8568383214446746	3.8557392740217837	2.550988776889967	0.29147216232606343	4.160696976082903	2.6463787213576704	1.4241581703371606	2.4449489630900194
6.667883233993062	4.1185248877423595	7.192278969653377	3.5941291520819867	4.19521625301727	3.9716543984009016	2.8568383214446746	3.8557392740217837	2.550988776889967	0.2526304866257403	4.160696976082903	2.554189973238254	1.4241581703371606	2.3967221601813993
6.702795689260717	4.123486711487105	7.148959503415019	3.6773228973328806	4.144051395500459	4.0498863199067765	2.90304135521663	3.8557392740217837	2.6451548662060183	0.29147216232606343	4.111182435237609	2.641618785069758	1.4736727111820296	2.308497394033584
6.702795689260717	4.078225418732339	7.109944504142424	3.671076603850811	4.189312688255246	4.132562240008933	2.90304135521663	3.812078353192355	2.7395658221293617	0.29147216232606343	4.111182435237609	2.606452496563966	1.4736727111820296	2.3436636825394377
6.610306400614157	4.078225418732339	7.017455215495914	3.671076603850811	4.235515722027101	4.132562240008933	2.8568383214446746	3.812078353192355	2.8342220863294263	0.29147216232606343	4.111182435237609	2.566388686223912	1.4264273635101024	2.2912382042327955
6.610306400614157	4.078225418732339	7.017455215495914	3.671076603850811	4.235515722027101	4.132562240008933	2.8568383214446746	3.812078353192355	2.8342220863294263	0.2546314148566254	4.111182435237609	2.566388686223912	1.4264273635101024	2.2912382042327955
6.600491857427803	4.075794689729128	6.959948650551491	3.7163378966054803	4.190254429272481	4.132562240008933	2.8568383214446746	3.812078353192355	2.8342220863294263	0.2546314148566254	4.06349041347952	2.5088821212795147	1.4264273635101024	2.220003680158141
6.543055548008761	4.126009524243469	6.951809251829736	3.717255820422756	4.095697626969982	4.083265329311706	2.9011802892327445	3.812078353192355	2.8342220863294263	0.2546314148566254	4.06349041347952	2.50380698613708	1.3765504229975518	2.1676425058818034
6.485689480672906	4.126009524243469	6.894443184493763	3.717255820422756	4.095697626969982	4.083265329311706	2.9011802892327445	3.812078353192355	2.7868632632092862	0.2546314148566254	4.06349041347952	2.4464409188011276	1.3765504229975518	2.2163992332019
6.450561800538677	4.126009524243469	6.859315504359613	3.717255820422756	4.095697626969982	4.083265329311706	2.9011802892327445	3.812078353192355	2.7868632632092862	0.29352575294937466	4.06349041347952	2.498855157956638	1.3765504229975518	2.128857313912204
6.498355820774736	4.168992792186698	6.937444401643147	3.7299042113183045	4.05119794574133	4.005136432028124	2.8549026822822685	3.812078353192355	2.7395658221293617	0.29352575294937466	4.06521093408887	2.498855157956638	1.3270358821522485	2.2001305782963647
6.498355820774736	4.168992792186698	6.937444401643147	3.7299042113183045	4.05119794574133	4.005136432028124	2.8549026822822685	3.7718520265515916	2.7395658221293617	0.33375207959012687	4.06521093408887	2.534164567297715	1.3769128226645808	2.200548884663395
6.463157727693138	4.168992792186698	6.9022463085615815	3.7299042113183045	4.05119794574133	3.961475511198762	2.8549026822822685	3.8155129473811282	2.7395658221293617	0.33375207959012687	4.06521093408887	2.534340424521477	1.3769128226645808	2.2009635424105216
6.401877488815543	4.23027303106437	6.9022463085615815	3.7299042113183045	4.05119794574133	4.001408672938379	2.8549026822822685	3.7755797856414506	2.7395658221293617	0.33375207959012687	4.071533914074086	2.534340424521477	1.4318700815572998	2.2009635424105216
6.491474549687129	4.227810402011082	7.029432834743259	3.689852116954983	3.9628108963069453	4.011587560140516	2.9935207132821517	3.7755797856414506	2.692329708166337	0.3705901126695878	4.1193022665861845	2.5497465748636445	1.381993141044822	2.274088768726818
6.549160887781364	4.1774996475668935	7.087119172837545	3.639541362510732	4.013121650751092	4.011587560140516	2.9935207132821517	3.7755797856414506	2.6451548662060183	0.3705901126695878	4.168902025890527	2.607432912957898	1.3323933817408358	2.261004729250409
6.596929240293553	4.175223390801178	7.1656212435825095	3.606531387512266	3.967629555004541	3.973079607933618	2.9935207132821517	3.735585667103294	2.6451548662060183	0.3705901126695878	4.170828774303898	2.607432912957898	1.2327390962703015	2.261004729250409
6.600523141076947	4.159515286455675	7.147287592145392	3.612750835387293	3.9220574204727194	3.933726921276483	2.9541581923976628	3.735585667103294	2.6845173870901	0.4095317448728492	4.1593391781533375	2.5497465748636445	1.180138386492954	2.309919177461666
6.600523141076947	4.159515286455675	7.147287592145392	3.612750835387293	3.9681918695975766	3.9737820972298565	2.9080237432730804	3.695530491149846	2.6845173870901	0.4095317448728492	4.20922556305524	2.5497465748636445	1.1775661417454624	2.274088768726818
6.648419420629199	4.111619006903375	7.147287592145392	3.612750835387293	3.9681918695975766	3.9737820972298565	2.953436504843597	3.695530491149846	2.639104625519544	0.4463169230603412	4.21131161114355	2.60227743876149	1.1749807578909564	2.1857885597483637
6.648419420629199	4.066046872371274	7.147287592145392	3.5671787008552855	4.058108913070031	4.054076024191018	2.9090915959028774	3.6152365641888533	2.554746572033998	0.4463169230603412	4.261390082275375	2.60227743876149	1.2199451953892069	2.2215579048291754
6.700031153107738	3.9568196295253877	7.089672081777987	3.5671787008552855	4.058108913070031	4.054076024191018	2.9090915959028774	3.6152365641888533	2.5076796753598574	0.48530570609786833	4.202337654989649	2.544661928393903	1.217416649947694	2.2215579048291754
6.700031153107738	3.9568196295253877	7.089672081777987	3.5671787008552855	4.102382415837854	4.138007373273263	2.8648180931350473	3.5313052151063955	2.5076796753598574	0.48530570609786833	4.2526090160990995	2.544661928393903	1.2148749731345745	2.257388313564102
6.558534551721515	3.9616382882229297	6.997566519847698	3.5226063200967865	4.00894534543187	4.088616333817268	2.953436504843597	3.5313052151063955	2.5076796753598574	0.48530570609786833	4.3076403408882555	2.509714861166184	1.207656899643734	2.2226833017008647
6.571108595735467	3.9183142346587547	6.96201392698947	3.527408903404659	3.9562957162812684	4.13224734846913	3.001283550686383	3.4876742004545873	2.460674003319177	0.4463169230603412	4.309890390968896	2.474162268307955	1.3012228978504472	2.2097254440452017
6.561613113012332	3.920228128065628	6.9536120360445715	3.5282292050333126	3.994639660912948	4.126493905990275	2.9582713878141407	3.4441044888895602	2.2745485343361964	0.4463169230603412	4.367085643624217	2.4164372233190914	1.243947131822179	2.2586976728107575
6.561613113012332	4.020276962704923	7.04233396809571	3.539556107621587	3.8486071783710534	4.037771973939015	3.0042550357165867	3.4039322171701594	2.227787196696406	0.4497040165914296	4.316603938347479	2.612067122737416	1.390980084454129	2.2804516911788197
6.52595274386859	3.9749045930411246	7.006673598951952	3.4941837379576763	3.8939795480349977	4.037771973939015	3.0435995431516805	3.4039322171701594	2.188442689261283	0.412868769428096	4.367085643624217	2.68441285794889	1.3889008841141441	2.3186136424536925
6.538553196753938	3.9265718434157098	6.970941302211977	3.4941837379576763	3.8939795480349977	4.037771973939015	3.089128153853286	3.4039322171701594	2.096213682588642	0.412868769428096	4.369331438811979	2.6848151938126223	1.4353818782908805	2.2824790098501033
6.502748782458239	3.9265718434157098	6.974671373203331	3.4546492526707255	3.8939795480349977	3.9982374886520105	3.049792820611707	3.4039322171701594	2.0889095044017347	0.412868769428096	4.4158047761452215	2.64901077951692	1.4863084748283961	2.2824790098501033
6.515308259591305	3.973413617001993	6.93879465085054	3.5499272257425676	3.7987015749629647	3.9982374886520105	3.049792820611707	3.4039322171701594	2.042330820215386	0.412868769428096	4.4691917082528345	2.73833907687997	1.5813419868028495	2.193972884719121
6.479359038136653	3.973413617001993	6.991680453049985	3.461092202088428	3.7987015749629647	3.9094024649979566	3.049792820611707	3.4039322171701594	2.042330820215386	0.412868769428096	4.52025017431959	2.7751773835049094	1.579370442539316	2.1087480351980408
6.527898950516755	3.9248737046215294	6.991680453049985	3.461092202088428	3.9348740146848886	3.9529109523019383	2.913620380889723	3.36042372986622	2.042330820215386	0.412868769428096	4.574122002797688	2.7751773835049094	1.624735333262066	2.059485606775626
6.518710551183646	3.876229815780688	6.894230745389886	3.5007096215743636	4.071246764613748	3.9925283717879654	2.7772476309609013	3.36042372986622	2.042330820215386	0.412868769428096	4.576831792470613	2.7173450953308467	1.6228129971683125	2.059485606775626
6.603443661607927	3.8729406413637184	6.969833145901417	3.506551157070249	4.1183814432352825	3.9529109523019383	2.645256045150156	3.3203054436025807	2.08172877242254	0.45298705569103415	4.682738356309646	2.7533300763562587	1.517155356328555	2.059485606775626
6.652296296190869	3.915243692836916	6.969833145901417	3.597706843126391	4.117603874853298	3.9529109523019383	2.554877927476267	3.3203054436025807	2.08172877242254	0.45298705569103415	4.685635846559503	2.7533300763562587	1.5150957383807269	2.059485606775626
6.590870832638799	3.976669156389214	6.969833145901417	3.597706843126391	4.117603874853298	3.9932306547575607	2.6004875463284773	3.2799857411470152	2.0361191535707555	0.45298705569103415	4.798911052750194	2.7533300763562587	1.5130235991943473	2.120656868480513
6.554885851613251	4.022366186624675	6.933848164875919	3.643403873361859	4.027932349971643	3.9932306547575607	2.644462040974558	3.2799857411470152	2.0361191535707555	0.45298705569103415	4.850860615946271	2.7538394920193197	1.4610740359983534	2.12112199624277
6.6038191899150585	4.01920953633417	6.973533679786451	3.6494950464626856	3.9821556619602223	3.953545139846918	2.644462040974558	3.3201040274105362	2.0361191535707555	0.412868769428096	4.801927277644581	2.8475779659006046	1.510938889871007	2.200909023735783
6.6616514780890395	4.065066031995015	7.071119715835969	3.655597794248069	3.936299166299398	3.913791391971475	2.690134462837363	3.3201040274105362	1.9904467317075387	0.412868769428096	4.798815515105513	2.8892104771080183	1.5140506524099342	2.192532537797653
6.649111080654037	4.077606429430079	7.071119715835969	3.655597794248069	3.936299166299398	3.913791391971475	2.690134462837363	3.3201040274105362	2.0370254158939614	0.45186332830011816	4.811355912540659	2.7829919539320866	1.564002910565145	2.298751060973619
6.756135916810889	4.074423025345322	7.168846813201712	3.6617121289544374	3.890362713001826	3.8739692733801685	2.690134462837363	3.3201040274105362	2.0836649273223813	0.45186332830011816	4.706974308203533	2.7509806075981236	1.6192646575199394	2.3388585940056177
6.756135916810889	4.074423025345322	7.168846813201712	3.6617121289544374	3.890362713001826	3.914350220604628	2.76883052023143	3.360121678545966	2.0049688699285544	0.44960451273013025	4.706974308203533	2.7876853248060356	1.5190979251632069	2.339618329025087
6.756135916810889	4.070477877865013	7.168846813201712	3.657766981474107	3.8479042374542125	3.914350220604628	2.8544881425874635	3.360121678545966	2.0497445113556396	0.44960451273013025	4.651611992213045	2.7876853248060356	1.5744602411539401	2.3771480430341985
6.756135916810889	4.070477877865013	7.208737440469594	3.6178763542062162	3.8479042374542125	3.8744595933366415	2.8544881425874635	3.360121678545966	2.0497445113556396	0.44960451273013025	4.651611992213045	2.7876853248060356	1.5241582112076537	2.3771480430341985
6.698230938036402	4.112683812550358	7.141485724680461	3.669429025906365	3.7175278251735313	3.8807263558823615	2.857750925661275	3.4034821040164553	2.1346522058772135	0.40932406172860836	4.651611992213045	2.7665533470587667	1.5241582112076537	2.377970156183964
6.698230938036402	4.158928941068918	7.141485724680461	3.7156741544248177	3.62709029724101	3.921225657764814	2.8563522076083836	3.3629828021339816	2.226990820185678	0.4852927900087194	4.651611992213045	2.7665533470587667	1.5241582112076537	2.415630809171559
6.698230938036402	4.058562669555849	7.172177810443433	3.584615797148835	3.681113693247349	3.890533572001687	2.8571664724135633	3.4033174469082725	2.272519430886886	0.4449581452353905	4.596148936063648	2.733520581000266	1.4799818634030646	2.549940373038392
6.662209025890276	4.058562669555849	7.086682640679927	3.6340890547662146	3.6348423145859203	3.896418506728796	2.8640933436397757	3.446905769798598	2.3118639383222868	0.4841507263871955	4.54058496876431	2.6440032885450946	1.4851580858179256	2.603435753347852
6.634971198327891	4.103683977967748	7.188879272811427	3.549775903484117	3.7293080343196974	3.8972786545286078	2.728150935444083	3.3657310196871855	2.3573391757542597	0.4841507263871955	4.5897048261466775	2.652686123139904	1.3363581736180903	2.365519560497371
6.553302884948025	4.358872986580903	7.403467984160708	3.5087078873682755	3.7797010950373746	3.8192236075604242	2.5074231285477766	3.491598786038643	2.531319485809607	0.48243291633621854	4.7876102754838	2.893352769264013	1.1963907202178559	2.3991226594259896
6.515306456433699	4.550338237822354	7.510555814833036	3.5550888794230846	3.779659585801198	3.8161072066073847	2.3763900709488337	3.456227512210012	2.616013060589601	0.5209205911184805	4.8807840073871285	2.9634543113677907	1.099690898781168	2.4485493471086883
6.3575646566461925	4.704054380610136	7.501201460226057	3.5604175770303406	3.7836852428008068	3.781611611619845	2.4159116319364378	3.538565136586052	2.67004737427842	0.48243291633621854	4.879270006875764	2.926537314885771	0.9162221165368447	2.4854663435907027
6.3575646566461925	4.704054380610136	7.460899427944522	3.600719609311991	3.7836852428008068	3.7812516341261997	2.410269506940869	3.579227146361361	2.6756894992737053	0.48243291633621854	4.827669089419376	2.8896894465157743	0.871144925077017	2.522314211960834
6.309642950082817	4.60858976912222	7.420667241095875	3.4975654781091507	3.7421414686342502	3.7808840403901454	2.59519959915903	3.579494819573301	2.722558814506711	0.5227650237086768	4.619087612077649	2.923291930879576	0.7443352610308074	2.413212369620673
6.200236403156742	4.717996316048249	7.38050475783997	3.5377279613650465	3.6041904201636905	3.780508870186149	2.727525141559002	3.6200324730333335	2.7281843205773106	0.5227650237086768	4.626589635011804	2.923291930879576	0.7512551723930697	2.463378256306904
6.104959310293148	4.766988256031877	7.290730531058941	3.581217035265918	3.5588621223460963	3.833219430886506	2.858490639813833	3.5364242258937453	2.688832273020062	0.5260194699285197	4.569751241245266	3.0503822852972786	0.5698179556719732	2.4741952624790957
5.99586425293042	4.825452514896949	7.250722148468237	3.570594619359044	3.607942584520511	3.79257549410783	2.905063738408962	3.576960480043013	2.6438095107482646	0.5270966947120974	4.572606357163357	3.103808819145505	0.5824182999759339	2.4207687286311104
6.053708350101195	4.9716431998959605	7.370520764077266	3.654830785919904	3.5593647459916387	3.8723843512098877	2.9492142674790296	3.576960480043013	2.6438095107482646	0.48810791167479817	4.413433616726399	3.1562909384048656	0.6044130722087108	2.4419212535089763
6.1240954641146645	4.9716431998959605	7.401107120908548	3.69463154310218	3.5137343140237203	3.9121851083921095	2.9948446994469604	3.498396540376947	2.634180703648619	0.566671851340773	4.313899655104928	3.1900675220683015	0.61162156358899	2.453466566729467
5.983243313875725	5.066373368932989	7.401107120908548	3.6485095619001093	3.5612657646924326	3.9121851083921095	3.0385198182121322	3.498396540376947	2.589096115416667	0.566671851340773	4.158460947573911	3.1900675220683015	0.5873276951981884	2.5526848340128967
5.9592007171264765	5.113122814757839	7.4238139699841765	3.6485095619001093	3.516974252890769	3.9121851083921095	3.127957815698915	3.538460910675175	2.506709121598467	0.5655962640804295	4.107211615850254	3.196062871502555	0.6903215910474576	2.569396333654363
5.889927226377508	5.2533721697413505	7.5073950198528685	3.635904376266007	3.60897431516331	4.035333842080996	3.1731662702184575	3.5332066229927412	2.461500667078856	0.4903144346620537	4.0961216051037335	3.249489837812415	0.7074384830972166	2.715282814880093
5.971269678443508	5.299524303684018	7.555769308777424	3.715024673350058	3.654679727631694	4.1581465356664795	3.1274608577498424	3.4895142264912344	2.461500667078856	0.5684482856598605	4.093888362719993	3.3187645772686682	0.6658905234807525	2.760429902588809
5.98313447914397	5.391532883335751	7.659642689129645	3.715024673350058	3.7004559112582958	4.1581465356664795	3.081684674123502	3.4895142264912344	2.461500667078856	0.5684482856598605	4.137605259860034	3.403423147709573	0.7141822059935082	2.828727189391505
5.937277520763662	5.254360961374899	7.502221350178259	3.6894171319602083	3.70080426016792	4.318949934235761	3.30362110565012	3.4861321668734444	2.4594852751171	0.5684482856598605	3.800477373999024	3.2617943323955942	0.7908327579509435	2.9332861347101438
5.926003496316149	5.209088737030353	7.458403129365755	3.6766891039806406	3.700918440100927	4.397253208816189	3.394538228277093	3.4861321668734444	2.506340457705672	0.5684482856598605	3.8067438656389783	3.2604479353786786	0.7480079108838669	2.883064800552343
5.865721928658317	5.41196006449909	7.5505222518629465	3.727159741294431	3.6050946561020285	4.397253208816189	3.439891374962339	3.526248232093327	2.4594852751171	0.5283322204398011	3.6767748391946475	3.299654886456629	0.8611123145126861	2.6646568234807555
5.912328119714267	5.457397800092971	7.731163390770394	3.638562529036855	3.5598116443779926	4.30865599655867	3.4399746943897203	3.526248232093327	2.5046849674139007	0.5283322204398011	3.628812678181765	3.161815756478444	0.8673125025448177	2.4699946413880594
5.896956044120797	5.563762416923154	7.778962606597268	3.6817558544464855	3.5608430814441956	4.309939800116004	3.4843471441711036	3.5734455755737065	2.5515401500024915	0.5661355351487906	3.5859881706964414	3.368961926698868	0.9316748563135147	2.872715910302873
5.909490622302675	5.563556250949305	7.836615062046337	3.636431811205441	3.516509028525392	4.309939800116004	3.5288674073064232	3.5734455755737065	2.596677983027259	0.5661355351487906	3.5386322855781605	3.426614382147982	0.9377057232132292	2.8229182918923965
5.8857660509807594	5.513102680257783	7.7243254765380245	3.674543254700425	3.2524121880270505	4.23067332051925	3.7533274461958244	3.662713129690805	2.6495419798389	0.6079202049160835	3.354749814869765	3.5262842826979797	0.9566072527669788	2.6266161148982228
5.7831980326249495	5.608577843367894	7.666779050600832	3.724996825391922	3.1127825408351435	4.23067332051925	3.797550841109653	3.662713129690805	2.600816968357387	0.6079202049160835	2.9911707151493028	3.646092756940826	1.1667794055860787	2.5856030053584425
5.7382724725840655	5.608259049924609	7.716293789597123	3.6302377329114597	3.113438748057232	4.181158581522833	3.7972478804383605	3.6241575711535914	2.6457080752908726	0.6464757634551981	3.0011349756144177	3.770865598710528	1.1173061259195771	2.5099477239378283
5.7382724725840655	5.377666485339322	7.599546750824761	3.516392207098657	3.2106821829412238	4.297905620295244	3.9305970101396746	3.5841450521535796	2.6362289987933156	0.6864882824543446	3.0111046604821374	4.00486942641865	0.9051934488234635	2.4597541907704565
5.795818898521288	5.377666485339322	7.695941696734655	3.477543687125927	3.255062782420276	4.219012797268485	3.8862164106608312	3.6241893552076636	2.6362289987933156	0.6864882824543446	2.976364911028428	4.171948287533952	0.9475798014599616	2.436021858310082
6.053296130005597	5.377657301648148	7.920618643561579	3.510334788092244	3.1669667396937835	4.256659769891452	4.019151416609049	3.6641724467725263	2.6362289987933156	0.6864882824543446	3.021194690558923	4.328346695186186	0.8229146998174012	2.397977578779429
6.141183528319939	5.377631465345523	8.01452558609301	3.5042894075723736	3.1234474248218955	4.295374475958275	4.1074308180669075	3.6242137824298957	2.6362289987933156	0.7264469467970067	3.0213391743382383	4.388417032884137	0.7847509819725486	2.385132470534891
6.35864016281835	5.422270437042562	8.237973186991034	3.5429374128699807	3.1675528037939307	4.2901730209596565	4.063325439094871	3.668063242725813	2.6362289987933156	0.7655389672060979	3.1205364661685753	4.430243094748919	0.6889224736395114	2.7636080720342027
6.435714612880108	5.466814380208637	8.359591580218808	3.5429374128699807	3.1675528037939307	4.2901730209596565	4.063325439094871	3.668063242725813	2.496392218651919	0.8046812378123985	3.1650804093346085	4.53310127415953	0.6477231347227402	2.8436961569312564
6.653212850279483	5.276552146989928	8.412178516921745	3.5175864803477146	3.268574487062203	4.415168082110684	4.152565989045639	3.747938146614018	2.496392218651919	0.7647225734697923	3.1551118557058704	4.399608052201129	0.649632967395161	3.0847707088642466
6.75405646417041	5.232070620712979	8.519105541608953	3.467021543274517	3.3127816752751134	4.409629032107321	4.157982653354981	3.7918429499079735	2.4892079473060558	0.7647225734697923	3.199561019792641	3.90552068600588	0.6415487439003865	3.017802707758296
6.829945406898567	5.093060970810416	8.475283612897865	3.4477227648111786	3.540317739169417	4.533845302497298	4.113810873219091	3.831692184812786	2.4892079473060558	0.7255803028627869	3.278655403101802	3.7152159415112798	0.5079119210911036	2.875688501092733
6.705461729894902	5.1099649234507005	8.41180700683588	3.403619646509812	3.5844208574706937	4.4940571265852745	4.113810873219091	3.8714803607247243	2.442777318840952	0.7255803028627869	3.429405180956966	3.7194661725460088	0.45945930469568996	2.8355517065614113
6.693001881601793	5.154194516197195	8.367472190630426	3.4797242071686987	3.628661704615167	4.530434468382604	4.069570026074546	3.9112075795863293	2.4892079473060558	0.7255803028627869	3.5540275058986937	2.8593618267499092	0.5786669881998069	2.1771582659536266
6.6805732643947975	5.19832999501286	8.399179052238924	3.4797242071686987	3.6729717280066945	4.57432128585888	4.0252600026828365	3.828709353759713	2.4892079473060558	0.7641917112134767	3.688734578566051	0.8964962609273474	0.5638994146274008	0.921355196775027
6.5310986607085235	5.259369334098509	8.360073512878667	3.4303944819284182	3.7176974819706063	4.529139044310265	3.9805342487188593	3.8245618700681066	2.5356990564929935	0.7641917112134767	3.7401863299873916	2.716201365275727	0.657532689325529	3.5958613292231894
6.5310986607085235	5.309913940443421	8.409337841197258	3.431674759954923	3.667152875625801	4.523634104761824	3.986073271810714	3.819413889648515	2.5301600334012084	0.6864882824543446	3.876909314422841	2.961819188159922	0.7322075221625265	3.4661343573887877
6.49929034872522	5.309913940443421	8.339541026578804	3.4696632625898998	3.667152875625801	4.605321466632541	3.986073271810714	3.7357563660700457	2.5301600334012084	0.7264469467970067	3.922659191538524	2.8165874692228945	0.8141823586117818	3.235170366334345
6.619533925308931	5.309913940443421	8.42186130539798	3.5075865603545204	3.711532723300556	4.686883168868477	4.031693812049272	3.6921179615987847	2.4401596454882775	0.7264469467970067	4.106541662246916	2.7064822774465016	0.8377417353996621	3.227012243639935
6.587827063700401	5.265877883440416	8.352296216301738	3.5014087308391533	3.755568780303701	4.7683194209065345	4.076786872278539	3.6870994081448427	2.395066585258883	0.6878874757011071	4.1990154246327025	2.7600548453795533	0.7815492483097738	3.273707514835892
6.619533925308931	5.215344019818872	8.346209786340006	3.488668158787937	3.8952091076292157	4.726890080023642	4.032835475537275	3.766322040598034	2.349911518296063	0.7269794961088986	4.4785857675506255	2.6809299181755653	0.6689990816016689	3.227519229169893
6.676286483031303	5.215344019818872	8.40296234406242	3.488668158787937	4.028834858613671	4.687368972816903	3.9444268700257736	3.805843147804808	2.3046943728231084	0.7269794961088986	4.517119358336886	2.7376824758978686	0.6238012265841503	3.207894447281494
6.619533925308931	5.265877883440416	8.346209786340006	3.5392020224094205	4.467578304583601	4.695424719818115	3.5004288560820633	3.797787400803611	2.343201993822395	0.6878874757011071	4.753419462797946	2.7657921767101237	0.6069613807419303	3.123032188746893
6.619533925308931	5.265877883440416	8.346209786340006	3.5392020224094205	4.68938476437301	4.699435159808079	3.278622396292557	3.8337337077494014	2.4269615301114	0.6088888981766438	4.848582070617236	2.8180492099000922	0.6505348963958808	3.0367837752721054
6.525516274085698	5.360400700139412	8.257218258013593	3.6286987162114785	4.684769451214821	4.650304644659784	3.235355828410105	3.832282724554802	2.3828613649215837	0.6471221414207733	5.044004777594911	2.8556414764035205	0.7619402363206366	3.0486749818598815
6.557213013962511	5.398384552664823	8.364600867040481	3.590996699586885	4.602968073461127	4.574618775509643	3.285295021220799	3.87223748452283	2.3767396973387545	0.6071673814537953	5.285867341128999	2.92005725300444	0.7808377535794072	3.083898344274636
6.471295225361412	5.548323071531565	8.377788084905713	3.6418302119872306	4.514194173046033	4.536678387494975	3.2398197837886045	3.87223748452283	2.4222149347708886	0.6071673814537953	5.395686976011247	2.914516369940687	0.7726583320819274	3.050618660678738
6.414969963862797	5.548323071531565	8.397539177216613	3.565753858177681	4.470307510647547	4.417238333987238	3.283706446187095	3.9556096433786556	2.37556977205133	0.48923135343746227	5.444436639011537	2.942838842496761	0.9535452403919558	2.897954816673902
6.4274270325371985	5.548660324456942	8.403965152476612	3.5721222045175676	4.425802929457145	4.379102099136506	3.283706446187095	3.99567187096153	2.37556977205133	0.410280277043895	5.449113825964203	2.9629694877692407	1.0017498457902363	2.7640709711792613
6.415388156232724	5.504398474799395	8.34766442651468	3.5721222045175676	4.38421349887735	4.379102099136506	3.3707711141990493	4.035787936181486	2.33009453461935	0.3292824638471436	5.502826387230662	3.010172446002037	1.2293448671583438	2.6748221919216033
6.347330590057988	5.504625060458579	8.322636079838377	3.5293195706782803	4.340819081781396	4.291716257837859	3.330175268917802	4.037462859576656	2.4161467522566884	0.2888707634226274	5.507600073671208	3.0010245600823473	1.2739801853149946	2.619599191243689
6.468152068751591	5.505029405880874	8.431093032615266	3.5420884420171093	4.436485469017784	4.215082217622774	3.373468437657494	4.037462859576656	2.515996781924779	0.3276075404528764	5.517149362738671	3.084391651126735	1.4587370749859672	2.548399597038182
6.544555165536822	5.555774114475135	8.462853680465487	3.6374755995466144	4.432863415890572	4.171658953982436	3.4194764517018403	4.121112449857742	2.5671113374861845	0.2873812138123515	5.52192487474679	3.083210009912148	1.5521088138537744	2.547605674054853
6.5780886508957535	5.466201618703581	8.494398308281918	3.5498919613174595	4.5266995942579475	4.123422686928447	3.470869492434648	4.1202577487195065	2.479736421662022	0.24888854377603714	5.581184884041229	3.1115981771056473	1.594851735892661	2.46317849644866
6.623019206059342	5.471759070024135	8.532896491158159	3.5618817849252125	4.478003962876748	4.084924504052102	3.515391895565626	4.1202577487195065	2.5285076732674523	0.24888854377603714	5.5860587306828355	3.1115981771056473	1.593154610367004	2.46317849644866
6.684462214867399	5.4103160612160925	8.532896491158159	3.5618817849252125	4.478003962876748	4.084924504052102	3.5617703751674115	4.160535741866972	2.4821291936658385	0.2453072446973788	5.524615721874869	3.1115981771056473	1.6413475756837388	2.4969147084969165
6.758391163654644	5.43172321876114	8.582014572333712	3.608099810082005	4.382667856544312	4.118648497037076	3.6082126267476755	4.077693667706639	2.4833220434412224	0.28409095423060193	5.6006835945725815	3.163023794946936	1.6364453925395888	2.3922785795514336
6.803709434671529	5.4367439848291665	8.63106660674666	3.609386812754058	4.332328819459465	4.109069145286721	3.654718720776494	4.038220985043987	2.4368159494123436	0.28409095423060193	5.605559498444074	3.163023794946936	1.6347885477034008	2.3586908560629216
6.785467273406803	5.436343223458858	8.567408603113433	3.654401893752144	4.287313738461558	4.10515530995774	3.701288727581304	4.042134820372893	2.4009882019401894	0.3229243384057394	5.610435796557613	3.0993657913137658	1.68183070972999	2.3922785795514336
