0	1	2	3	4	5	6	7	8	9	10	11	12	13
7.952107520915447	3.6396025632421822	6.868197438783255	4.723512645374303	5.623265556547746	2.4584136387747453	5.442403936340112	2.6538282038519827	2.137651058584232	0.6227544307488097	2.2386064101110184	4.515925405070258	0.42375323642174034	3.7550124557698488
8.009605071963584	3.636374893119657	6.868197438783255	4.777782526300009	5.568995675621971	2.413896381451286	5.442403936340112	2.6193744247647732	2.137651058584232	0.7017254671594485	2.1811088590628716	4.4256881618162165	0.3744354785822132	3.7045603856238114
8.06722465175327	3.578755313330061	6.868197438783255	4.777782526300009	5.526383918259708	2.413896381451286	5.485015693702424	2.5368906152079838	2.1954957625485583	0.7842092767162199	2.177680514959031	4.326767059066158	0.27100828869012306	3.711486290039015
8.124966532258034	3.521013432825242	6.868197438783255	4.777782526300009	5.526383918259708	2.413896381451286	5.506722992517295	2.454397387182589	2.1737884637337626	0.8667025047409537	2.1199386344542237	4.272752731534589	0.27100828869012306	3.671178605135719
8.122717303141233	3.5175145708840594	6.808083756311115	4.832148117714058	5.472018326845691	2.413896381451286	5.506722992517295	2.494040459847813	2.1737884637337626	0.8270594320759169	2.062074181099218	4.16776347833335	0.27100828869012306	3.716054175864818
8.122717303141233	3.5175145708840594	6.808083756311115	4.832148117714058	5.472018326845691	2.413896381451286	5.506722992517295	2.494040459847813	2.1159437597694577	0.8270594320759169	2.062074181099218	4.16776347833335	0.27100828869012306	3.6702548225078035
8.122717303141233	3.5175145708840594	6.808083756311115	4.832148117714058	5.472018326845691	2.413896381451286	5.506722992517295	2.494040459847813	2.1159437597694577	0.8270594320759169	2.063380019733132	4.16776347833335	0.26970245005438326	3.6702548225078035
8.122717303141233	3.5175145708840594	6.808083756311115	4.832148117714058	5.472018326845691	2.413896381451286	5.506722992517295	2.494040459847813	2.1159437597694577	0.8270594320759169	2.063380019733132	4.113680324094679	0.26970245005438326	3.675824014344334
8.122717303141233	3.5175145708840594	6.808083756311115	4.832148117714058	5.527896944365658	2.413896381451286	5.450844374997318	2.494040459847813	2.1159437597694577	0.8270594320759169	2.063380019733132	4.113680324094679	0.26970245005438326	3.675824014344334
8.122717303141233	3.571976028048974	6.858975810780387	4.835717520409791	5.529397318786175	2.407178349468309	5.394882543411724	2.4498664373621106	2.1159437597694577	0.8270594320759169	2.063380019733132	4.113680324094679	0.2205481686504646	3.675824014344334
8.122717303141233	3.571976028048974	6.858975810780387	4.835717520409791	5.585442443447376	2.407178349468309	5.338837418750636	2.4102233646969786	2.1737884637337626	0.8667025047409537	2.063380019733132	4.113680324094679	0.2205481686504646	3.675824014344334
8.122717303141233	3.571976028048974	6.858975810780387	4.835717520409791	5.585442443447376	2.407178349468309	5.338837418750636	2.4102233646969786	2.1737884637337626	0.8667025047409537	2.063380019733132	4.113680324094679	0.2205481686504646	3.675824014344334
8.180704601638997	3.564405323252606	6.858975810780387	4.886134114111295	5.535025849745885	2.3625918095803047	5.338837418750636	2.4548099045848217	2.206761909056216	0.8667025047409537	2.0053927212352627	4.113680324094679	0.2205481686504646	3.627232504106601
8.180704601638997	3.61895521514607	6.858975810780387	4.940684006004735	5.4804759578524225	2.3625918095803047	5.396347301352813	2.457966854368713	2.1492520264541093	0.8635455549568098	2.0053927212352627	4.113680324094679	0.2205481686504646	3.5785633300141044
8.180704601638997	3.673601086235765	6.9562200739690105	4.898085613905901	5.468372854127033	2.2653475463915917	5.353804533988368	2.457966854368713	2.2071238744239445	0.8635455549568098	2.0053927212352627	4.113680324094679	0.2205481686504646	3.5785633300141044
8.24081828411113	3.673601086235765	7.016333756441125	4.898085613905901	5.468372854127033	2.2653475463915917	5.353804533988368	2.497664684089553	2.2071238744239445	0.823847725235977	1.9510988089553163	4.218653646860456	0.2748420809311657	3.533703689720345
8.24081828411113	3.673601086235765	7.067068538611266	4.8473508317355645	5.468372854127033	2.2146127642215117	5.353804533988368	2.497664684089553	2.2071238744239445	0.823847725235977	1.8980103094266114	4.218653646860456	0.32793058045764856	3.533703689720345
8.24081828411113	3.673601086235765	7.067068538611266	4.8473508317355645	5.468372854127033	2.259199304109403	5.353804533988368	2.4530781442018004	2.2071238744239445	0.823847725235977	1.8980103094266114	4.218653646860456	0.32793058045764856	3.628163126704618
8.283607827302898	3.673601086235765	7.059123299633	4.898085613905901	5.468372854127033	2.3099340862796107	5.353804533988368	2.492716592722254	2.2071238744239445	0.7842092767162199	1.952306485103807	4.261443190052173	0.22603021466364667	3.628163126704618
8.283607827302898	3.673601086235765	7.059123299633	4.898085613905901	5.468372854127033	2.3099340862796107	5.353804533988368	2.492716592722254	2.2071238744239445	0.7842092767162199	1.952306485103807	4.261443190052173	0.22603021466364667	3.628163126704618
8.283607827302898	3.673601086235765	6.961879036444346	4.995329877094479	5.468372854127033	2.407178349468309	5.353804533988368	2.492716592722254	2.2071238744239445	0.7842092767162199	1.952306485103807	4.2072592452713025	0.27518711821845854	3.682347071485712
8.343780165741341	3.6231998614565843	7.022051374882673	4.944928652315303	5.476231311541794	2.407178349468309	5.396347301352813	2.535626033994853	2.2071238744239445	0.7412998354430942	1.8991194460465055	4.267431583709579	0.3283741572735032	3.682347071485712
8.343780165741341	3.6231998614565843	6.9711593204133715	4.995820706784493	5.476231311541794	2.458070403937391	5.453928887278807	2.535626033994853	2.149542288497767	0.7412998354430942	1.8991194460465055	4.267431583709579	0.3283741572735032	3.728215137692476
8.343780165741341	3.6231998614565843	6.9711593204133715	4.995820706784493	5.476231311541794	2.502313177674212	5.453928887278807	2.49138326025769	2.149542288497767	0.7412998354430942	1.8991194460465055	4.267431583709579	0.3283741572735032	3.728215137692476
8.343780165741341	3.5685462075850594	6.929444012149419	4.982882361176918	5.587013461757521	2.5440284859381124	5.397800390934687	2.49138326025769	2.149542288497767	0.7412998354430942	1.8991194460465055	4.366560028938376	0.3283741572735032	3.677687315336202
8.401890581824095	3.5104357915021014	6.929444012149419	4.982882361176918	5.587013461757521	2.5440284859381124	5.397800390934687	2.49138326025769	2.091670440527942	0.7412998354430942	1.8410090299634931	4.420674941083389	0.3283741572735032	3.6695227929481318
8.444559049017533	3.5608447990631595	6.925931906827079	5.079471941253761	5.536604454196574	2.590209058454082	5.397800390934687	2.49138326025769	2.091670440527942	0.7835906948560645	1.8410090299634931	4.463343408276925	0.3283741572735032	3.6695227929481318
8.384418072155764	3.5608447990631595	6.865790929965394	5.079471941253761	5.5928164004252965	2.590209058454082	5.341588444706055	2.49138326025769	2.149542288497767	0.8259376499954707	1.8941960690210797	4.403202431415034	0.27518711821845854	3.6695227929481318
8.442651878411263	3.4480611009141833	6.819692219190495	5.071020760135115	5.647366292318673	2.6363077692289547	5.341588444706055	2.4517495311606496	2.149542288497767	0.9079744952886655	1.835962262765366	4.403202431415034	0.3244258394308148	3.7180498320248354
8.442651878411263	3.4480611009141833	6.819692219190495	5.071020760135115	5.689862079530924	2.5920649954921187	5.299092657493771	2.495992304897617	2.149542288497767	0.9079744952886655	1.835962262765366	4.403202431415034	0.3244258394308148	3.7180498320248354
8.561723432523205	3.328989546802327	6.773675212206107	5.117037767119556	5.647366292318673	2.6823247762132896	5.377212924900741	2.4517495311606496	2.113917808303053	0.9459081941926979	1.7168907086537064	4.403202431415034	0.3244258394308148	3.7664990245778514
8.561723432523205	3.328989546802327	6.824445953772137	5.066267025553379	5.746133765305128	2.676278192206881	5.278445451914274	2.4037496614257257	2.113917808303053	0.94918390636813	1.7168907086537064	4.457232401593872	0.3244258394308148	3.7608405184797014
8.561723432523205	3.328989546802327	6.875135265835933	5.015577713489518	5.746133765305128	2.6699694820970348	5.278445451914274	2.3165189041114562	2.113917808303053	0.9920340617280801	1.7168907086537064	4.556253696687836	0.3244258394308148	3.7078595343984135
8.561723432523205	3.379310315292171	6.875135265835933	5.065898481979167	5.695812996815478	2.6699694820970348	5.278445451914274	2.3165189041114562	2.113917808303053	0.9920340617280801	1.7168907086537064	4.556253696687836	0.3244258394308148	3.7078595343984135
8.501671935414494	3.379310315292171	6.769132169842232	5.111850080864163	5.752168088047222	2.7159210809820804	5.222090360682599	2.3165189041114562	2.113917808303053	0.9920340617280801	1.7168907086537064	4.550077768677654	0.3737465098339296	3.7022815294955933
8.501671935414494	3.379310315292171	6.819732334847789	5.0612499158586814	5.752168088047222	2.6653209159767046	5.222090360682599	2.3165189041114562	2.113917808303053	0.9920340617280801	1.7168907086537064	4.550077768677654	0.3737465098339296	3.7022815294955933
8.501671935414494	3.379310315292171	6.8656917678781415	5.015290482828443	5.752168088047222	2.6193614829462746	5.222090360682599	2.3165189041114562	2.113917808303053	0.9541003628237946	1.7168907086537064	4.550077768677654	0.3737465098339296	3.748403179670334
8.501671935414494	3.379310315292171	6.819732334847789	5.0612499158586814	5.752168088047222	2.7095646465922	5.222090360682599	2.2722751734955065	2.113917808303053	0.9541003628237946	1.7168907086537064	4.595253914435455	0.47263422407266936	3.7032270339122877
8.440957850457474	3.4400244002490177	6.8656917678781415	5.015290482828443	5.752168088047222	2.707917485866095	5.222090360682599	2.185171956794196	2.113917808303053	0.9968913072211232	1.7776047936107162	4.595253914435455	0.6713988244288042	3.747395786405391
8.440957850457474	3.4400244002490177	6.8656917678781415	5.015290482828443	5.752168088047222	2.663536565607494	5.222090360682599	2.2295528770529214	2.113917808303053	0.9544881910262147	1.7776047936107162	4.640515055560027	0.771277810249671	3.7000972614063095
8.380995765193513	3.4400244002490177	6.80572968261418	5.015290482828443	5.752168088047222	2.7968860160885125	5.222090360682599	2.0962034265718446	2.113917808303053	0.9544881910262147	1.8850855495257501	4.625899290232527	0.8645536387127412	3.840931523844387
8.338233916244743	3.4400244002490177	6.762967833665425	5.015290482828443	5.752168088047222	2.8861308443133367	5.222090360682599	2.006958598347053	2.113917808303053	0.9589013819954127	1.8850855495257501	4.628569123742409	0.9654333303579383	3.889063402673756
8.439477170107713	3.4818978386435586	6.856256485574808	5.065118523176577	5.694177774274808	2.924709642991239	5.17972583114604	1.91785299670847	2.113917808303053	0.9164920730744709	1.9356957329396616	4.770712299951026	1.1100117632174553	3.931974662600256
8.43821004185956	3.473326690395654	6.897194228560363	5.014342503694866	5.644143308862033	2.9130034666684645	5.215278778752089	1.828748688136817	2.078364860696898	0.9164920730744709	1.930067236404596	4.8102494980552235	1.2065935449685719	3.9267677476312213
8.496940137375315	3.4691146116346108	6.993548092870496	4.972506656139513	5.589625292107228	2.9506840617567587	5.157768531581132	1.6947142287382881	2.135875107868053	0.9164920730744709	2.037758475856562	4.993634135180787	1.654847020073428	3.885285539147483
8.496940137375315	3.5736503547850154	7.04375822638694	5.026832265773466	5.48508954895687	2.9454751857489767	5.157768531581132	1.649712971229675	2.135875107868053	0.9164920730744709	2.095011296684175	5.085844295963176	1.701844141296586	3.8405361769843522
8.511122202638747	3.516675780493477	7.093361946499967	4.934436036632305	5.48508954895687	2.853078956607902	5.10032961212451	1.649712971229675	2.1105831341356853	0.9164920730744709	2.3770739063977113	5.128103452297038	1.9483752223732074	4.23436384558489
8.570223701234319	3.457574281897794	7.093361946499967	4.934436036632305	5.48508954895687	2.853078956607902	5.10032961212451	1.6069811627886594	2.052883476387239	0.959223881515033	2.377058345192564	5.221158441187324	2.049479124238057	4.189823476355905
8.449420140910979	3.5185639468760432	7.07986769152498	4.888116396262125	5.5837607665722055	2.850025896280882	5.001658394509241	1.5637145827451902	2.052883476387239	0.9972199994669119	2.6641389049473894	5.489813880403326	2.8013181771188473	4.452011356441353
8.328579937483093	3.579679691225265	7.016307365088108	4.89195226362006	5.682383031788392	2.8538617636387564	4.9385889349379815	1.6033075584240613	2.0173306707421927	0.9152800686482027	2.8389332358758126	5.52473737949788	2.861940209464958	4.408234182657254
8.215491072802596	3.580050125549585	6.9370322823668955	4.858508915985305	6.306672096501823	2.805826904542819	4.29019147960465	1.5583089974377067	2.0395486466632446	0.9152800686482027	3.180937688700982	5.885233540880051	3.3037532622182977	4.890548138723616
8.128328875358983	3.5207038775739714	6.740192731287579	4.908840021645419	6.537309966666376	2.90122583657742	4.1169214962367064	1.5132411710632274	1.9821807598664074	0.9152800686482027	3.237189800877109	5.884122625321521	3.3592573912759582	4.949082235773181
7.951949375100624	3.572389693645412	6.662564632463089	4.861774436282884	6.371918151641253	2.8042553953452414	4.232408455392098	1.5132411710632274	1.9821807598664074	0.9152800686482027	3.8351633282396125	5.8942092097434635	3.233866070662694	5.455418553774241
7.742822985655286	3.633771214554859	6.5615410548931905	4.815053145316857	6.3143007235919315	2.8015611052322242	4.290025883441389	1.4692141702100665	1.9821807598664074	0.9152800686482027	3.9618482212653694	5.795650412364112	3.2032790170536005	5.464162742910449
7.698732174266008	3.7384618985139486	6.564253643775976	4.8729404290038625	6.052761925378028	2.7547577049601837	4.411427840688088	1.4692141702100665	2.017626916874686	0.9152800686482027	3.9618482212653694	5.697112485461937	3.2032790170536005	5.6207944924535855
7.519523782856413	4.021938001640929	6.6222195158958845	4.919242268601564	5.713813401786006	2.6098439679697947	4.468820489703453	1.37887387222187	2.017626916874686	0.877277849269004	4.1619731012464865	5.657846456582214	3.9262478045661555	6.143608551498527
7.430036095252207	4.353194899290815	6.7103445450094945	5.072886449533429	5.38023195845895	2.3284906232248765	4.411427840688088	1.4228973055557217	1.984680618551028	0.877277849269004	4.602336071297526	5.288963525237929	4.3930499785024875	5.6525245714751
7.323526321345017	4.524018590634886	6.701156003295704	5.146388908684266	5.211211957763946	2.1447173689327856	4.411427840688088	1.5111530183038133	1.984680618551028	0.877277849269004	4.673239721024305	5.584430179953736	4.4650891858104735	5.858046038866523
7.244784818927099	4.644277539107954	6.830045349021103	5.059017009013947	5.154676265851091	2.0008097773497067	4.375910542883875	1.5111530183038133	2.0201979163555186	0.877277849269004	5.251041725696272	5.767392619351584	4.848067726863697	6.393521885043769
7.185062830049415	4.75050929884881	6.86880512093751	5.066767007960782	5.0484445061100365	1.8561434933969703	4.340321917276636	1.5573375414626143	2.0557865419624908	0.9196309058367017	5.259910855808299	5.860777093812985	4.940446738366385	6.5218785799589405
6.486156123997857	5.072665260200918	6.598286135979005	4.960535248219888	5.055307789842574	1.9002398637961015	4.439690393285052	1.5132411710632274	2.0557865419624908	0.877277849269004	5.424983945128532	6.162440351555512	5.106594754359298	7.3447103572963295
6.304647587756874	5.254173796441903	6.646512683559205	4.912308700639719	4.940721319624185	1.8520133162159935	4.554276863503438	1.5132411710632274	2.0557865419624908	0.877277849269004	5.488573500738579	6.110302044635411	5.063062177345446	7.186167616336557
5.863703054534605	5.378729939926398	6.338433438154143	4.903999556306938	4.997257011537108	1.9002398637961015	4.554276863503438	1.5132411710632274	2.0557865419624908	0.877277849269004	5.4966324981476244	7.793255575996625	6.095417798802648	7.337044547809327
5.712464142653714	5.43775023065113	6.246214816998003	4.903999556306938	4.997257011537108	1.8551720374217235	4.589865489110625	1.5583089974377067	2.0201979163555186	0.877277849269004	5.50045137603415	7.870477784294894	6.3067708446672	7.312518841647864
5.46409072027764	5.500519889784303	6.062724478104772	4.9018861319571885	4.940089833213441	1.8970872298933075	4.647032667434376	1.514280380616522	2.0201979163555186	0.877277849269004	6.007080501988555	8.261148882595633	7.107299782718173	7.813022632852244
5.41744531604562	5.500519889784303	6.016079073872701	4.9018861319571885	4.940089833213441	1.8970872298933075	4.647032667434376	1.514280380616522	2.0201979163555186	0.8349809793998058	6.254171171743766	7.583105796559186	7.4748742687115675	8.2106200594445
5.295671888243704	5.671917123926024	6.1626325574248355	4.804956454744922	4.947633205197447	1.7505337463414876	4.589865489110625	1.4746874049376857	2.0201979163555186	0.8745739550785572	6.320918627788929	7.583105796559186	7.129422965970386	8.946999808698537
5.236926648238325	5.7306623639314065	6.210950423766738	4.756638588403006	4.905520417498537	1.7022158799992597	4.631978276809541	1.4746874049376857	2.0201979163555186	0.8745739550785572	6.260350930396058	7.638999574055152	7.081941695818572	8.77258559509237
5.056830999947356	5.910758012222367	6.307840225555153	4.659748786614744	4.905520417498537	1.6063652877642527	4.689488523980387	1.4736481953844203	1.9626876691844657	0.9168708249473992	6.210105348715604	8.22227802501053	7.531702403972629	7.289291725821399
4.998481470933145	5.912682382047832	6.356412467693671	4.554751385287247	4.961945576687235	1.6029302415425344	4.689488523980387	1.4285109994673963	1.9626876691844657	0.9168708249473992	6.15696626931896	8.343785359281002	7.741521551176786	7.167784391550822
4.744096464228087	6.086962561318206	6.276307640258885	4.554751385287247	5.019223068329898	1.6481369111329773	4.632211032337611	1.3833043298770755	1.9626876691844657	0.9168708249473992	6.099021516061746	7.9123527905601785	7.632123226646296	4.666030230644386
4.581532121096178	6.202512030790376	6.22929276659904	4.554751385287247	5.019223068329898	1.6481369111329773	4.632211032337611	1.3833043298770755	1.9626876691844657	0.9168708249473992	6.158246442277399	7.691232556939603	7.31445974250537	4.1482372167770185
4.012241887604964	6.609111351981741	6.164001788169698	4.457351451417177	5.019223068329898	1.6867748689980837	4.632211032337611	1.2472664381421026	1.929674863440563	0.8788124188568728	5.899106324016109	5.8998351508404365	7.014918025501571	5.315215872201658
3.7467299671172087	6.7228614651332625	6.16630911305948	4.303282319191065	5.075550643884159	1.6345189173920276	4.632211032337611	1.2017808330765198	1.8965953706753307	0.8788124188568728	5.822574748619017	5.9667396998323	6.9858366728788885	5.362371269893659
2.68165906782544	7.111216592120564	5.904189534766971	3.888686125179027	5.293633941163969	1.6664860332902272	4.632211032337611	1.01289379612441	1.8634490107387436	0.8011047593347992	4.956284775180388	8.917097230954035	4.785182536187246	6.989376143921049
2.2231003667281177	7.273171947422375	5.818163353940695	3.6781089602095536	5.405437307171391	1.6595971057034542	4.632211032337611	0.9210089247497453	1.8634490107387436	0.805304672239809	4.873235866931709	9.184970290233235	4.594528227310794	7.054947623033839
2.2433872764899783	7.2092584401077024	5.8302929831208825	3.6223527334767343	5.461193533904339	1.7056455707211333	4.632211032337611	0.8749604597316037	1.8302356029313134	0.805304672239809	4.805607579413609	9.203383926291313	4.848966976470123	7.124757578297895
2.492689053554283	7.325515617716277	5.978607717186626	3.8395969540838744	5.343371079571661	1.6595971057034542	4.532789266063107	0.9210089247497453	1.8302356029313134	0.805304672239809	4.954205469337122	8.547350711815067	6.119988597142215	7.270081327568591
2.354586547901358	7.271928489990337	5.7308823921728465	3.8956326457189556	5.287335387936642	1.6595971057034542	4.532789266063107	0.9210089247497453	1.8634490107387436	0.805304672239809	4.970849078920585	8.371636834877233	6.2638087479702635	7.242313959920438
2.4462204429452363	7.392068163672358	5.780862842977687	4.057425763640159	5.232391843115509	1.709027245846594	4.475369833106304	0.9210089247497453	1.8634490107387436	0.805304672239809	5.061085066741959	5.425170195555171	6.03753427831351	3.765672188753497
2.4019061501255243	7.336971865544076	5.7308823921728465	4.007995623496812	5.232391843115509	1.6595971057034542	4.475369833106304	0.9210089247497453	1.8634490107387436	0.805304672239809	4.946424383599374	5.609124481833955	6.189368888702828	3.0150422675564306
2.679509667422602	7.340231427679228	5.842469849964763	4.17727124513674	5.1206198795922	1.6595971057034542	4.360355927818859	0.8783405928207684	1.9788826902107994	0.8479730041682911	4.783006418660888	5.303772103557759	5.4329517163088275	3.6635816467339444
2.2988311870986857	7.671174573872002	5.941545362123157	4.028460398847668	5.178207832223339	1.6469430874279891	4.302767975187715	0.7421837648066512	1.9788826902107994	0.8479730041682911	4.692472722447193	7.5003411659981545	3.567816106762052	3.7736107804358254
1.1860390755776804	8.207204102222581	5.577373282363364	3.8158698954368244	5.291155878308943	1.6397450483495182	4.2453290557310766	0.6497393465603983	1.9783981773664507	0.8097513282512713	4.846540273956756	7.750343981713558	2.999315431551252	3.7779934062332488
1.295312205155633	8.116054317001895	5.588695273871273	3.8226712482858978	5.342026841482953	1.6397450483495182	4.187656739708235	0.6497393465603983	1.9783981773664507	0.8904004964597623	4.443502671522504	7.0680916557855955	2.5657830616138715	3.351992724255357
1.4619376911063644	8.062287717593746	5.70155416041397	3.8226712482858978	5.399783589292907	1.5934873833622492	4.072532382778472	0.695997011547666	2.0357657864860075	0.8904004964597623	4.0833444498436515	7.183893617090152	2.678233812059874	3.2955801236687163
1.527409370918238	8.008403169460081	5.713141292092426	3.8226712482858978	5.399783589292907	1.6374020808391634	4.072532382778472	0.6520823140702404	2.0357657864860075	0.8904004964597623	3.5324035077021536	6.308391180578126	2.022323251409766	2.3475720800339865
1.5692083867077808	8.017272299572163	5.763809437994058	3.8226712482858978	5.399783589292907	1.6812459864515756	4.072532382778472	0.6082384084589743	2.0357657864860075	0.8904004964597623	3.2872639162582717	6.232589712375677	1.8701083320884466	1.8999210622642408
2.6382971388429683	7.70992878173943	6.12773994455102	4.220485976031508	5.117735923675826	1.7274961745294009	3.95676532065001	0.561988220380599	2.0689121464223916	0.8904004964597623	2.830880896061187	6.213841943256556	0.8756940895138522	0.8883604249460739
2.6881764405010435	7.824478533633032	6.227571504364194	4.285083469769748	5.102952312928361	1.677543916373957	3.8569991795039376	0.522390829082796	2.0689121464223916	0.929997887757128	2.7125271387425087	6.264006083851897	0.8607974038905069	0.6120010014683108
3.8695846265918656	7.218981598274355	6.622731307063371	4.465834917802796	4.922200864895359	1.633703800450689	3.8569991795039376	0.5662309450066864	2.0689121464223916	0.929997887757128	1.5583662403385772	3.70363704817898	0.11473095842518685	2.4161704091552623
3.9630088837564483	7.21916745971254	6.708543672539073	4.473632670929801	4.86436329545866	1.4451143238866015	3.9143667886236244	0.7078013162265553	2.011544537302899	0.9269771767916943	0.790502183747598	2.7904012982341357	0.3012115503494684	2.264321319618785
1.2321148884231787	8.711969996023367	5.794311307188865	4.149773577257481	4.937809911344423	1.2944679872467426	4.014132929769823	0.7078013162265553	1.9783981773664507	0.9312515351736983	0.6889220615919667	1.4597297353023029	1.6103786066301604	0.2757091272044592
0.8534584091618069	8.859612853868084	5.671227176613883	4.041844086416228	4.937421999849566	1.2440763995318966	4.036434628321851	0.7078013162265553	2.014022293436088	0.9737983930430554	0.4181022332827107	1.4796449078749678	1.484579317518548	0.014202624620429413
2.2377498297095455	7.887975014418321	6.0838807577114915	4.041844086416228	4.937421999849566	1.2879275255908404	4.036434628321851	0.6639501901677057	2.014022293436088	0.9737983930430554	1.7451114990163816	0.31274079691741274	1.1495836525078431	2.272342059488939
3.15504439409559	7.496784231610233	6.552446636162521	4.099381989543247	4.895941330393704	1.2879275255908404	3.984681781019144	0.6639501901677057	2.0497179070676235	0.9737983930430554	1.103903419620089	0.12511252145335908	0.0007025421072578645	2.6204451403720426
3.9982161931121034	7.210799401968637	7.002176092425135	4.206839502655681	4.730794549117962	1.242153569395246	4.0426355710054676	0.670277476519703	2.08286426700419	1.0517131992838795	0.4830226770904735	0.544265037173373	0.6755759479537709	3.0940369813488116
0.5362780104012078	8.725906966651868	5.608535579908635	3.653649397144852	5.124406446670429	1.1742082500052307	4.000739014690468	0.5764592233042503	2.1407483339894626	0.9737983930430554	1.8030242917039025	1.0444703074205475	1.0916943904203866	0.6085388119880731
0.13479462959699223	8.967186669025134	5.399848588721228	3.4325434507048804	5.294857385145428	1.1235532420398475	4.000739014690468	0.5764592233042503	2.1407483339894626	0.9737983930430554	1.7248373803038364	0.9744929555029899	1.2260221945606904	1.1089085221303154
1.329715469929166	8.22067058644321	5.916642422337888	3.6337436340343188	5.245357419816198	1.137369821613455	4.036434628321851	0.7143428617295344	2.163003652127607	0.9737983930430554	1.6606225484309518	1.4521718522355107	0.2428614796699108	0.4060815924947162
1.3837182597006799	8.053550264616137	5.86625191582092	3.571016608495802	5.358474951871501	1.1419391046263463	4.036434628321851	0.7601640852340551	2.163003652127607	0.9737983930430554	2.2294925793189124	1.0408105504627179	0.4701286255784207	0.5446611464878659
0.28011694006922916	8.826148050499748	5.3120313727242054	3.2339997377054766	5.5798938273454235	1.0961877071010593	4.094629711192009	0.8059154827585747	2.187339116275759	0.9355379597038008	0.8834860927298831	0.10427564238482541	0.9345586863302242	1.1376568565756222
1.1082096405457926	8.343801738583775	6.017776787294957	3.4342345918344814	5.572258619548873	1.1100836635382423	4.052762270993924	0.9427517324566453	2.187339116275759	0.9355379597038008	0.7212170229606661	0.16819649579352788	0.5438390318466543	0.3216874257569234
0.14765544254659066	8.45420482526483	5.77118905445285	2.8306712133580345	6.010924322524182	0.7435320467631871	4.167967928797262	1.2596113315340303	2.1542046246361677	0.8546617325258081	0.7651205209855476	1.3721226685384915	0.4179082927549161	1.1466388108117505
3.8249589938027446	7.073773932252792	7.134077835385323	3.7646550906702254	5.961409781678905	1.2699966665558946	4.132237030149221	1.6572680847890784	2.189935523283983	0.8915994985919603	2.2581687040287814	1.6269496029914372	0.6424504276450859	0.6790849218439503
1.625718901358844	7.594390003244507	6.875366967137408	2.344741937466187	6.427465787937341	3.1007631645811244	0.03127189769537941	3.3455202475700236	2.301530181794695	1.395788797553066	3.6397609715382195	2.270344932666279	0.38534508990918653	2.383217629508241
4.028706660247101	7.665866673281793	5.000503566975438	1.3633435539404388	2.389909387781969	6.838033799580318	0.01646146581751673	4.892538783539013	1.4039924781955848	1.811653978235507	2.7856336507430863	3.6750491142629738	3.0788213017723614	0.12749531208307963
5.459773012121093	7.757322240058207	4.9158375387368975	2.618288310799979	1.14333913780927	7.12493886048113	1.7381492528183293	4.3140145494196425	0.7049306499087272	1.8638687275658175	3.2450330674719083	3.7534611153241864	3.275414719726011	0.29003132336594106
0.30678004236533285	6.237400435694026	5.461262298286186	1.0829181797724399	5.9899162350022435	1.085770890983251	5.633155293360575	2.480159070055256	1.9266403727650374	0.6585363174924178	2.2585927693498307	4.454688961942511	3.993468491167167	0.09693815999462885
4.990710518111287	4.327089475180438	6.777782829921535	2.5400171633702264	7.535458747987665	1.1984627122925917	4.624361154497018	2.4895746137344457	2.0394521113350312	0.8182980925904355	3.4209049083694243	5.39295444415153	0.6654965488293376	1.6673188608091567
6.892242211826744	3.4989054668112103	6.864161363832423	3.5269863148053493	7.170024255012912	1.5060369443871984	4.910938618961589	2.7937897284918707	1.8430032791269468	0.8924897833971733	5.729467113961826	4.107493523313963	2.140732412864734	1.6534359402443037
7.433462219286267	3.45287791415625	6.903550525253062	3.9827896081894107	6.745204871401202	1.4210430921104094	4.9471911313494035	2.924133889117354	1.9124673817581457	0.884575142817861	5.826680835425456	3.4416693834228083	2.767151520253277	1.7556017160332853
7.725210453785111	3.3911467198175376	6.892113411822056	4.224243761780538	6.72811750892587	1.4815116416255785	4.7537110075719955	3.105117806751766	2.062262594427582	0.9199443794246769	5.803983202876054	4.078865717399997	4.9257117729596285	2.847166662154314
7.78783112060037	3.5469154616619942	6.8969661135908105	4.437780468671474	6.400559926906622	1.3577891859186932	5.000813142813091	3.243155100505984	1.8674217584731494	0.959672069393011	5.661960862496906	3.755780987958062	5.164027004157255	2.900934102992643
7.786308092904568	3.2998211057277294	6.536896239631444	4.5492329590009	5.025083278797874	2.034824846556931	6.475916412561057	2.9851706990041005	2.0753939056404516	1.001806447354871	4.86109446508041	4.627749460185235	0.7402220763667473	5.140421046622316
7.884891076164349	3.2951100247504757	6.484130622141965	4.695870478772616	4.706523037069489	2.215237581246562	6.591951102741715	2.8993275892217065	2.2837189084295773	1.043996904696851	4.611083207812406	4.827339012248904	1.8426454917272197	5.137905686860283
7.670232118153578	3.0321349376527693	5.8548646711725665	4.847502384633691	4.270404323047219	2.94933475434682	7.375455869215732	2.7323921565958735	2.318430976330516	1.1726672044094524	2.9441242802445187	3.8688104169504776	1.2095730909524132	3.817228699047919
7.4234788455110445	3.0179245130978276	5.681081581848421	4.760321776760198	4.393270654834433	3.1143743129592627	7.319559691910279	2.69395757364857	2.6786978567718163	1.2125166177358508	2.6835653590570807	3.468212551218026	1.1288158436049425	3.6749970952913253
7.554178087512676	2.8550217980815655	5.6028634302639	4.8063364553304	4.303191318368246	3.1654778881332586	7.402469296850337	2.778510008294296	2.793661674806849	1.088106120324597	2.6254879475069	3.519743616136421	1.542451674096403	3.5375063461263347
7.626176946845421	2.833311721715096	5.794064412899549	4.6654242556611045	4.037666895197515	3.0886537945480677	7.514985040173632	2.603862152804351	2.7110445725764367	0.9613210498333237	1.5750710364697664	2.79879402133112	1.0338825561673735	2.691618571330817
7.311760716674105	2.940995317144311	5.683182541533859	4.56957349228481	3.875052921249964	3.030324044778911	7.513076122778684	2.5580323419419093	2.800213956316279	0.834701352530899	1.4714709722312915	2.553070606165572	1.2015747452926893	2.2434780995970063
5.1461047110069424	3.1107242695141943	4.386362469659598	3.8704665108616667	4.1218857103927355	3.025905810927729	7.785750651243602	2.425417995697002	2.7757550440360594	0.333507234082409	2.153962076028323	0.6879386411827324	2.255998486545602	0.3087076989708914
4.950272234291687	3.2814182749578524	4.797655209742136	3.4340352995075563	3.970545679015588	3.1542337859667415	8.135895365562627	2.1162080204662583	2.865696074413156	0.12725504783076313	2.2721261308058405	0.7073193685440923	2.291355558383226	0.5805590012168838
4.23228104641455	3.3848678808572448	4.463725503563178	3.1534234237087353	4.298858590850463	2.901020741419562	7.8841802293880265	2.1058175224867295	2.6138742799038286	0.20458105787292602	2.687775260653222	0.6237104656909681	3.4044685070270106	1.6559489294337808
4.261084101895483	3.501981037405166	4.604757290066873	3.15830784923389	4.488036400963953	2.944265300262811	7.644255657849468	2.102369883567213	2.6138742799038286	0.292864407651401	2.4815316242534595	0.8123595169266058	3.7664987153581007	1.3895760934657033
4.044882707710266	3.5747402644535127	4.512530148422699	3.1070928237411066	4.539782986526214	2.9826904423491456	7.650076850995893	2.095875410279879	2.466160496359864	0.3372883825059792	2.78966426411397	0.9832379907159734	3.4622579087641188	2.061701234879021
0.5511868574519564	4.194964926802128	2.7032499499961076	2.042901834257881	5.036701267230087	2.4991434331360076	7.956861107872633	2.0432962689524583	2.064892028838729	0.5037240299612487	4.117562033404081	0.5918135119819716	3.961838508828275	3.646699013632381
1.8687890317881863	4.0329247008169915	3.7162103208438273	2.1855034117610868	5.024326112561663	2.5355050531344454	8.224204248547961	2.2119303107428276	1.7838473928184804	0.675171535279699	4.2487286419461725	1.5195884666668296	4.495774316037096	4.037015117537091
4.058393670573314	3.5615330889632024	5.1136304775481625	2.5062962819881753	5.117314849972681	3.0392649046423457	8.239378640660215	2.209145923330355	1.7832248918350886	0.7644548902965482	5.366802662583888	0.43448768684541167	3.2707719986253694	0.9924664519022769
4.115531265919908	3.4072019803702562	4.87866435068731	2.644068895602674	5.210402095090458	3.2721119713743554	8.254702711736996	2.2908033165466457	1.8402292904835793	0.8909713423775281	5.231871614411246	0.8322446996219899	2.827411910770287	0.2750909860085192
3.2240158820472264	3.682311741895111	4.161739765349212	2.7445878585932837	5.109883132100047	3.2721119713743554	8.138383629657175	2.334418007132877	1.8989150457460204	0.9345860329633396	4.4219030297473285	0.11287962446160708	1.9914191665911491	0.338197084562153
1.6892545807309163	4.286698367795935	3.2313650899338056	2.7445878585932837	5.358586755124227	3.2721119713743554	7.831629591325983	2.3780927521891595	1.9569654610531542	0.9782607780200224	3.9241759273983674	0.38900379882788594	1.6291523724133008	0.5004255066857608
2.4642134363271984	4.374172177782746	3.9113896982919907	2.9269959158175896	4.993743985823384	3.215246816978952	8.046091007452384	2.466984610635005	1.9899236044204125	1.0599249260591785	3.623063124378362	0.8129744592531043	2.0004190554917827	0.1874304108682473
3.110520458724784	4.3113837575638945	4.268479746737748	3.1534244695507265	4.797613939449987	3.4416753707120487	8.184243365824054	2.423309865578782	2.0479012924224036	1.1383391437969321	3.608415337249431	0.9704582961623797	2.6907394383159886	0.5752155712455154
0.5823608919937465	5.902254809800719	2.462243528158293	2.8576503896484122	4.896415206020239	3.3465862127210526	8.286127021165086	2.4626989321137436	1.9903731183398579	1.2993300775348509	2.2577202108416676	1.7836874229244941	0.8126515942531946	0.39034196872250015
0.23868356277151978	5.446224201789236	2.8817663552776422	2.803141409284042	4.875052276492277	3.391721965831605	8.40713468416797	2.4626989321137436	1.932911101267212	1.3397561043376625	2.5543840965006845	1.4111121251873529	0.6129142563132295	0.220431497131927
1.9272990709720312	5.245185102231334	4.194620801019263	2.9778633721839585	5.016884527819484	3.7153690978636686	8.414985018149716	2.4634563482902627	1.932911101267212	1.3015953596084773	2.1807465984778243	1.4660401992327365	2.3919650732619306	4.0775733086479224
3.129083042911955	4.990714177658541	5.063533043405304	3.0562641771653567	4.956685193147127	3.8487772388457895	8.574913165210754	2.508177824678602	1.9658805479702028	1.263488386930329	1.6266469832622288	0.8013952227516443	0.9195005905638935	4.968490300435446
3.177119083927802	4.884560820107101	5.000228031373946	3.0614518726608098	5.086451687966627	3.804361370185545	8.431456376530157	2.5475069366136074	1.929967277675438	1.3005015516737963	2.772322316271013	0.20163382480969808	2.428795551738458	4.068408643231719
2.505747272483455	5.3210961824852765	4.86009723256427	2.966746222404341	5.136663878926148	3.759867910888474	8.373587348915647	2.5475069366136074	1.930478910538904	1.3005015516737963	2.7603117752906545	0.2151705533797469	3.5104566793879473	3.902806811787416
3.1512275194355435	5.166822256492217	5.256769578548117	3.0612801973796366	5.230077576796627	3.8544018858638087	8.280173651045152	2.5475069366136074	1.8731874984707375	1.2623977531148947	1.861241253932669	0.5376121797478272	2.5252235660217965	4.0715715063800895
4.033631293264266	5.116522973734398	6.13917335237703	3.0109809146217645	5.136375747999268	3.8544018858638087	8.366378233997173	2.5475069366136074	1.9309840270739704	1.2623977531148947	1.4309236431788457	0.7317610548607596	2.9978450217916883	5.602873261123799
5.368181929299236	4.900112215588259	7.218964104869628	3.049330040017986	5.042937375939704	3.943137534868599	8.488427169693644	2.5475069366136074	2.010051399114041	1.2623977531148947	0.4711119509277326	2.254946244018457	1.307586272857878	5.369640406294405
5.440223782289872	4.802313410696197	7.160197010934727	3.0823401820513996	4.258127666150241	4.037592170912417	9.329220519632894	2.6356457585143263	2.1036510748752715	1.221924248368529	2.8140126149117406	2.679018443739255	2.6507737049126567	5.015677085493964
4.892830803445754	5.010124174556135	6.826028143721539	3.0769268342803446	4.313541986347188	4.0816026084938235	9.265650838527453	2.6356457585143263	2.276010992215565	1.1813969177748276	2.4660325668794396	2.620980626503633	0.4794282361845448	4.430392003380085
4.728285127463182	5.372888969357803	6.914126065743558	3.1870480310773437	4.165209940333297	3.9935046864717885	9.30932639783993	2.6356457585143263	2.1824483600976747	1.1813969177748276	3.916924215135695	3.5571203463502172	1.534155987699286	4.500083151506543
4.387862609321354	5.537068462422187	6.788446027579313	3.136485044164127	4.3905180751500446	3.9935046864717885	9.1345812499364	2.6356457585143263	2.157928448806574	1.1813969177748276	3.8640258815126702	3.5241090834224513	0.4540111076341251	4.412970600022314
4.638383602807662	5.315040265329515	6.832144706513737	3.1212791616234714	5.055098343514358	4.25231157840208	8.567188223342955	2.4980894829541156	2.157928448806574	1.2611935055087362	5.974817200146544	3.4846350591657016	1.7927077618746043	4.40761838216357
4.781545798916399	5.21359360764156	6.823810141425072	3.1713292651327656	5.055098343514358	4.392008290981005	8.567188223342955	2.4084428738847645	2.157928448806574	1.2611935055087362	6.177418718843438	3.347090844071062	1.712069197986428	4.532631745555159
5.682087419037963	4.735230558594817	7.245803234886621	3.1715147427460777	5.1423427363718845	4.330906460772172	8.365749117982368	2.3196242347646168	2.154854873976652	1.2611935055087362	7.09933971250444	1.8601691497657227	3.2026552669057082	4.403063390110151
6.034371754155514	4.525962771992929	7.482613030641522	3.0777214955069465	5.185194535794162	4.369681104273682	8.322897318560042	2.1870563440238895	2.154854873976652	1.2611935055087362	7.2059202085530805	1.7290716669678776	3.455532430535343	4.237594618538897
5.938806628153929	4.470851405745132	7.419673949596278	2.989984084302664	5.134984613685948	4.186743765641081	8.322897318560042	2.271255851416113	2.154854873976652	1.3408765123272106	7.560033298326252	1.5237542011075498	4.04380093993996	1.9733516866392928
6.187199373844317	4.414585559553706	7.562284073846973	3.0395008595509374	5.229468949992964	4.186743765641081	8.178896207004827	2.271255851416113	2.154854873976652	1.3408765123272106	7.915512423026551	2.518135993497999	4.637223266052815	3.0338985528828815
6.201750959858688	4.510940603412489	7.6176869084257355	3.095004654845271	5.377043043712681	4.1801309376942895	7.881902036636987	2.183952398009049	2.154854873976652	1.3408765123272106	7.862447390237234	2.24872524777475	4.637223266052815	2.3676970899232406
6.288203431957795	4.564005636201768	7.801501977347343	3.0507070908124505	5.326027850687493	4.092215895672445	7.932917229662288	2.2275698759979474	2.154854873976652	1.3385035517843864	7.78967677375154	2.4815226142355766	4.640483083123934	2.2628362828971076
6.328135529230431	4.564005636201768	7.8360864127458845	3.0560547526862942	5.326027850687493	4.053877582128347	7.968756401946784	2.271255851416113	2.1763618017438247	1.3385035517843864	7.981955872376168	2.7888923647541577	4.832762181748637	2.382967447296367
6.447436879461463	4.563657234047238	7.999830552076072	3.0112635614326795	5.3689221398551235	3.965680209614438	7.926210514933512	2.3150104348308305	2.1763618017438247	1.3385035517843864	7.92245612030671	2.117012983720692	5.0356316881365	1.715517849217074
6.434090618100036	4.616606355716346	8.083953478139339	2.9667434956770022	5.419923504986663	3.8773368418529324	7.875209149802008	2.4024831954863837	2.061735231273631	1.4203074610276631	7.975405241975646	1.9526368892712167	5.1649650046675415	1.641084984525807
4.639879780128917	4.881669251694342	6.823904029080605	2.6976450027425884	5.470137368505402	3.615596066355731	7.817735686038746	2.4453393415679416	2.119208695036559	1.4203074610276631	8.164570188068897	2.981470630369379	5.038853191264036	2.617292245571875
1.288745131448797	5.96588905770837	5.403575526974688	1.8510586621822531	5.867825572464025	3.1166600663799833	7.709257003560351	2.4050970601347603	2.2010531153973716	1.3405704558863232	1.7526634846152063	7.790033396470707	2.1262598648532705	2.737488269660977
1.6435080580479453	7.941017540048857	5.058880236562207	1.2386292454381893	6.063986657470683	2.7455289305598565	7.709257003560351	2.359959864217834	2.2010531153973716	1.3381844241749734	2.550605440684972	9.104446799979366	3.1372564993633123	4.581564110930776
4.207453182101401	5.780700426298889	8.087066497160205	1.9010871112402385	5.774216440417608	3.211825711354831	7.745536360613066	2.320696965123349	2.3485666500520654	1.298921525080131	7.996307555378201	1.4245617729333193	4.119487887980594	2.6192552936642914
5.702339512792507	5.068944525784345	8.498608599872426	2.2726754387045447	5.531896664883192	3.441589373950978	7.890126218148532	2.3647917119928445	2.3485666500520654	1.298921525080131	8.5475078122911	1.9780154873356044	5.239137051779235	2.8440858993508176
6.272963230373335	4.7448635780290225	8.469603528742761	2.548223279659757	5.337966277830567	3.7117177582511713	7.977284441060683	2.364419139309045	2.4632363381201525	1.342643699266092	8.493859572417193	2.6235959906987567	5.434894107059074	3.4559337693869883
6.436751368900256	4.640271179582042	8.438936593203143	2.6380859552791285	5.337966277830567	3.8015804338706984	7.977284441060683	2.364419139309045	2.4632363381201525	1.342643699266092	8.389267173970246	2.388336507401775	5.50202882644818	3.012588678557228
5.543674101452439	4.59368307511785	7.6431048447505034	2.4942523318196343	5.581323938342675	3.7566882873952148	7.832868257532479	2.364419139309045	2.4632363381201525	1.342643699266092	8.174892497984619	1.8231571942066973	5.235300777942763	0.8114156362417857
5.450475140395364	4.645922101044935	7.602144909620595	2.4942523318196343	5.632276940462119	3.7566882873952148	7.839173216029153	2.364419139309045	2.4059783775039754	1.342643699266092	8.1607962303397	1.0967326692388155	5.1689654843706645	0.6607640063284839
5.57309829517639	4.696217295121127	7.679875917926091	2.5894396723712276	5.5819817463860115	3.8015804338706984	7.839173216029153	2.364419139309045	2.4059783775039754	1.3019982273776773	8.094599115423453	0.7117511418467087	5.102768369454489	0.45220106182700076
2.9679171702555975	8.068594330801439	3.770732659671936	1.3299445008739983	5.971241349002095	3.023084510256346	7.839173216029153	2.2771517135192942	2.463455729590883	1.0996869386461245	3.8617689717136097	7.560085894127541	1.9215026547756966	4.597972601377445
0.12597191788721981	7.036058105039075	5.385360504554663	1.524725682595367	5.873740632895926	3.0693360430904675	7.788144283248219	2.2771517135192942	2.463455729590883	1.0586562816275422	3.6974459056391606	4.418017853124255	1.0246712509501512	0.5166350743969835
3.189876943813529	8.174165153952746	3.504545631467787	1.479742578671635	5.923577156148975	3.0685023008560828	7.737039331084705	2.231733922919518	2.4059783775039754	1.0175707978209512	3.547422403913529	6.0290097453241565	2.0722687744756056	3.4130754933693614
0.9297756959983795	6.276396072738602	3.632219943265808	1.7144004334737861	5.878613077800695	3.1615972266623746	7.685858271036755	2.2771517135192942	2.3157676276128454	1.0586562816275422	6.073626332237148	4.566861841823287	2.268610433089915	4.984266556537853
0.5560363042174901	5.685165728740797	4.431957466234783	1.8092445667234514	5.829778897381335	3.207607179492949	7.685858271036755	2.2771517135192942	2.3157676276128454	1.0586562816275422	6.461695642215704	2.2739457641634475	3.176552682237529	0.6674516420313574
4.1961706226779265	4.8655721647993975	7.063650888510694	1.9980918989668806	5.732710947287732	3.2993865616424984	7.685858271036755	2.2771517135192942	2.258382890390952	1.0586562816275422	7.3751648150652915	0.2773229682920196	4.6427220039865515	0.37700201139559425
5.660142598355471	4.699094257024332	8.122509018635549	2.236727836744095	5.534353638130688	3.3454983593661685	7.737039331084705	2.3224996044641513	2.258382890390952	1.0996869386461245	7.57551718319446	1.523814446435974	4.972825025019705	0.859274460196886
3.8895989541790987	4.856436630696625	6.509307748131377	2.236727836744095	5.534353638130688	3.3454983593661685	7.737039331084705	2.366348437655736	2.258382890390952	1.1845116697418911	1.9803636435906327	1.8935072782665159	0.5957673842761393	1.7350585392231503
1.8069817503731342	6.078847261897513	5.69853251794691	2.1872964943237165	5.541114845654163	3.3454983593661685	7.779709465981839	2.366348437655736	2.3157676276128454	1.2254328762491016	1.615763050633728	2.9946989777390813	1.2140791829695863	1.591577110900136
1.2761868612108442	6.422099899327152	5.560335274041507	2.1379514864964384	5.590459853481549	3.3002202635164006	7.779709465981839	2.4116265335055345	2.3157676276128454	1.2662994591185446	1.9479727482524907	2.793302563018969	1.0407133677873888	1.7641034932917545
3.427429966835636	8.424152073398458	3.387750331430148	1.6089717751322854	5.982130222098341	3.208189016619079	7.779709465981839	2.366348437655736	2.3157676276128454	1.2254328762491016	1.5191705075188375	6.842912975689705	1.8362434631535833	4.006671671434789
3.4575037629723147	8.200715305377754	3.182814644224014	1.560396898181673	6.03070509904934	3.1640280588817475	7.815582000788526	2.4105093953931864	2.2798950928064166	1.2254328762491016	2.1222878728384256	6.068046625156048	1.7374608590306067	3.497032770545141
