0	1	2	3	4	5	6	7	8	9	10	11	12	13
7.034703550354816	4.543969360837978	7.251007251966632	4.327665659226056	5.441341144221863	1.4732392608746605	5.244287629194087	3.0283619357497074	1.7826240798384618	0.4471542674186966	2.554307924454686	4.353214173483297	0.8422886800584781	3.670672137044888
6.904248203446561	4.267880523092781	7.171185199888295	4.0009435266510485	5.661620000586065	1.5549145423188102	5.300097610574991	2.896053359475581	1.897733399375345	0.4471542674186966	2.284816159639091	4.368244331950655	0.8639271408228417	3.573661207091863
7.134631347890705	4.211255550372081	7.109360701391814	4.236526196871016	5.661620000586065	1.7904972125387488	5.26433161417057	2.896053359475581	1.9911546305385635	0.4471542674186966	2.335285228856251	4.450567380286522	0.7568330988845839	3.618590600997498
7.281050221097909	4.2615103177133316	7.259426453280753	4.283134085530426	5.611365233244776	1.875816289935776	5.321698145209633	2.807087403396073	1.9915103847023234	0.4471542674186966	2.335285228856251	4.596986253493743	0.7568330988845839	3.618590600997498
7.541576468143628	4.141048584919894	7.345337531940434	4.337287521122998	5.613021779033141	1.875816289935776	5.265888163828619	2.807087403396073	1.9915103847023234	0.4471542674186966	2.268364243674089	4.637308900591305	0.6491389156802847	3.6641790325597077
7.698511338435361	4.085293434409176	7.3376437215932135	4.44616105125151	5.554662660801805	1.926330701832982	5.265888163828619	2.807087403396073	1.9915103847023234	0.4471542674186966	2.3165451200141622	4.580606063676917	0.5362494490606754	3.7172752975137193
7.755750835756741	4.082500459174335	7.287046674257267	4.551204620673637	5.500216138715437	1.9769277491688826	5.265888163828619	2.807087403396073	2.0492997200084115	0.4471542674186966	2.3136057760342887	4.535204056460487	0.4819492957188761	3.6215972814755717
7.915894727247363	4.079681172310238	7.292377537286737	4.703198362270956	5.445673986973046	2.0743793390237455	5.265888163828619	2.807087403396073	2.0824852645610292	0.4471542674186966	2.3106456846549435	4.583895015628068	0.427547948491865	3.6756887751925156
8.015988730789402	4.022197517687516	7.334987886205881	4.703198362270956	5.459166630078564	2.0743793390237455	5.252395520723181	2.807087403396073	2.0824852645610292	0.4471542674186966	2.253162030032082	4.581204156853694	0.427547948491865	3.6748013965193858
7.955968428595553	4.022197517687516	7.274967584012069	4.703198362270956	5.459166630078564	2.0743793390237455	5.252395520723181	2.8468001141527908	2.0824852645610292	0.44986904895269475	2.253162030032082	4.521183854659898	0.427547948491865	3.6748013965193858
7.955968428595553	4.076835452140956	7.3256407549398395	4.7071631257967095	5.404528695624947	2.0237061680960204	5.252395520723181	2.8468001141527908	2.0824852645610292	0.4880282031878159	2.3064479750142426	4.575260126019182	0.4219370451957955	3.6691821697638263
7.916755306221872	4.073407030680708	7.3297776300329	4.6603847068696185	5.4605273556252065	1.9769277491688826	5.196396860722922	2.8468001141527908	2.0247349334802025	0.4880282031878159	2.3030195535542153	4.532618582185216	0.4219370451957955	3.6691821697638263
7.813112274363077	4.134319106763753	7.3376437215932135	4.609787659533685	5.4605273556252065	1.926330701832982	5.196396860722922	2.8468001141527908	2.0247349334802025	0.4880282031878159	2.3639316296371606	4.489887626409493	0.4219370451957955	3.7153745034929853
7.813112274363077	4.134319106763753	7.38451125480831	4.562920126318479	5.4605273556252065	1.8794631686177863	5.196396860722922	2.8468001141527908	2.0247349334802025	0.4880282031878159	2.3639316296371606	4.489887626409493	0.4219370451957955	3.7153745034929853
7.770291672813439	4.079681172310238	7.48620688464537	4.3637659604782755	5.459166630078564	1.7349469372310804	5.252395520723181	2.8468001141527908	1.96705147242202	0.4880282031878159	2.2562443374277383	4.447067024859826	0.5296243374049798	3.7153745034929853
7.727381191075579	4.079681172310238	7.443296402907508	4.3637659604782755	5.459166630078564	1.7349469372310804	5.252395520723181	2.8468001141527908	1.96705147242202	0.44986904895269475	2.2562443374277383	4.404156543121926	0.5296243374049798	3.761644979183211
7.727381191075579	4.079681172310238	7.490418603048554	4.31664376033729	5.459166630078564	1.6878247370898627	5.252395520723181	2.8468001141527908	1.96705147242202	0.44986904895269475	2.2562443374277383	4.404156543121926	0.5296243374049798	3.761644979183211
7.67001975246925	4.137042610916668	7.490418603048554	4.31664376033729	5.515165290078694	1.6878247370898627	5.196396860722922	2.8468001141527908	1.96705147242202	0.44986904895269475	2.3136057760342887	4.4494729731730285	0.5296243374049798	3.7163285491321325
7.67001975246925	4.137042610916668	7.490418603048554	4.31664376033729	5.515165290078694	1.6878247370898627	5.196396860722922	2.8468001141527908	1.96705147242202	0.44986904895269475	2.3136057760342887	4.404156543121926	0.5296243374049798	3.761644979183211
7.727381191075579	4.134319106763753	7.439880146890881	4.42182015094845	5.4605273556252065	1.738363193247911	5.196396860722922	2.8468001141527908	1.96705147242202	0.44986904895269475	2.2562443374277383	4.350080271762689	0.5296243374049798	3.7672568311715615
7.727381191075579	4.134319106763753	7.439880146890881	4.42182015094845	5.4605273556252065	1.6936380843130054	5.196396860722922	2.8915252230877444	1.96705147242202	0.44986904895269475	2.2562443374277383	4.350080271762689	0.5296243374049798	3.7672568311715615
7.831203748896512	4.023101938978235	7.334359544686044	4.519946143188764	5.510832447327547	1.8420691682555272	5.1605942955632	2.8915252230877444	2.00285403758162	0.4116533014583067	2.1953322613447073	4.3477750439588805	0.5296243374049798	3.766205692427583
7.934106974560504	4.023101938978235	7.437262770350073	4.519946143188764	5.510832447327547	1.8863791916468902	5.1605942955632	2.8472151996960666	2.00285403758162	0.4116533014583067	2.1953322613447073	4.450678269622896	0.5296243374049798	3.8124725407132405
7.991597714076222	3.9699599592082415	7.3864804455403466	4.575077227744191	5.464024094381198	1.9371615164566374	5.203053888763792	2.8472151996960666	2.00285403758162	0.44986904895269475	2.137841521828914	4.450678269622896	0.5296243374049798	3.766205692427583
7.974246045737609	4.020353203602329	7.275183130462227	4.7194161188778	5.413630849987105	2.0758329171602394	5.203053888763792	2.7987500871259186	2.0605374986399307	0.4536084075582633	2.137841521828914	4.487387544109679	0.5296243374049798	3.7121447496021722
7.916755306221872	4.023101938978235	7.325952489683678	4.613904755516384	5.524477959523315	2.0250635579385943	5.146948783367397	2.7987500871259186	2.0605374986399307	0.4960924930972974	2.1953322613447073	4.532618582185216	0.5296243374049798	3.7131805598122445
7.916755306221872	4.023101938978235	7.376638808246904	4.5632184369531235	5.524477959523315	1.9743772393754806	5.146948783367397	2.7987500871259186	2.11828782972086	0.4960924930972974	2.1953322613447073	4.577935012236119	0.5296243374049798	3.76267730473005
7.8567932209578775	4.077843943118116	7.363620817441685	4.57101634663423	5.469735955383339	1.9274331449166768	5.146948783367397	2.7987500871259186	2.11828782972086	0.4960924930972974	2.1953322613447073	4.5633749341886105	0.5296243374049798	3.7172752975137193
7.8567932209578775	4.077843943118116	7.363620817441685	4.57101634663423	5.427216578966827	1.9274331449166768	5.189468159784041	2.7987500871259186	2.11828782972086	0.4960924930972974	2.2486202987889543	4.5633749341886105	0.4763362999593455	3.6688073713364626
8.017753367050416	3.9595563025232576	7.406293322939385	4.57101634663423	5.427216578966827	1.9274331449166768	5.189468159784041	2.755418154267016	2.11828782972086	0.5394244259570216	2.1303326581939936	4.606047439686259	0.4763362999593455	3.6688073713364626
8.017753367050416	4.014394593406751	7.3556006168493955	4.6765473436076945	5.372378288083254	1.9781258510068749	5.189468159784041	2.755418154267016	2.11828782972086	0.5394244259570216	2.1303326581939936	4.606047439686259	0.4763362999593455	3.6688073713364626
8.07537294684013	3.9567750136171354	7.3556006168493955	4.6765473436076945	5.372378288083254	1.9781258510068749	5.189468159784041	2.755418154267016	2.11828782972086	0.5775774933553532	2.072713078404215	4.606047439686259	0.4763362999593455	3.6202609060161626
8.015530934077596	4.011709744773275	7.2488208971548245	4.778419781695961	5.373655503155813	2.0697201326502372	5.133256213555458	2.7107615795554914	2.11828782972086	0.5775774933553532	2.180297096056229	4.554809336303731	0.4182372454757304	3.61165699663593
8.133960070786943	3.893280608063849	7.2488208971548245	4.778419781695961	5.373655503155813	2.0697201326502372	5.133256213555458	2.7107615795554914	2.1514065053575524	0.5775774933553532	2.0618679593467615	4.554809336303731	0.4182372454757304	3.6138582131647055
8.191830365137108	3.8904416385028355	7.2488208971548245	4.833451106485102	5.361119965579017	2.0254089279489422	5.0907604263431585	2.755072784256794	2.1514065053575524	0.5775774933553532	2.058495629149026	4.554809336303731	0.41330658796967884	3.6138582131647055
8.249823268588608	3.8875768066604937	7.29575860408696	4.8416414711623	5.305991893969919	1.9784712210170985	5.0907604263431585	2.711800758110742	2.1514065053575524	0.5783715207986615	2.0005027256974404	4.554809336303731	0.41330658796967884	3.6138582131647055
8.249823268588608	3.8372174791736597	7.194123471533203	4.892917276229025	5.412622907230891	2.080106353570546	5.034488740568916	2.711800758110742	2.1514065053575524	0.5783715207986615	2.109802340971231	4.6002262734993735	0.3515932430323559	3.6147865247609907
8.26523581736257	3.779101695755688	7.151420236889094	4.892917276229025	5.468977998462483	2.080106353570546	4.978133649337229	2.711800758110742	2.1514065053575524	0.5783715207986615	2.1064885736764642	4.557523038855147	0.3464375065156065	3.66121031270536
8.26523581736257	3.779101695755688	7.151420236889094	4.892917276229025	5.468977998462483	2.080106353570546	4.978133649337229	2.711800758110742	2.1514065053575524	0.5783715207986615	2.1613923053537922	4.557523038855147	0.2915337748402798	3.66121031270536
8.323474751749961	3.7208627613682004	7.151420236889094	4.892917276229025	5.42652998710841	2.0358641136236457	5.020581660691215	2.756042998057443	2.209184522391719	0.5783715207986615	2.1031533709663344	4.611458230782108	0.34126251141688174	3.748836585569353
8.323474751749961	3.7760967157336234	7.151420236889094	4.948151230594421	5.3712960327432615	2.0358641136236457	5.020581660691215	2.756042998057443	2.209184522391719	0.5359500235006179	2.1031533709663344	4.611458230782108	0.34126251141688174	3.795499841385704
8.38183710824154	3.768084703802378	7.15534830328933	4.994573508754623	5.363393699536805	2.076522587111834	4.978133649337229	2.7114564581697627	2.2421973281357155	0.4977848742724147	2.097859529179841	4.665307876257797	0.3878993626787906	3.836796942134953
8.440323158097712	3.7095986539461987	7.206117662510681	4.943804149533081	5.363393699536805	2.114514216310268	5.013936214496984	2.622695469749371	2.206394762976096	0.4977848742724147	2.0393734793237357	4.665307876257797	0.48793612154600496	3.93194893791267
8.440323158097712	3.7095986539461987	7.206117662510681	4.943804149533081	5.363393699536805	2.114514216310268	5.013936214496984	2.579483275431346	2.206394762976096	0.49862610297600696	2.0393734793237357	4.7108395580419895	0.48793612154600496	3.9815739769990617
8.498933172699182	3.6509886393447633	7.206117662510681	4.943804149533081	5.363393699536805	2.20320698282032	5.013936214496984	2.5340027032391057	2.206394762976096	0.45541390865765446	1.980763464722298	4.7108395580419895	0.6890079846759642	4.1227716332246125
8.439149705078888	3.756554616311685	7.243964607912455	4.951739713477987	5.25782772257	2.2391332457817574	4.956569683457945	2.4004460272561015	2.2060224578011725	0.4977848742724147	2.0357654405330816	4.841986225249249	1.0401722100010975	4.2640886671447475
8.439149705078888	3.756554616311685	7.294574240707517	4.901130080683031	5.159000632256747	2.27763007669067	5.055396773771033	2.3113395635519405	2.2060224578011725	0.5019966190695991	2.0357654405330816	4.941623530190389	1.189959980728504	4.356233660728796
8.438189692950461	3.7980174719145605	7.288888207094309	4.947318957770813	5.270591319698395	2.401831757544758	4.786314096026081	2.1331296533416277	2.2633173416603474	0.5019966190695991	2.253572847561614	5.0201550223239835	1.4825553042543302	4.36232987046473
8.377462406785433	3.8587447580795957	7.288888207094309	4.947318957770813	5.327197083349432	2.535866216943096	4.729708332374989	2.0423672200894503	2.2633173416603474	0.45872459292423	2.316877448959376	5.0201550223239835	1.6369994205201273	4.36232987046473
8.376712128855878	3.799889907485378	7.229283078570485	4.947318957770813	5.284822239465977	2.580867474451819	4.772083176258244	1.9973659625806477	2.2633173416603474	0.5437615566690875	2.5376780154653944	5.293124870725201	2.0468137999550517	4.516117407678183
8.37617594301568	3.7409100284803123	7.169767013725219	4.947318957770813	5.341536504010673	2.580867474451819	4.715368911713777	1.9973659625806477	2.20564501513031	0.5863652332912795	2.534940731500446	5.3272659417794	2.15178559056995	4.5217944494734255
8.349366235640078	3.6818048476294636	7.083852125498611	4.947318957770813	5.46833551153968	2.6691326154813617	4.738962217730809	1.9091008215508796	2.0552527015840956	0.5863652332912795	2.9295448422867865	5.267906472591143	2.6353304364455097	4.601568506445046
8.245410891248921	3.792622246629009	7.040760618670535	4.99727251920739	5.502497393621592	2.6681641760935366	4.7697240965781305	1.9100692609388017	1.9403753792183107	0.5863652332912795	3.0518521934798972	5.265321722529102	2.6938704499000514	4.612448543815561
8.17457510451567	3.723898663690451	6.995718212228953	4.902755555977135	5.965688643256636	2.5247584804257657	4.256675675117662	1.8658287954046904	1.9980477057483854	0.6296372594368419	3.5651047389829404	5.705507807535956	3.3004918579087668	5.107114558218809
7.982742063749468	3.7254188757619904	6.8525387621832206	4.855622177327975	5.923907426972093	2.477625101776487	4.298456891402325	1.8658287954046904	1.9980477057483854	0.6678346688473725	4.16295265854427	5.758853661097631	3.2178090007948814	5.450447091752072
7.954691291301624	3.665815355012134	6.764884468985831	4.855622177327975	5.882042401097799	2.477625101776487	4.340321917276636	1.8226166010868325	1.9403753792183107	0.7110468631653611	4.229843680485169	5.513559161716729	3.128479604274514	5.5103377661497035
7.821121481054073	3.945032602618419	6.77461509098676	4.991538992685821	5.661704215568165	2.3357270654909765	4.282845251162822	1.8226166010868325	1.9980477057483854	0.7110468631653611	4.571195685901796	5.671061345672386	3.5773689491704235	6.3594030951732705
7.611584171168293	4.118096798338044	6.623411354183485	5.1062696153228355	5.507978798511794	2.3386543221206217	4.267292892292185	1.7794641636460353	2.0555221156677503	0.7116018291472559	4.648156266219838	5.522784865498826	3.5288501809780892	6.304248158507122
7.565592266436478	4.175683804941611	6.674131722257567	5.0671443491204124	5.509519319074166	2.2434816238494544	4.209704939661114	1.7794641636460353	2.0555221156677503	0.7116018291472559	4.657593068255873	5.423669156507679	3.5209529534767463	6.358911537301224
7.538087366685749	4.33601145268449	6.767028235673007	5.107070583697285	5.170230880915945	2.0017073728989523	4.267292892292185	1.7794641636460353	2.0555221156677503	0.7116018291472559	5.166874202704059	5.972947182127682	4.21584427125217	6.87365922389775
7.447188644964115	4.443531701959286	6.775811395447919	5.114908951475608	5.063999121174772	1.859216098723818	4.267292892292185	1.8235620458590633	2.0555221156677503	0.7497487175353896	5.177467324623903	5.781693863055923	4.415000833342411	6.917789312295451
7.5074243178403055	4.3266752706660485	6.775811395447919	5.058288193058464	5.1206198795922	1.858315419949979	4.267292892292185	1.8244627246327083	2.0555221156677503	0.7072141512600423	5.262731450654917	5.777491616175357	4.990424120037674	6.91627572931877
7.445894673115102	4.444825673808416	6.775811395447919	5.114908951475608	5.063999121174772	1.858315419949979	4.267292892292185	1.8244627246327083	2.0555221156677503	0.7072141512600423	5.387828200339934	5.82835428237668	5.077715385246581	6.923518959119041
7.005093338030894	4.544761058036799	6.588063685876768	4.9617907101908445	5.212243703870371	1.8668461366640154	4.324796550408759	1.8685620074463356	2.0555221156677503	0.7072141512600423	5.36848894610951	5.826992912989673	5.171279943377155	7.530969215467473
6.897824096430299	4.6068028144196225	6.542836200659223	4.9617907101908445	5.112764288511159	1.8668461366640154	4.4242759657680635	1.8685620074463356	1.9978497891377014	0.7072141512600423	5.43053070249236	6.142630569329041	5.43995467896033	7.499179925545185
6.288339828928273	4.851044186018958	6.177593304756444	4.9617907101908445	5.0554025046390665	1.8668461366640154	4.42423483719391	1.8685620074463356	2.0552527015840956	0.6690610838612792	5.693271650320637	7.678826767254559	6.512329008203448	7.287438411789658
6.087830048363905	4.973148779129701	6.099188117302866	4.9617907101908445	5.0554025046390665	1.8226775819255323	4.42423483719391	1.9127305621846424	2.0552527015840956	0.6690610838612792	5.879463652979722	7.828108315122001	6.587568054819704	7.190252316028689
5.948481041774023	4.916587912575347	6.010267452199869	4.854801502149642	5.111963371193475	1.8164177951771248	4.4816377496402104	1.8685620074463356	1.9978497891377014	0.6265769983224362	5.888913231557354	7.8615807586117255	7.190932426585516	7.661453307161267
5.899635356319148	4.979134166758481	6.023968020928039	4.854801502149642	5.111963371193475	1.8164177951771248	4.42423483719391	1.8685620074463356	2.0552527015840956	0.6265769983224362	5.951459485740554	7.817823372728749	7.0970181817562565	7.989207394718399
5.684970777420512	5.210579282963096	6.039151550674129	4.856398509709433	5.0621434644521415	1.8131948575828651	4.42423483719391	1.8235620458590633	2.0552527015840956	0.6647361525570579	6.041795142315704	8.667068272533244	7.144285857212281	7.888050749541965
5.576636334992391	5.332643940649747	6.151540322235974	4.757739953406163	5.119505248324184	1.7145363012795884	4.4242759657680635	1.8235620458590633	1.9978497891377014	0.6647361525570579	6.173218590316244	8.743302648979334	7.304884385845904	7.985401364740637
5.270028168135729	5.557055581697329	6.108530375164178	4.718553374669021	5.013247807440101	1.6593004392927964	4.4242759657680635	1.7333538882244544	1.9978497891377014	0.6647361525570579	6.059901102751914	9.109624506089217	7.0779996155732805	8.608027182506694
5.0575629521830106	5.674692615436232	6.112631976866281	4.619623590752871	5.013247807440101	1.6044654022460163	4.4242759657680635	1.6892591413550075	1.9978497891377014	0.6647361525570579	6.057046476122642	9.198925649455852	6.807065908573725	8.61812009439596
5.107250238742456	5.789951725210504	6.318510311024753	4.57869165292826	4.956614028140033	1.553291439443874	4.4242759657680635	1.6428673870326274	1.9647588010505315	0.6265769983224362	5.569264783902623	8.280620175168037	6.4208094599283925	5.830050036643143
5.168199189377936	5.789951725210504	6.3794592616601005	4.57869165292826	4.956614028140033	1.553291439443874	4.366873053321871	1.6428673870326274	2.022161713496827	0.6265769983224362	5.321139708246514	7.809666994797359	6.565308702038275	5.624823989009688
4.455298367478957	6.3215036617055835	6.239286887388819	4.537515141795641	4.899882016917588	1.5916363934192066	4.366873053321871	1.5497663481428423	1.964517075931007	0.5834245608827245	5.504553479290567	8.40919762107057	6.256210134847064	7.9251051026480654
3.9126966091390405	6.671803678161488	6.096068344577473	4.488431942723019	4.899882016917588	1.5881110978195399	4.366873053321871	1.504208444669979	1.9313205737740933	0.5452088133885445	5.549912419195929	8.524535553862298	6.433550066586536	7.754147363982644
3.9256671039068243	6.7286340655725825	6.158208202924225	4.496092966555242	4.843051629506343	1.6302682850876822	4.366873053321871	1.3732082456645722	1.9313205737740933	0.5466100288789106	4.923873966121874	8.676168365526564	4.179811141206422	7.475263803889654
4.031168813360872	6.728369199809891	6.255771821584468	4.503766191586374	4.843568868982363	1.536864504630498	4.25209547297047	1.417356343560227	1.9886520070565274	0.5466100288789106	4.928719451605588	8.477464672774063	4.633829305149116	7.513727572311355
3.506105820968033	7.3016368201860855	6.40274738970603	4.404995251447791	4.786122721913489	1.529707015189444	4.3095416200393615	1.3257428928622683	1.9553886341339806	0.5082808190541401	5.040787600386391	8.111234399032186	4.443286431032576	6.719172448607019
3.3383009846609677	7.4694416564930375	6.501865460258793	4.305877180895185	4.843568868982363	1.4305889446367142	4.194835500015133	1.3257428928622683	1.9793181836314755	0.5082808190541401	5.090892109071736	8.169819661605176	4.530856523639379	6.227951081759676
2.751273684140164	7.854615977569559	6.406630984079851	4.1992586776298975	4.900497776575235	1.4727957918967969	4.194835500015133	1.2338464499303254	1.945920529325326	0.46989474001797454	4.985939023850004	8.038826000253431	3.94774877770238	5.327650834289236
2.9161519426832196	7.689737719026636	6.456407826186265	4.149481835523493	4.900497776575235	1.469073555328968	4.194835500015133	1.1877918443917581	1.945920529325326	0.46989474001797454	4.82324609630841	7.853575999231722	3.945563446701078	4.563623284651584
1.7612588227850947	7.942181431131824	5.817551792573316	3.885888461343859	5.014060175208864	1.4554928751161262	4.194835500015133	1.00818408241884	1.9124554633124695	0.5130522066573149	4.702117907855116	7.607923811546	3.0060757614046985	3.9928490375110064
1.573128745245198	7.844279708024716	5.4747879807038276	3.942620472566236	5.01485874475033	1.4554928751161262	4.137304919251519	1.00818408241884	1.9124554633124695	0.5555599712155961	4.426231999471254	7.463143332096074	3.188785645257251	4.142801238911283
1.6705788280880103	7.91154488516251	5.625911290331765	3.9562124229191173	4.958714534228982	1.3553255304647043	4.079689834768697	1.00818408241884	1.9124554633124695	0.5555599712155961	4.076465008011911	7.007778323361558	2.877651346445602	3.9147160423928735
2.0428662782642966	7.805619164087219	5.727991540785041	4.120493901566266	4.902260241671595	1.359259480513638	4.021990177020057	1.0543776607107016	1.945920529325326	0.5130522066573149	4.040990441308319	6.906336500938575	2.5164176493658568	3.9513904282025853
3.276917831606998	7.4207592911485625	6.290064217568348	4.407612905187389	4.672925538129691	1.359259480513638	3.9642058769410906	1.0543776607107016	1.9793181836314755	0.5130522066573149	2.9384467054540493	6.5284575946764	1.2692440329872043	2.019634532076546
4.13636751040924	7.020526214133454	6.633736579692519	4.523157144850016	4.557381298466893	1.3572001926419428	3.9642058769410906	1.0995944152223973	2.0126486070890586	0.46989474001797454	2.8633466479251832	5.579799462408256	0.7625313866389906	2.885416619308373
4.00622748564576	7.315284625635442	6.682410951210424	4.639101160070601	4.499306294234603	1.311151727623884	3.8705359586445347	1.145642880240665	2.0484495143973693	0.46989474001797454	2.6628605441930326	5.50056107691225	0.06345044970554795	2.2562266763838927
4.010368929096084	7.314811551451177	6.744101370399297	4.5810791101478365	4.615282134143483	1.219266856249027	3.869877052517337	1.2375277516159247	2.048876915741536	0.5124025045752048	2.5939299045191904	5.683027688205624	0.05543317715817546	1.93160975988032
3.7938030518626285	7.4302554345291085	6.63508485466273	4.5889736317291945	4.557260084220793	1.1691393279077564	3.869877052517337	1.2375277516159247	2.048876915741536	0.5124025045752048	2.030840608588108	4.955884960939658	0.046623912046231265	0.41796701758063826
3.4184112937842035	7.658677454455489	6.538242644851992	4.538846103387525	4.557260084220793	1.1171798002213593	3.9056430489218488	1.239359750959998	2.0131109193369636	0.5124025045752048	1.7520704704541703	3.579371587421686	0.2517883247102647	0.7389883080204799
2.9877844988067843	7.932767440804806	6.390319274251457	4.530232665360237	4.565873522248046	1.1171798002213593	3.9056430489218488	1.199626248728683	2.070900254643182	0.5521360068058254	0.28650269838615017	1.7013546053260247	1.000418120079079	0.6123678924982899
3.037198699158207	7.932767440804806	6.489773290912691	4.480192849050487	4.565873522248046	1.0671399839119207	3.9056430489218488	1.199626248728683	2.070900254643182	0.5905162670048821	0.12537927269250865	1.2400533007524384	0.7011829958957125	1.140940187240266
3.46480594180296	7.763520108384896	6.748133201137463	4.480192849050487	4.607742103198835	1.0671399839119207	3.863774467971132	1.199626248728683	2.104085799195899	0.5905162670048821	0.09080419938972768	0.7250997108580164	0.359818684640448	1.7690130586769284
3.821509634826745	7.650064016428083	6.991380802204413	4.480192849050487	4.607742103198835	1.1110743056716834	3.863774467971132	1.1556919269686763	2.104085799195899	0.5905162670048821	0.5021064935387105	0.7778552381609312	0.2154234246673333	2.068872645210727
3.5966365758527905	7.639878129150048	6.92974099261492	4.30677371238801	4.781161239861395	1.0671399839119207	3.863774467971132	1.159832795176601	2.104085799195899	0.6303097205567039	0.5147079026544308	0.14662282908076762	0.17763383061761506	1.5447296447174128
3.484149250696491	7.637250103859985	6.92974099261492	4.191658361941588	4.854408009357017	1.0671399839119207	3.9056430489218488	1.159832795176601	2.104085799195899	0.6303097205567039	0.5099834117551316	0.3846883912436379	0.1710614390608608	1.6149227026862114
3.2121898314397574	7.631702118481576	6.881275581738958	3.9626163681822804	5.08345000311648	1.1110743056716834	3.9056430489218488	1.1158984734166986	2.104085799195899	0.6303097205567039	1.046672504733675	0.06774618602318654	0.2755701844160708	0.6330443432614917
1.7161621710206485	8.32238472396667	6.4172276426518495	3.6213192523357245	5.3165783955565455	1.0608593722515078	3.9635968389081677	1.1158984734166986	2.1619029991015815	0.5919294603580899	1.3800712699589404	0.020230403542742928	1.356833203617921	0.28948384632358953
3.1047745038339705	7.722440106186132	6.9423955475574175	3.8848190624624586	5.303283234438117	1.1197905444344896	3.863774467971132	1.2073495793060105	2.1619029991015815	0.5919294603580899	0.6612439329272437	0.029395279033711325	0.9183486960506859	1.0916788996121516
3.749317287960095	7.490808520341916	7.043086063100161	4.197039745201664	5.140399605828708	1.2691275985640924	3.863774467971132	1.2073495793060105	2.1619029991015815	0.6303097205567039	1.1274889012110743	0.23381657049109614	1.4728489480828801	1.192583778500691
4.7530997387853	6.984910448595501	7.2944880280995035	4.443522159281324	5.240165746974976	1.244253014830644	3.764008326824952	1.4787065771191303	2.2528271958312285	0.668633044042444	2.3198202364657172	0.8654124759560563	2.8469630633789023	0.8894230288902013
4.9957018390957755	6.914498732267655	7.2703830152241276	4.639817556139223	5.1908887086249536	1.2556567805386478	3.764008326824952	1.6109522030171968	2.3107385841254633	0.6720020109430193	2.447873940998871	1.311036240662686	3.0269039693109114	0.7976848147623701
5.222519323557438	6.5822495510345975	7.2040219093897475	4.600746965202165	5.481382197374445	1.1461993546417384	3.8057640193085334	2.013588219210421	2.368716653598839	0.7102684901065381	2.511127380575093	1.5062396146921044	2.093047103688493	1.0740151825153714
5.282538372672937	6.41363327792497	7.1190611313887775	4.577110519209064	5.591988021821473	1.202214370794781	3.863774467971132	2.1025530301741933	2.3107385841254633	0.6677783842299468	2.5726667348014955	1.8205731503461766	1.5858963799810168	1.1920301362142474
5.907872977935888	6.071805001931413	7.393964137166091	4.585713842701217	5.829213902734452	1.092670683082756	3.9056430489218488	2.456691958340556	2.3107385841254633	0.7108809291311559	2.509932920671703	4.383194636406736	0.9296119464194988	3.4057394182780594
6.03894516545318	6.127431297389323	7.525036324683425	4.641340138159208	5.7476905027455025	0.8735569869782821	3.8957741570485394	2.5929551119978833	2.346504580530063	0.7512980508645996	2.7547851887160126	5.486486713248576	0.7153471356158289	3.1168929142908803
6.713217286944201	5.36426929341996	7.439299159665074	4.63818742069903	6.021916194749984	0.9002307880783714	3.9538689674956475	2.8095336202645638	2.346504580530063	0.7948367240335457	4.273685359304998	5.542522046889023	0.5290474364708672	3.7389691285674127
6.90444723849884	5.122955249080287	7.3118674109722726	4.71553507660659	6.198686275826344	0.9532615546238519	3.8375940049626522	2.851477429594786	2.4625273969513484	0.8377049226094068	4.627415396539224	5.636627044544972	0.17153865632365137	3.8954643104004276
7.032299033953066	5.122955249080287	7.439719206426601	4.71553507660659	6.240668442853759	0.9091713351722817	3.7956118379352017	2.8955676490462023	2.4044826500033314	0.7953846714415058	4.448278110144793	5.713734777207619	0.6750167278397893	4.120232195710794
7.235591074469237	4.702656270295451	7.118295323752671	4.819952021011913	6.1202753959761695	1.1024610163361088	4.090482139349631	2.898478467416793	2.4044826500033314	0.8358146039296592	5.807337217055491	3.947841047285777	2.974675984144353	2.585001962309857
7.734985612389798	4.022326821768012	6.940401949879555	4.816910484278319	5.440163288437856	1.3343045373486433	5.002203448160445	2.9883700296081472	2.315613486536331	0.8358146039296592	6.218109973642172	1.1743192725751221	4.676359765077405	1.7622248024698803
7.9693827261746435	3.8281810024902017	6.944281835772458	4.853281892892484	5.651157318746834	1.374711018035307	4.693700162728423	2.983968754809795	2.372871447152728	0.7959295121493016	6.090348197880518	0.8838106335625302	5.006369330115517	1.3716349609964322
7.9693827261746435	3.3527615836673164	6.799594433062699	4.522549876779052	4.959238752407186	1.5622295237014343	5.803851980948936	2.9411376518535124	2.3142777972713473	0.8341684251646941	4.343772595772586	3.6056774569033623	1.1999752980659313	4.603558680311197
7.9537215967882355	3.41074888216508	6.746771537832051	4.617698941121023	4.636206579691615	1.700275907904912	6.126884153664692	2.898240331991706	2.2564884619650645	0.8764265374164218	4.107617143647955	4.35149196775162	2.087399232493566	5.018681319651489
7.968956302703686	2.9079418685036	6.2260498088205924	4.65084836238655	4.2156586891410655	2.322226055187928	6.806807413065075	2.81224661963588	2.4088673981160555	0.8764265374164218	2.702742102927348	3.8652017258695293	1.2389075861758738	3.64060135119089
7.798956817843415	2.7122712699732627	5.720582974204589	4.790645113611998	4.226173877807292	2.756381040007765	6.992860585807352	2.771423437927108	2.4081402096619895	0.8764265374164218	2.3148959541549767	3.531757313848489	0.9390575405038079	3.474562109694026
6.758705235693231	2.7917728630442284	5.059925450015548	4.490552648721945	3.8207040999984323	2.5483565037783342	7.267840650063563	2.7760122775691594	2.5776600428252743	0.8381932790696497	0.9470675257311922	2.3755515178424838	1.163671697714692	1.5838115708617562
6.804007882554029	2.895426706023947	5.288306330655435	4.4111282579226	3.7771962681232107	2.406652273370269	7.094553208992903	2.8172681571078755	2.724209004596928	0.7555633961599089	1.0547429238966441	2.3652042798655373	0.9796287545524981	1.5657691754172594
2.7551815750577564	4.4768363890899385	4.1307318399477015	3.101286124200194	3.8346023713040585	2.261911488251561	7.254760895950698	2.0620547885790814	2.87361939305305	0.670435827759532	1.8265803026566387	0.7036393082050797	1.096374206096556	0.8941859760191084
3.477722848950143	4.046887691399367	4.282531482836253	3.2420790575133718	3.938404621866815	2.499826104152504	7.054030474104827	2.103234136266621	2.965421064874658	0.5845294330429329	1.5305054268777538	0.5861770677565956	1.527577359454192	1.1650765573046142
3.9486761607647645	4.001089668745509	4.324078556938743	3.6256872725714433	3.939166276546936	2.832710325603744	7.002544825818206	2.0634263389877745	2.965421064874658	0.49788416364805715	1.1607911219002895	0.8265549328282817	2.17684184890934	1.1609107530113303
3.689311396833456	3.6678186354405002	4.081777564849875	3.275352467424203	4.046615549881324	2.6797693464656676	7.058855853698571	2.0165292160363126	2.9091100369943557	0.28701934594806544	2.1811743504805947	0.309611670041378	3.314818002247679	2.4267046938610752
1.4001660369733988	4.178084230975638	2.948323735951101	2.629926531997533	4.495963967740641	2.3905103021632206	6.97697991057578	2.0577262182380496	2.852726831057329	0.12059361256009149	2.195694205495731	1.0314232204665545	3.5597535711849253	2.1360046242190944
0.17996054404128714	4.104251105593993	2.185750829638654	1.7385397319147444	4.598458845770745	1.980885289196281	7.471173049833426	2.0024765840289054	2.3980691139629506	0.21576487541461967	4.121303374138976	1.8312265691857643	4.01330756793894	3.459034783637844
1.5289599179863902	3.670604177133185	3.164271436934689	2.035292658184828	4.498137292457091	2.2542093707846393	7.76807914448303	1.99283455069904	2.089127010529431	0.3890356724879026	4.53576064211759	1.146616391193604	4.629512294941425	4.224539537908614
2.34418775071808	3.2723211437616606	3.4818189805674944	2.1346899139118922	4.447558291235079	2.341352562999982	7.888949941805221	1.946551012303704	1.9167195879721242	0.4326136970372516	4.653850630272559	0.9296381586819852	4.71209099777798	4.0430341676394885
0.4097679801327502	3.875016980176694	2.1050124367783223	2.179772523531364	4.688935206613182	2.4776341079564776	7.7051873600026	1.9386203659679278	1.8591052543969968	0.5573620481538494	5.969806053770791	2.154896441627307	1.5041269347773525	1.7159620370486208
1.6169515032557524	3.4772286729275446	2.672079482440833	2.4221006937422875	4.586461348373349	2.706000894230231	7.76287432503587	1.9333643717776137	1.8014182893634212	0.6406185282669289	6.565823010815762	2.5074928569573136	0.6559127734902428	1.4108310716071066
1.6193214934824605	5.471774951664138	1.725666900011963	2.126786558169997	4.687399846820008	2.5648495969740317	7.814616435756104	1.9756294212817522	1.8014182893634212	0.7671595854117539	3.5374017506099014	0.09211249717148823	1.0041197793354786	1.254458893299606
2.976926131224727	4.008469660035079	4.381764421299932	2.6036313699600355	4.6362060266621326	3.0362744349894326	7.778523234528599	1.886108296245231	1.8375114905908028	0.808858619203762	2.744923265640881	1.4549015615441931	3.35396388413276	0.18470657808908053
4.771154422655616	3.6600010708166457	5.5892150331882045	2.841940460283976	4.584922331059579	3.315059908256113	7.778523234528599	1.794348217700037	1.8375114905908028	0.8910923421340894	2.791485639154947	2.3228897646102786	3.6637940454018505	2.0487395246993434
5.5387108855712	3.4898841295227507	6.097557848586069	2.9310371665078265	4.335550109228577	3.540405824963966	8.02789545635964	1.6580990072160045	1.8375114905908028	0.9321268037738754	2.7642446529385634	2.686162119624554	3.931503539925445	3.0972731282073966
4.977440088902319	3.546714334198658	5.454421512725143	3.0697329103761586	4.232892149689978	3.6330469632939284	8.130553415898182	1.704153612754371	1.870861497565718	0.9321268037738754	2.3487316341768003	0.36934176004653674	2.1158660093789834	3.4164667893208494
5.5093606575949465	3.6610587001985406	5.957253553337166	3.213165804456614	4.181518424146594	3.725106131830957	8.130553415898182	1.7479008914072562	1.870861497565718	0.9758740824268324	1.702365363835882	0.8470811453184863	3.490833861495066	3.0789281011399
5.160596212085894	3.6610587001985406	5.654478328077803	3.1671765842068003	4.181518424146594	3.633133263678582	8.130553415898182	1.7938845393098608	1.9041448145403328	1.0168537014840184	1.9793539697022542	0.467907756279795	3.198596613543363	4.1684633809513345
5.051475873362884	3.724154216521375	5.608453505677526	3.1671765842068003	4.130305542459412	3.633133263678582	8.239561463014887	1.7938845393098608	1.846349649110762	1.0168537014840184	2.1924666656025042	0.42511488492001154	3.0821859559189972	4.277839331582768
5.576091517845805	4.0680064743396045	6.476928694458366	3.1671692977269728	4.180596744961994	3.59329075063362	8.297429491586591	1.884010968377568	1.7976515127527781	1.0168537014840184	0.3309228497919799	1.5561785858087116	1.2818614582537309	5.202303884539128
5.657691884126551	4.179507505363972	6.670030091763548	3.1671692977269728	4.223817206547242	3.59329075063362	8.312149941308697	1.884010968377568	1.7397106014452923	1.0168537014840184	0.07021553161738157	1.4800304172561762	0.6769873728713511	5.601429833478019
5.6137438902020955	4.077748540984137	6.483848874387026	3.2076435567992854	4.274453577079498	3.688124157426197	8.421286348245362	1.9314107850373312	1.7148190333635407	1.0168537014840184	2.2020333672332684	1.15466101481267	3.051163928105512	6.698871314427497
5.781636196378808	3.9643074837273664	6.497227954559474	3.248715725546582	4.324927254415319	3.7339691381158637	8.457236202771384	1.9771116504306123	1.6788691788374692	1.0168537014840184	2.0962722825175364	0.867252472027521	3.421620753626385	6.890149377835874
5.382098716425597	4.557078114956153	6.565607960845189	3.373568870536684	4.1109257397636725	3.5049243978829856	8.36297026416792	2.0227420823985525	1.6788691788374692	0.9785638498789189	3.3382984757687773	1.3804748419077253	4.176574939952092	7.054980061033437
5.400741922000733	4.64829490842496	6.6639175709369525	3.3851192594887327	3.9568038910624206	3.3609478790701153	8.36297026416792	2.0241471414619605	1.6788691788374692	0.9785638498789189	3.0249605372900508	1.743347498519133	2.813958885157586	6.783259721337512
5.3395148689561855	4.700306263662684	6.745533427591487	3.2942877050274624	3.853683048275595	3.2621899051096475	8.414079751716955	2.0238698867926628	1.6788691788374692	1.0223715309475705	3.4700417608890732	1.9197564832197767	4.189184371199269	6.614338911549944
4.875371042442785	4.430358774611438	6.115373541573214	3.1903562754810455	4.248489164324463	3.216704300043826	8.123205065214524	2.1132236492018164	1.6788691788374692	1.066239688291455	3.5615330889632024	2.325732621630471	3.2613722298259478	5.513670556566579
4.930953105678959	4.27120978531565	6.069060490587195	3.1331024004073793	4.446304052992308	3.2176016358928434	8.028957102606308	2.198123772854934	1.6788691788374692	1.1057240968077904	3.6958810908525375	2.6898710288090935	2.5948094829838952	5.149532149388286
5.271451019019321	3.955487470456675	5.895163709246597	3.3317747802292175	4.757775080996361	3.720311498816941	7.919526454694784	2.154104357847402	1.6797534041654067	1.1057240968077904	5.7562135029573875	1.225840158252075	3.304050067402808	0.27154194568515905
5.5390017616391285	3.853731514021157	5.981477301465153	3.411255974195029	4.808078077522053	3.901548649218338	7.970979414604641	2.154104357847402	1.7368468668392247	1.1057240968077904	5.88417274803837	1.44832204788085	3.3009670359850976	1.4944408231074089
5.724486921783671	3.6289776438530432	6.138253005140998	3.215211560495611	4.757411054408731	3.7971101711601083	8.022355526348388	2.063207510836497	1.7037246218324105	1.1057240968077904	6.50953774230373	0.2596859164687909	4.148363085502815	1.2958539316352087
5.760722808987353	3.5162143944855857	6.107018990700194	3.1699182127729713	4.714539203544245	3.7518168234373097	8.007322398438337	2.0193457216023223	1.761629600606623	1.0618623075735987	6.593356252326932	0.19335033768546608	4.342940450095231	1.3618293080117252
5.972391100170711	3.5227286381116567	6.32520152550972	3.1699182127729713	4.560829973073382	3.7518168234373097	8.161031628909107	2.0193457216023223	1.761629600606623	1.0618623075735987	7.002851552047058	0.5735424779201651	4.745921506189117	1.9767499308673193
5.765556663623522	3.5726758046774822	6.168265166509445	3.1699673017915924	4.510882806508011	3.701918745890317	8.161031628909107	2.0193457216023223	1.8188269815915066	1.0618623075735987	7.33957852849616	1.304413407156491	5.275649342810278	2.3051500676448695
5.806087795260984	3.566738807419323	6.247323660262711	3.1255029424176137	4.503053664306463	3.6051764548520895	8.118118690987835	2.020881573144224	1.8188269815915066	1.0618623075735987	7.4818943812919425	1.886291575773193	5.539338564523836	1.8068266940203144
5.789997968467131	3.6165961103866326	6.280981430535938	3.125612648317743	4.6411067116507265	3.55542885778497	7.930208340676196	2.020881573144224	1.8188269815915066	1.0618623075735987	7.561884624913903	2.217929558151392	5.619328808145804	1.8576035495762917
6.227171974592163	3.711939179995717	6.711752383043025	3.2273587715447323	4.590631965801614	3.51001760512547	7.87893696329845	2.0662928258036652	1.87609052174214	1.0618623075735987	7.545287696929022	1.8069956530430107	5.67367765486663	2.051330294590478
6.100428860937144	3.8303530275371127	6.754340406127867	3.176441482346335	4.641549255000058	3.51001760512547	7.87893696329845	2.0662928258036652	1.9334202213161258	1.0618623075735987	7.634842462345344	1.7075781448883949	5.524224843230628	1.317034667444549
6.1460113916382175	3.8865489889550515	6.856118898246732	3.176441482346335	4.590277877622307	3.55542885778497	7.930208340676196	2.0603119746490384	1.9908160800414578	1.1012927090785183	7.750564737478672	1.771480148386431	5.519347528179899	1.8211460944108189
6.356467551786033	4.054397809074993	7.234423878514506	3.176441482346335	4.5390828537070735	3.5993066560831135	7.923571076417347	2.055804303822722	2.048648368215569	1.1815840430575726	7.848952133957941	1.5762296099815907	5.449886104539285	1.969360358013003
6.369729780915263	4.064114755684226	7.268262103811248	3.165582432788276	4.640652217098623	3.6446081032544524	7.923571076417347	2.1012131704847206	2.048648368215569	1.2224506259266736	7.831350422280355	1.6329928904600255	5.385401711627084	1.9770723131215189
6.331869986591871	4.068922557450276	7.2858624864871615	3.114930057555024	4.785155787277	3.6446081032544524	7.829719881472218	2.1012131704847206	2.048648368215569	1.2224506259266736	7.886810599279661	1.7420678392906015	5.385401711627084	2.1679266285496634
6.523656393659215	4.0736967734474065	7.48775020586462	3.1096029612419027	4.835720158944849	3.7352542452714315	7.829719881472218	2.055804303822722	2.048648368215569	1.2607476706836034	7.872954058263011	2.2435737715595168	5.4474125554692945	2.968773098540566
6.727021937348148	4.010897128971031	7.62831610507722	3.1096029612419027	4.92954318076422	3.7336561180418895	7.735896859652808	2.057402431052032	2.048648368215569	1.3015631703386465	7.741103245804928	2.487843955735828	5.378361387487598	3.137950884152054
6.7677145110980925	4.010897128971031	7.669008678827179	3.1096029612419027	4.92954318076422	3.7336561180418895	7.79372914782687	2.057402431052032	1.9908160800414578	1.3015631703386465	7.612418095937334	2.6377310443401254	5.2496762376200055	3.059931717102783
6.71248163036848	4.066130009700482	7.669008678827179	3.1096029612419027	4.886977415156867	3.6898453786094105	7.778462625260028	2.1012131704847206	1.9912525094900584	1.3015631703386465	7.667650976666825	2.5901285287237354	5.2496762376200055	2.989348405758795
6.664222292871797	4.124261145115486	7.62831610507722	3.1601673329100577	4.7937709936247925	3.6459651943137614	7.821104675124453	2.1495785750332552	1.9912525094900584	1.3060483905912685	7.537793023479329	2.658062645417243	5.1793541943496315	2.8652034788532923
6.623445957488165	4.125054666621651	7.58753976969364	3.160960854416082	4.792977472118621	3.55667158804316	7.821104675124453	2.2388721813038535	1.9912525094900584	1.3060483905912685	7.469295809073765	2.685107218448298	5.110856979944073	2.873020682431522
6.682427770694938	4.075107500055957	7.596796005067702	3.160739265683128	4.842924638684255	3.5623756851006174	7.821104675124453	2.282893662078898	1.9339228099160313	1.2652328909366308	7.2727131408307715	3.0335430950597373	5.11300672437157	2.978171682117257
6.81523720069802	4.082705532089952	7.7372034671049335	3.160739265683128	4.842924638684255	3.517099437730772	7.857089656149976	2.3281699094487665	1.8979378288905895	1.2652328909366308	7.144280470098223	3.1145648094525256	5.108439363737401	3.012179709323315
6.625783944543877	4.145763942115444	7.5656572983422326	3.205890588317284	4.945696808176618	3.517044090774431	7.7543174866574995	2.3733765790390406	1.8979378288905895	1.2243627529129881	6.8094737968130135	2.735553904466029	4.7782636801785925	2.778883932134224
6.603068268715137	4.145763942115444	7.542941622513485	3.205890588317284	4.945696808176618	3.517044090774431	7.7543174866574995	2.3733765790390406	1.8979378288905895	1.142458289351173	6.608572205818555	2.586551832337161	4.577362089184056	2.526902588281006
6.269918952635108	4.387048154594302	7.501731526877221	3.1552355803521928	4.996351816141632	3.4268390684829515	7.7543174866574995	2.5074972960976543	1.8979378288905895	1.1863739841184355	6.507959164218534	2.1694740453782084	4.379993791719487	2.5040091367358817
6.118926825817625	4.546692786809869	7.510153640816823	3.1554659718109326	4.946403408899403	3.2880232088997103	7.7543174866574995	2.596595139897668	1.8979378288905895	1.1863739841184355	6.4857992807314275	2.0477043131693335	4.311583460028471	2.6045885611335287
5.456181080035588	4.614114562663332	6.9653952767204625	3.104900365978524	4.954279062699901	3.198922779303617	7.7970074386891195	2.685695569493689	1.9309840270739704	1.1863739841184355	6.276577904533009	1.8093395826141807	4.178755935196445	2.296167718821643
5.3677490895422775	4.677556078045929	6.890686785825968	3.1546183817622033	4.851478353230536	3.2486407950870553	7.899808148158591	2.6462781524718446	1.9309840270739704	1.105922105456707	6.214240644913557	1.597872053643674	4.246863916442884	2.2366416850146953
5.557837461994504	4.695622414357916	6.869478385079288	3.3839814912733073	4.7632489706895536	3.4894436293001996	8.030300629520912	2.7348255749377004	1.9887080754206594	1.064832733247751	5.944962208946109	0.17346828051220367	4.233353862248234	0.34965085492162
4.48069807402569	5.080033830430558	6.177281394697528	3.383450509758723	4.8638548673817725	3.634452473615972	8.030300629520912	2.689891645799934	1.9887080754206594	1.064832733247751	5.176086471843966	4.119740303072232	3.5907801322102264	1.7840004757680714
3.88778241556475	5.34783436826563	5.9418802730612	3.2937365107694188	4.91406979674546	3.5949534039902074	8.030300629520912	2.689891645799934	1.9887080754206594	1.023688382526231	5.001762331050856	5.296930060384126	3.645002157001698	1.111680262890652
4.4279499189781655	5.280775243934923	6.262975137918524	3.4457500249942887	4.623982421252101	3.645204642646229	8.218625729445497	2.733874405366718	1.9887080754206594	1.0676711420928782	4.89249400347862	3.6799253911389154	4.212881856757555	2.422892488428632
