0	1	2	3	4	5	6	7	8	9	10	11	12	13
8.101758208727327	3.8590329388045013	7.177581431860401	4.78320971567129	5.236891412251181	2.1753602346979166	5.292011622793909	2.8217511879970623	1.8849977552210415	0.41549641671463916	2.240620772953396	4.481112562743694	0.4094521415094603	3.816768798446946
7.727654465371585	3.8061404246335355	7.071882720071685	4.461912169933507	5.448139967228949	2.022782425718188	5.34254368483782	2.739243779532618	1.8493147463539665	0.4599454190880672	2.13782697287788	4.26822293375234	0.4770359860691476	3.771381906669929
7.727654465371585	3.856549432194761	7.071882720071685	4.512321177494673	5.397730959667958	2.022782425718188	5.306777688433259	2.61722066155224	1.9425253052537808	0.6243276294094378	2.13782697287788	4.322329542908637	0.4770359860691476	3.622462122544873
7.525501270803153	3.971884489348829	7.0357572887473845	4.4616284714045635	5.355202141448194	2.016469997332548	5.406673037692085	2.5728403838479785	1.885158774214474	0.6667430654742321	2.1987606828048545	4.280999175336122	0.4819492957188761	3.5769743527029423
7.481955015261096	3.971884489348829	6.898405760532573	4.555433744077503	5.299429263199064	2.1102752700056837	5.462445915941211	2.5332758913158475	1.9426700284619134	0.7063075580062446	2.1987606828048545	4.237452919793999	0.4819492957188761	3.5769743527029423
7.525501270803153	3.917334597455347	6.84450042621975	4.598335442038894	5.353979155092459	2.163346582155819	5.462445915941211	2.5776561690201256	1.9426700284619134	0.7063075580062446	2.1987606828048545	4.280999175336122	0.4819492957188761	3.5769743527029423
7.568955988958528	3.917334597455347	6.845319128043429	4.640971458370578	5.3965306570608575	2.206258467464126	5.419894413972697	2.5343520623334785	1.9426700284619134	0.7493357957163433	2.1987606828048545	4.278966123649715	0.4819492957188761	3.5739193026776297
7.568955988958528	3.9132088438587798	6.845319128043429	4.636845704773951	5.400656410657661	2.2065334823656095	5.455625312620631	2.5736465258163617	1.964517075931007	0.7478125605056104	2.1987606828048545	4.278966123649715	0.4819492957188761	3.5739193026776297
7.612319408217407	3.8628805307486065	6.8886825473022935	4.586517391663783	5.450984723767688	2.162358928564638	5.455625312620631	2.574857167441605	1.9976468865489496	0.7907764726813902	2.1987606828048545	4.322329542908637	0.4819492957188761	3.527656220384124
7.7158289809722875	3.8628805307486065	6.941532588787131	4.637176922933697	5.506734918267991	2.2130184598347618	5.399875118120299	2.574857167441605	2.0552527015840956	0.7907764726813902	2.1987606828048545	4.380437108446964	0.4819492957188761	3.5244407919201906
7.816585884852308	3.7548504010303665	6.933941405173123	4.637494880709695	5.557158902427718	2.2637604017702615	5.457278030566466	2.574857167441605	1.9978497891377014	0.7907764726813902	2.1955558844736998	4.423587866768466	0.427547948491865	3.5244407919201906
7.859645984601298	3.7548504010303665	6.926177030853907	4.688319354777951	5.557158902427718	2.314584875838744	5.457278030566466	2.574857167441605	1.9978497891377014	0.7907764726813902	2.1955558844736998	4.412556472800696	0.4770359860691476	3.4836598377562593
7.975226849108046	3.6392695365237357	6.926177030853907	4.688319354777951	5.557158902427718	2.2704788607752495	5.457278030566466	2.618963182505226	1.9978497891377014	0.7907764726813902	2.07997501996674	4.3672552651072545	0.4770359860691476	3.5289610454497446
8.036165872431134	3.632791970365443	6.926177030853907	4.742780811942845	5.502697445262801	2.3149270505069417	5.457278030566466	2.574514992773332	1.9978497891377014	0.7907764726813902	2.072321941626168	4.3672552651072545	0.4237500410862202	3.5289610454497446
8.09414729353153	3.5748105492650417	6.926177030853907	4.742780811942845	5.502697445262801	2.3149270505069417	5.457278030566466	2.574514992773332	2.03087426563998	0.7907764726813902	2.0688409573781814	4.3672552651072545	0.4169215715114533	3.5289610454497446
8.09414729353153	3.5748105492650417	6.926177030853907	4.742780811942845	5.502697445262801	2.3149270505069417	5.457278030566466	2.574514992773332	2.03087426563998	0.7907764726813902	2.0688409573781814	4.3672552651072545	0.4169215715114533	3.5289610454497446
8.19522174778498	3.571263251140054	6.969146708948318	4.797338289976798	5.448139967228949	2.2708888337956714	5.457278030566466	2.618553209484321	2.03087426563998	0.7907764726813902	2.0107361812193183	4.410224943201607	0.4169215715114533	3.5289610454497446
8.19522174778498	3.571263251140054	6.969146708948318	4.797338289976798	5.448139967228949	2.2708888337956714	5.457278030566466	2.618553209484321	2.03087426563998	0.7907764726813902	2.0107361812193183	4.410224943201607	0.4169215715114533	3.5776528179063694
8.253450153180678	3.5634438533053254	6.922637107272641	4.8942568992135005	5.397730959667958	2.361777771586405	5.457278030566466	2.574173873369703	2.03087426563998	0.7907764726813902	1.952507775823439	4.365009233659867	0.4169215715114533	3.6228685274479426
8.253450153180678	3.5634438533053254	6.973454263670058	4.843439742816009	5.397730959667958	2.355271834649058	5.457278030566466	2.529862653909181	2.03087426563998	0.7907764726813902	1.952507775823439	4.365009233659867	0.4169215715114533	3.6228685274479426
8.253450153180678	3.5634438533053254	6.973454263670058	4.843439742816009	5.4535638980593495	2.311300684201854	5.401445092175183	2.5309291573982553	2.03087426563998	0.8336811196391758	1.952507775823439	4.365009233659867	0.4169215715114533	3.6228685274479426
8.372640482833184	3.4442535236528884	6.973454263670058	4.843439742816009	5.4535638980593495	2.311300684201854	5.401445092175183	2.5309291573982553	2.03087426563998	0.8336811196391758	1.833317446170934	4.365009233659867	0.4169215715114533	3.6228685274479426
8.372640482833184	3.4442535236528884	6.973454263670058	4.843439742816009	5.4535638980593495	2.311300684201854	5.401445092175183	2.5309291573982553	2.03087426563998	0.8336811196391758	1.833317446170934	4.319878836613403	0.4169215715114533	3.667998924494413
8.372640482833184	3.4442535236528884	6.973454263670058	4.843439742816009	5.4535638980593495	2.355271834649058	5.401445092175183	2.4869580069508475	2.03087426563998	0.8336811196391758	1.833317446170934	4.319878836613403	0.4169215715114533	3.7166123351208826
8.372640482833184	3.4988993947426574	6.922637107272641	4.9489027703032695	5.398918026969574	2.4060889910466345	5.401445092175183	2.4869580069508475	2.03087426563998	0.8336811196391758	1.8864997363577358	4.419070176485516	0.3637392813243644	3.6174209952489256
8.372640482833184	3.4988993947426574	6.922637107272641	4.9489027703032695	5.398918026969574	2.4060889910466345	5.401445092175183	2.529862653909181	2.03087426563998	0.7907764726813902	1.8864997363577358	4.419070176485516	0.3637392813243644	3.6659561632355753
8.372640482833184	3.5536413988826183	6.922637107272641	5.003644774443143	5.344176022829656	2.361777771586405	5.401445092175183	2.574173873369703	2.03087426563998	0.7907764726813902	1.9395808583892507	4.419070176485516	0.3106581592933342	3.6659561632355753
8.327976619386709	3.4951599939681643	6.819491838911927	5.003644774443143	5.344176022829656	2.361777771586405	5.401445092175183	2.574173873369703	2.03087426563998	0.7907764726813902	1.8810994534748464	4.315924908124748	0.3106581592933342	3.6659561632355753
8.327976619386709	3.4951599939681643	6.819491838911927	5.003644774443143	5.344176022829656	2.3173984354713353	5.437069208245183	2.618553209484321	1.9952501495701485	0.7907764726813902	1.8810994534748464	4.369900643938431	0.3106581592933342	3.7066298057547447
8.32861010968428	3.4344412640692763	6.7594065993105374	5.003644774443143	5.344176022829656	2.361436652182832	5.437069208245183	2.6174789049489395	1.9952501495701485	0.7478125605056104	1.820380723576197	4.309815404337088	0.3106581592933342	3.7066298057547447
8.387220124285738	3.375831249467887	6.7594065993105374	5.003644774443143	5.40009178318744	2.3610944775143565	5.38115344788736	2.6178210796171766	1.9952501495701485	0.7478125605056104	1.8163669884395897	4.309815404337088	0.25606187982873213	3.7066298057547447
8.445954375126853	3.317096998626532	6.712979492519275	5.050071881234345	5.40009178318744	2.4516961381064784	5.38115344788736	2.5771052851420184	1.9952501495701485	0.7019444922582445	1.7576327375982885	4.309815404337088	0.3056291864731288	3.7066298057547447
8.445954375126853	3.36739395624972	6.763789210609573	5.049559120767123	5.461875122480519	2.445129619797871	5.269073150971269	2.5328620853602453	2.052883476387239	0.7019444922582445	1.7576327375982885	4.35506158602765	0.3056291864731288	3.7076540997541287
8.445954375126853	3.36739395624972	6.763789210609573	5.049559120767123	5.461875122480519	2.445129619797871	5.269073150971269	2.575949833474495	2.052883476387239	0.6588567441442981	1.7576327375982885	4.35506158602765	0.3552789679136922	3.80239236362646
8.461691574351661	3.308535197566674	6.720667651151136	5.049559120767123	5.461875122480519	2.533822386308085	5.269073150971269	2.4872570669641108	2.052883476387239	0.6632198098916716	1.7534714104420934	4.357271493787712	0.35031392388994437	3.8034913174234495
8.461691574351661	3.308535197566674	6.720667651151136	5.049559120767123	5.461875122480519	2.533822386308085	5.233449034901346	2.447638071480371	2.0885075924571086	0.7028388053760618	1.8082701754270358	4.402688430983264	0.3453302836731017	3.8045832352758273
8.461691574351661	3.308535197566674	6.767102196249463	5.003124575668778	5.433131567572618	2.6209445171931853	5.262192589809271	2.270988639919867	2.0885075924571086	0.7884034066511856	1.8082701754270358	4.4937794544338745	0.5454207771742674	3.8067457739391974
8.520675112580605	3.3043816177385446	6.864361057531421	4.960695672787488	5.378301609171695	2.613069708721541	5.262192589809271	2.18160458710925	2.0885075924571086	0.7503069068375272	1.8041869169689129	4.539453910914638	0.5407512742243337	3.7594117796622446
8.520675112580605	3.3043816177385446	6.864361057531421	4.960695672787488	5.33572229421419	2.6578659375340856	5.211638093672487	2.0971247485537323	2.148655926762055	0.8325250828558514	1.8041869169689129	4.539453910914638	0.7931606169384551	3.9471731553490166
8.579783702154396	3.2452730281645565	6.864361057531421	4.960695672787488	5.293059252171424	2.613348163932156	5.254301135715204	2.0986045374210085	2.148655926762055	0.8755630675901003	1.7450783273948232	4.539453910914638	0.8947126708629808	3.994312308771295
8.595805540814007	3.23623149956346	6.871808514654216	4.960228525723102	5.242866867965742	2.697007804918704	5.254301135715204	1.9642853651649148	2.148655926762055	0.8755630675901003	1.7408463903990836	4.59599558719113	1.0950707363301742	4.0364553767828895
8.535749900467831	3.286327842029004	6.86233011650093	4.959747625995877	5.235433567543069	2.6914359470287437	5.154271562633373	1.9192799808618968	2.2060224578011725	0.8374161792021431	1.7959502434263674	4.635722016794178	1.1901792657741836	3.9841324941668224
8.593847814844949	3.283138607036662	6.86233011650093	5.014656305380598	5.236844072815435	2.9156871675989158	5.0979523779763	1.6950287602916436	2.2390079345905125	0.8374161792021431	1.9592901338919257	4.727731818405933	1.3309699081479736	4.083410626215414
8.653456939259662	3.2785341551722587	6.912825191323237	5.019165903108724	5.280774083429257	2.9547759922527335	4.999017694811868	1.6054448608155671	2.2390079345905125	0.8374161792021431	2.0138097051301243	4.820088531455363	1.321107825529227	3.9910539131660747
8.592349335890223	3.2796767951944297	6.899486891564117	4.972539239520509	5.280774083429257	2.9535008288501463	4.999017694811868	1.5600933606299934	2.1813746077734852	0.8374161792021431	2.2425428963133274	4.945883664502645	1.6200505429989749	4.28677055729232
8.59233556947412	3.2749170171268056	6.886321395432077	4.980931191168891	5.225673267418768	2.906791964487909	4.9417228109527755	1.5600933606299934	2.2386694916325784	0.8374161792021431	2.1859386514434775	4.9794156650767585	1.8236500188882028	4.290639352757485
8.531327509451877	3.1805709744464963	6.832001156652948	4.879897327245297	5.479913954454269	2.9611122032670374	4.878637133928312	1.5600933606299934	2.202868584324049	0.8374161792021431	2.481305657133559	5.16036155679964	2.4148319029480367	4.20979626912321
8.591313425319631	3.0703136974690683	6.832001156652948	4.829625966135948	5.530185315563758	2.9611122032670374	4.878637133928312	1.5600933606299934	2.202868584324049	0.8374161792021431	2.5358629752437882	5.1534100699991985	2.4653350331007022	4.168325833635928
8.530175186948709	3.1314519358401167	6.781321350048826	4.8803057727399635	5.530185315563758	3.056021123887066	4.878637133928312	1.5158642466141516	2.202868584324049	0.7948754339161156	2.600977132111409	5.193855892638201	2.4142379395167435	4.276433853562055
8.44329880809336	3.1314519358401167	6.741299637448394	4.833451106485102	5.756775935898579	3.009166457631983	4.709306486548652	1.5158642466141516	2.0880416175959273	0.7523913483775952	2.82737284772027	5.489615188920275	3.3665321194306146	4.497424555996509
8.383456001926636	3.1314519358401167	6.681456831281698	4.833451106485102	5.870574088707615	3.009166457631983	4.595508333739447	1.5158642466141516	2.0880416175959273	0.7523913483775952	3.049708435022814	5.52634382428062	3.362632845567913	4.5025536606335725
8.16452239659563	3.3922745092317865	6.701484991042684	4.855311914784738	5.781078953501553	2.725975578524142	4.481512328836825	1.5600933606299934	2.0307101843135853	0.7523913483775952	3.5230299710617707	5.801100080558595	3.4447038483642642	5.363111583979638
7.970918968669952	3.498678833695339	6.606949399104457	4.862648403260767	5.733109330640123	2.628064952495964	4.42423483719391	1.5171150036159293	2.088277178086143	0.7953697053916738	3.761034266773861	5.707288066932942	3.278447896705233	5.264477379639169
7.731489261997474	3.837944256809838	6.618887033150754	4.950546485656553	5.455241708976559	2.483517040646127	4.42423483719391	1.471693376197871	2.088277178086143	0.7911073623287498	4.14894627636893	5.777490469688236	3.5038299623714524	5.55871398100515
7.535602529236365	4.169280521035569	6.666200641870826	5.038682408401139	5.224621182874401	2.2416106710140578	4.32481307091941	1.471693376197871	2.088277178086143	0.7911073623287498	4.538802691854634	6.184779256954609	4.309911236749475	6.971582565908841
7.475610877396991	4.3385939140675545	6.704763380627734	5.1094414108368555	4.997972512217027	2.1872835285467014	4.324816915262642	1.4671593136246703	2.145608611368895	0.7938356740709966	4.554692805712741	6.018913322364206	4.388480486867269	7.193033128690748
7.338790360326445	4.339893403294433	6.619666754607009	5.059017009013947	4.940721319624185	2.0914393651930854	4.3820681078553445	1.5125790751559407	2.145608611368895	0.8363136727732555	4.955526719994849	5.978333809645811	4.774517154409381	6.9223781427441935
7.337485318359233	4.390809446585411	6.670006571886144	5.058288193058464	4.891110318300547	1.9946326617004775	4.3820681078553445	1.559045961368942	2.145608611368895	0.8363136727732555	5.028865219399095	5.974662415346559	4.720396902608807	6.993699351962998
6.9877427924754745	4.575272823086346	6.605153844013678	4.957861771548201	4.891110318300547	1.8919823866538334	4.3820681078553445	1.6009035440024288	2.145608611368895	0.754201944973325	4.987228507372737	6.434525111198289	5.073869962130549	7.054882971509981
6.819700720671437	4.690806314121549	6.609728946240458	4.900778088552467	4.840939948285728	1.8418955119667304	4.474929822168888	1.6009035440024288	2.1099140753788395	0.754201944973325	5.172941219833543	6.33371906672972	5.0477289315333795	7.000108569685346
5.9518724241535965	5.293881779131669	6.286528350871372	4.95922585241373	4.784430010217805	1.8438333377604237	4.532226138857918	1.6009035440024288	2.0526177586897623	0.754201944973325	5.555506530900287	7.69703212535493	6.026606829794479	7.0728899693475755
5.8461757708378554	5.353297927524603	6.240247845948672	4.95922585241373	4.784430010217805	1.7987671273542485	4.589593747977738	1.6459697544086704	1.9952501495701485	0.754201944973325	5.623387715131847	7.707632804797549	6.1750293855470595	6.981080184992106
5.564078275189479	5.366447725170978	6.020813277705651	4.909712722654802	4.791804259755225	1.7987671273542485	4.631732628199365	1.6459697544086704	1.9952501495701485	0.754201944973325	5.99558263360087	8.176891274008481	7.019268346799214	7.855595538156194
5.514766478118152	5.372717706616842	6.03429434897704	4.8531898357578775	4.8483271466520925	1.8438333377604237	4.667285433844194	1.6009035440024288	1.9596973439251655	0.754201944973325	6.067541280791328	8.072888730256484	7.175176384297439	7.991322730068342
5.26683785890901	5.431989495960661	5.893870900124753	4.804956454744922	4.8483271466520925	1.7955999567474605	4.667285433844194	1.5579941027299178	1.9596973439251655	0.7971113862463304	6.329134177345108	8.891602917093167	6.833020778748379	7.60654065265248
5.158021865561853	5.603564708846391	5.95719742488192	4.804389149526278	4.798801068064101	1.7455065729408021	4.667285433844194	1.5579941027299178	1.902130350152383	0.7971113862463304	6.386687437293003	8.367473943850742	6.921596105488001	8.351683239666205
4.573327007536632	5.901805989177221	5.719064763251726	4.75606823346201	4.855994338910479	1.7423211251321178	4.61009216299786	1.5128586344743602	1.902130350152383	0.7971113862463304	6.344282981503943	9.356847105761082	7.67766314635737	8.102136605638748
4.421146294737543	5.962221194846278	5.732117098206477	4.65125039137725	5.011770744180466	1.7378716197360267	4.510728182706173	1.468902722763914	1.902130350152383	0.7971113862463304	6.2853494810844	9.27064058665477	7.878953937812899	8.104025055816882
4.278900638227814	6.020442454171637	5.745157648691962	4.554185443707644	5.069106021806085	1.7312817970194463	4.417840099435581	1.3784275978112048	1.962225673068008	0.7971113862463304	6.167362402608062	8.827483721174792	7.348980252919123	8.720607453766974
4.034383359390266	6.075084336126904	5.61159730679286	4.497870388724301	5.1828405097460815	1.8220347438297155	4.360420666478854	1.2876746510007386	1.962225673068008	0.7971113862463304	6.037594989798718	9.06926551693703	7.268796397951089	8.517537559316255
3.9277037621075763	6.076588700146466	5.6112997377204135	4.3929927245335385	5.239058338087311	1.818855822151046	4.360420666478854	1.2421937368295037	1.962225673068008	0.7971113862463304	6.031372725420806	9.144860728412812	7.259113157308352	8.467308640613524
3.7677061870772612	6.305215131095585	5.622346108940575	4.450575209232355	5.1828405097460815	1.9131450387667703	4.324796550408759	1.1492691765715564	1.9647588010505315	0.8014363175501171	5.659028584833534	7.457682033788002	6.943361029852195	4.341185503194501
3.923021532507701	6.254647868746476	5.6701229403377145	4.507546460916434	5.134030999270852	2.0109354961934183	4.3668298186991175	1.1016737286441969	1.9647588010505315	0.8014363175501171	5.355239550293068	6.115218764674313	6.95943147406177	4.271373547514585
3.2411915897604957	6.653424592411298	5.582887074733454	4.3117291074384445	5.134030999270852	1.8610252698648784	4.3668298186991175	1.0557666014953475	1.9647588010505315	0.8014363175501171	4.405012659340713	8.619785239430962	5.002949950454726	7.347576148889638
2.616362303654036	6.990399399741215	5.344201959535677	4.262559743859573	5.191561580034687	1.857833650511906	4.309299237935418	1.009788857269046	1.9647588010505315	0.8439770628358613	4.263840052846492	9.221892183374184	4.298285121076941	7.46024947244718
2.7157058045581834	7.054279974689231	5.443733671863954	4.326252107383458	5.078613533949072	1.8085779679498548	4.251896325489286	0.9669387019088009	2.022161713496827	0.8868272181960923	4.216700758706609	8.80484196590381	3.691188555135396	7.249283754257032
2.7717925436786506	7.111532767469862	5.493075827917754	4.390249483230653	5.007280347691141	1.759235811896333	4.209889979846058	1.009788857269046	2.022161713496827	0.8439770628358613	4.280406587117046	8.61881270557604	4.069535357395713	7.380454536396671
2.9280160333707466	7.119208783665475	5.543243168814459	4.503981648221962	4.893548182699874	1.805284276914232	4.209889979846058	0.9241019437303654	2.022161713496827	0.8836155113558016	4.13970227203381	8.11736524146923	5.415336575358205	6.665120071268263
3.5493958662694958	6.719224811486839	5.643510662290338	4.625110015466251	4.821694052356583	1.7990681292837805	4.110407176895428	0.8801095253114657	1.964517075931007	0.8410747660708247	4.150432077509555	6.334290982620992	4.955571505249762	5.9635808158295145
3.540061968196474	6.716076286761134	5.631733928360957	4.6244043265965455	4.772277656496862	1.79286775737965	4.053075743612919	0.8361878124855386	2.021848509213507	0.8410747660708247	4.2930586778356465	6.210358074604583	4.775852999649562	6.041465141105955
3.4397895590042227	6.830765398270466	5.680448392765996	4.590106564508549	4.798715875424396	1.733840955842538	3.9119484131758884	0.746227740425398	2.021848509213507	0.8410747660708247	4.4299792026483615	7.55520535840284	4.082883953046418	4.285040186120061
3.5544724961858707	6.811224547608493	5.76838208309465	4.5973149606995625	4.691950445126177	1.634283921735075	3.9119484131758884	0.746227740425398	2.021848509213507	0.8410747660708247	4.437817851407163	7.81006312786836	3.6495606271422	4.109369644182556
4.013928386602882	6.57489997430792	5.917958305593995	4.670870055316734	4.518924062303075	1.5348126335294399	3.9476429491659517	0.7065299107044017	1.9285760271066184	0.7958610179611609	3.8985693653835707	6.276194503634868	2.4748702913618152	4.409232072444946
4.36245674411474	6.33813650311654	6.029723191914486	4.670870055316734	4.576597748503534	1.5348126335294399	3.8899692629655833	0.7065299107044017	1.9285760271066184	0.7958610179611609	3.87104674414932	6.017781236923544	1.8781866351005567	4.290527950276417
5.101689874548747	5.739950563158677	6.1785923532489	4.663048084458417	4.634372283658355	1.5847651978259676	3.8899692629655833	0.746227740425398	1.9042716927903756	0.7561631882406009	2.672184672804435	4.215683135330993	0.8616274247031944	3.680061029145643
5.382993568100521	5.557416809744596	6.2773622933867514	4.663048084458417	4.634372283658355	1.540917622342836	3.8899692629655833	0.7900753159089208	1.871064772859326	0.7561631882406009	2.365887722255604	3.426401514600961	0.7083455635431732	3.93514581206098
5.198938879770405	5.753963224313923	6.338921113196331	4.613980990887996	4.584240687546254	1.5410918250087398	3.9893421553141484	0.7900753159089208	1.871064772859326	0.7561631882406009	2.538976177973411	3.3703246212223936	0.07803578210421541	3.0685890248605765
5.077930853107043	5.8749712509772225	6.388873676698543	4.564028427385888	4.584240687546254	1.4934077499398177	3.9893421553141484	0.7878068274752571	1.871064772859326	0.7561631882406009	2.59365758938013	3.5380925644834624	0.06633502773473614	2.9655620478466975
5.248140350197818	5.869643717151582	6.538242644851992	4.579541422497311	4.426776976321181	1.3932402522135692	4.031125373701451	0.7878068274752571	1.871064772859326	0.7561631882406009	1.040801364034349	2.27761671320817	0.7291491913145158	2.1122381072701155
5.248140350197818	5.878340862016332	6.488115116510577	4.638366095703816	4.418079831456494	1.4433677805557925	4.031125373701451	0.7878068274752571	1.871064772859326	0.7561631882406009	0.7007362926697138	1.9540656522004418	0.998085534645561	2.007027334592287
5.124187584907638	6.002293627306674	6.588633924809131	4.53784728740512	4.318540075235739	1.3428489722569186	4.130665129922348	0.7878068274752571	1.871064772859326	0.7561631882406009	0.8948497587236666	1.7886233545099597	1.3785324931153535	1.8900660286341453
5.282837698468221	5.999834744256288	6.6867192593176	4.595953183406918	4.260434179234018	1.206553856001761	4.0949705939324375	0.8844041140096209	1.9067593088490795	0.753490052346199	0.8979748509778629	2.1599975235804787	1.7108143480509819	2.586771346637826
4.812697349604553	6.420985270239088	6.637729436436722	4.595953183406918	4.260434179234018	1.206553856001761	4.152302027214891	0.8844041140096209	1.8494278755665337	0.753490052346199	0.1479632233481587	1.0252051550174779	1.2601100459417018	1.95512108702657
4.515845687782214	6.7178369320615365	6.637729436436722	4.595953183406918	4.260434179234018	1.2505462744207567	4.152302027214891	0.8404116955907824	1.9069391298139557	0.753490052346199	0.7354290148758549	1.1456263082932923	1.9189311828025186	2.544967404029084
3.7973847779938557	7.119139677169084	6.329384697840144	4.587139757322836	4.269247605318041	1.2505462744207567	4.152302027214891	0.8404116955907824	1.9069391298139557	0.7958610179611609	1.0822691490569807	1.1343326604412944	1.255028682820836	2.5497288492872987
3.689661263118476	7.119221872838136	6.329860059307781	4.479023076648869	4.3272372201004785	1.2004192085298475	4.152302027214891	0.8404116955907824	1.9069391298139557	0.8382885102526693	1.1814720917794626	0.46862104761697476	1.8130553768947733	2.2045124078961895
3.57939642767547	7.278695840245662	6.329596463189181	4.528495804731968	4.278028088135947	1.1985626076557294	4.152302027214891	0.8425318925832719	1.9069391298139557	0.8425628686344033	1.2225873733162889	0.45652567530151306	1.4722105828945056	1.9086136755252743
3.149237337348031	7.328355459417296	6.179734493002143	4.2978583037631575	4.508928264369767	1.2426798407785813	4.152302027214891	0.7986773347255416	1.8737039833910352	0.8851097265036785	1.9036142629377601	0.45441432015769423	0.4550165651661169	1.4450372436721373
3.0924071326719	7.376897211046325	6.1296074230822715	4.339696920635884	4.517216717416623	1.292806910698396	4.152302027214891	0.7986773347255416	1.8737039833910352	0.8851097265036785	1.846784058261634	0.3867836364498375	0.3324078684787745	1.3303281098062256
1.361206917565857	7.6178875312895595	4.396733777833782	1.859946835889619	5.849122385587523	0.6166371361835195	4.439399541137798	0.6141002065874203	1.840401966092913	0.8938207930003714	1.3077981853393028	0.29925844856792316	1.2129496783063891	1.405748512521375
0.8166924940047559	7.894101969733931	4.680001953634846	2.3974075220945967	5.414290629378045	0.6730158781008312	4.439399541137798	0.6603503946653648	1.840401966092913	0.9365508898173864	0.7707971723782407	0.22139689727358564	0.8107079209503231	0.5115359134900568
0.5760304709081273	7.6240119756088385	5.278791306899973	2.9212511396167518	5.362319509785687	0.8001090051861444	4.267481637636844	0.8905432952911216	1.9553886341339806	0.9365508898173864	0.7521226498295946	0.645251767705418	0.06200924109050438	0.3951210763748388
2.177813808534893	7.5602580199477645	6.2048611144335375	3.5332107140490416	5.40017474932985	0.8865751442235549	4.068798530333287	1.255208862927726	1.9798193203646066	0.8938207930003714	0.6481513358659308	0.7019039908256263	0.43500248744596887	1.784219936537698
2.3342960413468696	7.391528188202	6.044100075257279	3.6817241542917243	5.350960803360839	0.8940915790166508	4.068798530333287	1.386689752128522	1.9798193203646066	0.8924280720684126	0.922467479375181	0.009072855311243414	0.31186574942436596	2.1118665552262343
2.721025663124348	6.948267758769403	6.129808335920348	3.539485085973398	5.739437917846059	0.8709954371714417	4.068798530333287	1.6956623886610607	2.037647660783075	0.8101228300209595	0.8871084392316335	1.9737894730387064	0.0890423806174109	0.6617820039713885
3.3625107013865203	6.825133984255753	6.354758232817412	3.832886452824836	5.690238834173524	0.9814541863114787	4.068798530333287	1.8294059227000719	2.004327836675906	0.7675130149235341	1.6534242626130187	2.0182841881131477	0.4066661554915749	1.2369586886497501
2.372328080273508	7.138451637429311	4.866363575350247	0.10024001819596437	2.785707569676944	7.015517431808609	0.9118286569893079	4.956968297653202	0.6588480750833126	1.6781362787272338	2.7257774540367565	3.6279169560272715	2.354510841323171	0.48657666336305966
0.7307204878959178	7.007845239216636	5.91057514222402	1.8279905848882516	5.560595455530058	1.4009414991036884	3.3959618284128017	2.504795723454076	2.108000174321159	0.7494848261485304	2.476630760439611	5.390052137876683	1.9734728206323202	0.800033387946823
5.496432554778537	5.373476155194684	6.901698854322424	3.968209855650721	6.31761945956868	1.6856748051910815	3.9929683606871076	2.484408260855591	2.0656858314695237	0.8220192870508412	3.7564017899059663	5.7056975500774	0.29053893431907185	3.5120844902556136
4.857384585920607	7.408007385949622	3.4437686864937236	0.8931458864643869	3.639953220220278	5.669822452125587	0.8368640537265213	6.046839317338965	3.215886809794906	1.6311973534956123	2.156364224553849	3.049205083848356	2.2583095057204825	0.5135243136357756
5.2527596544523565	3.0743622653106946	6.47003309161249	1.857088828150692	6.863348034150945	1.6752118458843142	4.48902474296073	3.4054070556150995	1.913289765210199	0.5959076977872412	5.700438563592814	4.563876582323281	0.572119835607159	2.6551612564896714
6.9375295703308515	2.1827968299373732	6.642070492532547	2.478255907735548	7.713330251356764	1.256936471881804	4.799125665855106	3.191739156992587	1.621465945313996	0.5554404361872721	5.490919582392237	3.607563016956581	0.1661850475427262	2.4452002392413164
7.196220413888515	2.110176588063289	6.6373601461147	2.669036855837029	7.951320278881892	1.2190299298670346	4.711436335500826	3.109372864685328	1.6008034913572171	0.6358296004727999	5.5737591841930865	3.412246050258373	0.35661506011990646	2.358187029740363
7.3084584207538486	2.6567657968053937	6.402366864514227	3.562857353044903	6.888861540770249	1.338801320702199	5.27442342511279	3.19850327506019	1.7161936880570907	0.7217173291339867	5.80989996652722	3.9469607149065316	2.476883330908966	2.197536171277482
7.351339473189427	2.966869384629584	6.441008913812309	3.877199944006793	6.411712851255877	1.3857290472748185	5.405772913171577	3.1558145516255065	1.809621824272563	0.8060865822096924	5.8553760102475145	4.310366555989482	2.4732122491569783	2.1071687282924176
7.721954686337422	2.99016651991705	6.431055004475107	4.28106620177947	5.250634238676282	1.4893628062909947	6.135353485574506	3.1966486225662756	2.07288020062827	0.7561841804965924	5.067178184472603	4.1315859132199755	3.540287798736504	2.9468164366376604
7.841694998035546	3.0341212484608415	6.440638229189558	4.435178017306874	4.962002000373653	1.5390883841233767	6.262376229734169	3.114302813430771	2.1879317974949757	0.8423693719201176	4.801622570363777	3.7295068783323364	3.716773407079383	3.2705195408758354
7.699570686482926	3.0114972713038295	5.999268355616498	4.711799602170278	4.060528585130225	2.0972540583473482	7.211596754197534	2.9483599907278206	2.313602856456447	0.9668740147032009	2.9053156978455017	3.5607501053111634	1.2294842875341565	3.8873372101955144
7.632655847125789	2.8648022843804943	5.928539328096977	4.568918803409496	3.8589568504385943	2.154865371004448	7.560088866501557	2.951830900704241	2.25526798027686	0.9668740147032009	2.134126101460494	3.4522766065967825	2.1075118549274	3.5067964882216165
7.605688348974237	2.7270936839286564	6.0070325382421546	4.325749494660815	3.789480665666288	2.1512091529296007	7.69853262341462	2.995642798844497	2.2935468704927313	0.8817912045687155	1.4338299331152897	2.580223767708219	0.5188252023003818	3.621976435432133
7.622562381622412	2.6262855482259733	5.967979156345911	4.280868773502515	3.7517416661940004	2.2949164850183883	7.573251643156103	2.9504931751384222	2.4998155664113377	0.8391609107298931	1.542340688749159	2.9652505585575226	0.3596574147548333	2.974904074228841
6.4136885798861885	2.915035703255899	5.029527401078599	4.299196882063466	3.814864105935049	2.7883141600335644	7.551759352109941	2.862583232091068	2.7628256013132626	0.45929138349824994	0.3591324682968709	1.7041608459162783	1.2936253672919642	0.41112735177647197
6.385015541603491	2.966040889987234	4.904387303059154	4.4466691285314175	3.6104215311286394	3.1480177272218866	7.536047092923686	2.599346724639255	3.0229421998945627	0.4175935211668192	0.40870240483253517	1.4788595546923093	1.8471172232045632	0.09774401890365554
3.6829691733288143	3.5936223158852663	3.343468800770427	3.933122688443919	4.509447353551493	3.4124382752109828	7.21813232292648	2.289796555171447	2.886105599054194	0.12726305256017198	2.6309081672106926	0.6977497984813549	2.6696150821054565	1.3988226900377525
2.7600425388012564	4.022976790695761	3.3944701723279738	3.388549157169089	4.894575835958845	3.2490997770018124	7.09317274119286	2.1550198951835093	2.862962084129197	0.08451816671621788	3.1038822368861125	0.9285193481229145	2.114402084704435	1.358979433837632
0.07657383262751467	4.478176212579613	2.645166161967648	1.7564362179883601	5.039502804431627	2.4128672157369095	7.809531865138418	1.920395509453241	2.3516094086724504	0.2504026677640166	3.7968332896046904	1.5694480684384555	3.4229867594585097	3.413649088967638
0.3322173808916979	4.425974957977036	3.1973180486220283	1.5608742902461448	5.134500105141726	2.3009906173944774	8.123439326586404	2.0416027092346694	1.8680516133127787	0.5879775095723582	4.349963275886787	2.4057114661134777	4.492605274663831	4.189358056014081
0.7373656565944677	4.5842394381821	3.5171501352674235	1.8044549595095958	5.079817926531627	2.3504930803934303	8.144637652100055	2.129937090340976	1.7524597083929812	0.5930233119784825	3.9042864881650545	2.358296982491112	4.734992272968873	4.172863811166046
2.080278785881498	3.6603985478755674	3.6620263739546943	2.078650959802372	5.026774240478207	2.815279323054017	8.29819708494077	2.126706479823034	1.7856765128122507	0.5977510562161881	4.805385292550341	2.158646855122901	3.1317724922540138	1.299691686666496
2.4512392593275956	3.501759060799729	3.6351925908187748	2.31780572930841	5.020958805078487	2.9544427842668486	8.261926190821477	2.1702185814589217	1.7277715340379343	0.6001227796279305	5.007201307110907	2.4908295509287584	3.5037885892054437	2.227283520427383
2.0382612838719325	3.622116459374256	3.300576937315233	2.359800805931141	5.364761064198086	2.9012384390950934	7.810091578466254	2.2548718422257457	1.8429781640471103	0.6397039930616597	4.847940023926403	0.8691702339580106	2.1026438424327374	0.13347600055287448
3.105905385752221	3.66720866021581	4.1290579316824285	2.6440561142857315	5.264330275691377	3.1301350062762654	7.810091578466254	2.2533663102223547	1.87609052174214	0.7244108866159951	3.4202807633010495	0.16460912059281213	2.858495706602871	0.20139311712876673
5.14173450103714	3.5398608550321624	5.613029145968586	3.0685662101006588	5.11315535867705	3.4026348843974317	7.810091578466254	2.3415152567826185	1.8188269815915066	0.8117245324966073	2.5600494235344446	1.2792271187778075	3.8655430235419694	1.2948368122532645
5.953325379999335	3.588777116759349	6.292899757141057	3.249202739617793	4.958796389569429	3.5390346672607502	7.964450547573847	2.38575200343664	1.8519112911163833	0.9757377777331168	2.3508774297856347	0.32388866140710376	3.8932291689076663	3.1302506402614094
5.423875022304426	3.588777116759349	5.81347321843065	3.1991789206331696	5.2955021944677325	3.4890108482761515	7.569912454501366	2.38575200343664	1.9097435792903488	1.0574163876350848	3.0141494346579676	0.9345251274984849	3.205335089172729	1.8417659850477348
0.7013257378851674	6.0790080459635565	2.6698897620074766	2.7077925460705305	5.318562817312405	3.48332045889582	7.782653404723088	2.2908073828202684	2.0251901610698564	1.0994276487342218	2.1094756601686613	2.5708545247665224	0.8654515888584374	0.3051337298067984
2.208585081308769	6.86572714012677	2.1925513564454775	2.4645907023722713	5.507716958654382	3.483316019795264	7.733872297922705	2.2850403279798077	2.0828044946452486	1.1388706303745173	1.2861750641810537	2.46564758679457	0.07478856115461108	0.46628212211189507
1.7899982274575785	6.457331599650826	2.350523326649009	2.316810045544297	5.655497615482578	3.4381059833145153	7.712456686802917	2.3302503644606967	2.13723843189648	1.141371779458297	2.1033940450146624	1.5890429803874007	2.8877825566812105	1.5463674110059127
1.176717435527303	6.213682796950244	2.7730323679866378	2.2639329934358043	5.805437922409282	3.527484791664533	7.545811634679997	2.2860860316918035	2.1618569331481168	1.141371779458297	1.569598686170553	1.2120906549953312	2.129497243594477	1.682074355500741
3.1786649616868585	7.177711748680985	2.462243528158293	1.5368032588359954	6.3941068969530335	3.48332045889582	7.569765547176105	2.3302503644606967	2.1622428371882743	1.141371779458297	0.882003115180574	1.2476567078030425	4.186133086939706	1.1333976000943164
3.562680141595754	7.166955176101296	2.305308851067715	1.2989661834374866	6.330241865318909	3.48332045889582	7.907659553893399	2.3302503644606967	2.126050937502798	1.1006754809618067	0.21270575711269354	1.1662557653971346	3.777247106061873	1.0747013047412164
0.0782039477796281	6.507817425971194	4.532526855234773	1.89708662295975	5.489592017942219	3.9914746862628343	8.646372659364934	2.375390702800718	2.183161805593058	1.1388706303745173	1.31183895061033	1.876245029099734	3.253217635715015	2.7985660668889665
2.309525026034755	5.31493603936427	5.363262177848635	2.261198887550138	5.553491297483697	4.262803793212334	8.468839245896211	2.375390702800718	2.237144391106749	1.0573080630487603	0.9787317724171628	1.0854505368784566	2.3531241919259145	4.872967119830417
0.7862497489574324	5.408754893111889	4.922959240653176	1.272045401416132	3.6973737488407363	4.738746373290321	6.110590986480568	4.7209357522941575	0.8313881814253684	0.12541327892442572	2.441132753940976	2.088071191313016	2.542568965082361	3.4994332059451314
1.7374542775102157	4.883364825132948	5.161419839444151	1.459399263199304	3.606485548824095	4.831705231724487	8.974631943783042	3.4980258680425527	2.718205883057204	1.20957114850689	2.047380824678981	2.062313212758706	1.834425921875958	4.040622739413171
3.6875323840462135	4.519146008916227	6.369741070463534	1.8369373224986996	4.078725652009765	4.792211313829581	9.276747976358307	2.951994521469656	3.038070775236787	1.210416459489667	5.01709373717787	3.08294203342765	2.049733264209574	4.671005964688269
3.9356883451545785	4.66782870362348	6.241899402972457	2.3616176458056946	3.8892087320411894	4.746435130202898	9.498071558231105	2.6834173917175304	3.049179741506012	1.3540789356051932	4.949125246563609	3.4022688050481174	2.878429049047351	4.167678796345441
4.900574074683233	4.260122807539566	6.137818613986079	3.022878268236724	4.641516731822148	5.082857168875569	9.088865331833134	2.7299633498675853	2.884275476343854	1.3762181193781118	4.949394904457068	3.9183244451258803	1.4437044603269968	4.070256986275505
5.190388926016035	4.053473751768675	6.049278075828846	3.1945846019561186	5.409064985352717	5.163374887326896	8.491154977631238	2.688475157138747	2.7718223142368363	1.2871337564822243	5.17643008369033	3.71021473408337	1.4956503297162536	4.312783730101097
5.4042006190848415	3.5948964346943453	5.9820904352453175	3.0170066185338245	5.781082591803076	4.737390352433939	8.087736587666784	2.6468509421642743	2.601339708772115	1.2805418124912196	6.6377118544991935	0.5486396780185071	3.5548945812365584	0.6309188735090461
5.7032254744632525	3.3694942802327574	6.191559883322103	2.88115987137388	5.6877957970949655	4.550527191596772	8.130764384873999	2.6036255987739687	2.5767926311596123	1.2365590529241348	7.121931563302582	0.09805250752463539	4.122899074844484	0.6643375872643158
5.750287668489158	3.3124882875837764	6.174711422951795	2.888064533121	5.637621267707021	4.463223350171764	8.187735300201732	2.6431612948126584	2.5198217158319998	1.1913102202762378	7.0147510412657175	0.008298900096660417	4.185696369841735	0.5383944741054086
6.119728265574841	3.292555324929573	6.520839023404299	2.8914445671000006	5.541070020352145	4.3700521367958505	8.166808579119557	2.599305947088315	2.630827931916045	1.1856464961106337	7.280384229036525	1.1029156430129456	4.6304657609532285	0.31011675084658114
6.19605832318193	3.287055302882383	6.586697722181321	2.8964159038830197	5.449563900160073	4.326620968641931	8.20991219437505	2.599305947088315	2.6882008489606943	1.1856464961106337	7.226481702052517	1.4098420858339105	4.6304657609532285	0.7753847188401688
6.142155796198032	3.3409578298665306	6.536861314872552	2.9462523111916608	5.355963284776872	4.37645737595074	8.30351280975828	2.599305947088315	2.745639214878137	1.1856464961106337	7.280384229036525	1.2455386203824805	4.6304657609532285	0.7174404070059103
6.610818962229883	3.066059291309044	6.774383938939888	2.9024943145992292	5.111857047929526	4.3828835169631475	8.597803184210548	2.594887414382735	2.745639214878137	1.2194739927827716	7.1217008367780785	2.3972977074672284	4.759003815725906	2.87500615093542
6.597027002476934	3.120215545187305	6.764749787270153	2.952492760394087	5.061879947826737	4.4769159365423	8.647780284313288	2.550853440598562	2.8031430260780343	1.2194739927827716	7.109826081962385	2.1863730424879524	4.7593910651242775	2.2781015528094675
5.903947386092936	3.2335770388444933	6.495884133749411	2.6416402911878776	5.613468445631463	4.21522032295927	8.087725791857181	2.5500960244219812	2.76984905060254	1.260231531821057	7.080349560922141	0.9179607389431924	4.878478538785955	2.0255227055304252
5.844338470152502	3.1833111906453126	6.52437313983111	2.5032765209667374	5.6130724429844845	4.127122400937245	8.138387642703197	2.5500960244219812	2.6549599710639487	1.2985354396000137	7.271587015066312	0.08523558761566079	5.003346214548675	2.9751964112121287
5.433331065297102	3.3459676526166704	6.318235693556602	2.4610630243568665	5.908366415069596	4.082957719481689	7.841142485772258	2.5500960244219812	2.5074572795205783	1.3368938494110416	7.432292292191721	1.7524759949970337	5.064991004751325	1.1258114403071466
5.337973722510872	3.3993028366494196	6.320455563589022	2.416820995571157	6.061694969996271	4.038715690695909	7.687813930845645	2.5500960244219812	2.359998510737682	1.375306843203313	7.485627476224467	1.5332366554219288	5.126493320907995	0.9140307962867649
4.44082328142969	7.865853683446429	2.577115686312719	0.8479147157040579	6.721164835957344	3.22718908090528	7.6959339924257115	2.460306281887064	2.3028390652348456	1.375306843203313	0.5040554373180576	7.420947003823916	4.919279208367784	4.662940949895453
2.871481288389356	6.198613392305068	2.386148351233646	0.9409837526819993	6.554186990196306	3.3141637246320736	7.856817444935662	2.460306281887064	2.3028390652348456	1.413774502963454	2.0285806973939824	7.507530540646745	2.5796835385175965	4.615465748404554
4.288603523235236	4.243094400642841	6.8447738155544515	1.6869241083237492	6.022092135601046	3.6305269263426703	7.915305024001486	2.4162761602884495	2.3028390652348456	1.413774502963454	7.407589707731469	1.0585833295927314	4.327807539078659	3.9474860636412377
4.550409220272511	3.770141233027398	6.498529071561475	1.8220213817382995	6.065007088351242	3.7656241997572026	7.872390071251237	2.4162761602884495	2.131756621175071	1.413774502963454	7.445981224368515	0.45329528721168133	4.368959642271375	3.2593579332902727
5.303083220224017	3.7035961310010284	6.819382120627236	2.187297230597859	5.923323390370611	3.944288344948237	7.851636221284684	2.4218276249774147	2.09561494886873	1.333627271717254	7.829667161999317	0.3693898952346083	5.105593479028284	2.0695966473019736
5.019206259756447	3.707757624019401	6.543247231176403	2.183716652599236	5.963640010021578	3.9887726368742324	7.859384471557882	2.4218276249774147	2.038785402307781	1.333627271717254	7.816150001779582	3.5055998939848423	5.232721648431271	1.7251370090576001
2.3246553792348768	4.74261199799461	4.931531568674892	2.1357358085546485	5.810025749970921	3.94391357801	8.004290544934557	2.4666866838418557	2.0387108591081233	1.333627271717254	3.313397564403216	4.643653873397051	0.13592663132590582	0.7324553280281899
2.4650272721944324	4.549175017931697	5.021906388356757	1.9922959017692599	5.953465656756444	3.94391357801	8.004290544934557	2.4666866838418557	2.0387108591081233	1.3743979619646143	6.886928855232298	3.248611975175337	3.6994967280639894	0.843290926984726
0.12376057714776743	4.898508009828996	2.919144230198803	1.8556032024815836	5.9582110999964435	3.810834349259422	8.047191371813305	2.5107194834233457	2.0387108591081233	1.3743979619646143	3.9306183618520016	2.3117466412061347	0.5321823509228542	0.3801326924562739
2.0978314832461074	6.38279357773529	2.6637530176019415	1.6212090768870715	6.147965092567045	3.811054558995591	8.047191371813305	2.4658591406631127	2.0387108591081233	1.3743979619646143	4.247337299433034	5.941011410764736	0.7588029784013818	2.906561383459424
3.5000637963196093	7.115295688611771	2.315741062402264	1.2994908298897232	6.1878868147830515	3.5805993166466576	7.997883375409866	2.4218276249774147	2.0619824401535936	1.3743979619646143	3.743846115692623	7.323672830907411	1.804242454973968	4.489181506878703
3.5000637963196093	7.115295688611771	2.406059176266566	1.2091727160253185	6.137751311339664	3.4902812027822483	8.048018878853236	2.4218276249774147	2.0619824401535936	1.3743979619646143	3.995151123586369	7.513880499744424	1.3760385183985346	4.618465181410102
4.851422680062364	7.903770142912111	2.073461134285114	0.9788863285647151	6.131920841639282	3.354210449016063	8.148064982248227	2.4218276249774147	2.095328622258257	1.3743979619646143	2.355583392028576	7.366719558722371	1.910443236688703	5.067340276745387
4.6382137946362265	7.643576808296324	2.073461134285114	0.9319018793750201	6.128994506893327	3.354210449016063	8.105289416851143	2.4218276249774147	2.2447785455093783	1.3743979619646143	2.8309937106961556	7.361207168945949	1.865469077773867	5.061827886968918
5.293355697233687	7.959624068384749	2.338473393089491	0.32779497806086066	6.312853095637656	2.983798198163634	8.15512547856796	2.4218276249774147	2.2114692502121356	1.3743979619646143	1.2687373538211482	7.392801510225964	2.972690461679248	5.198822220297078
5.209748276797329	7.922592404857918	2.246547347265373	0.46629678079402775	6.173535031613077	3.075724243987596	8.247867785682844	2.4218276249774147	2.2114692502121356	1.3743979619646143	1.694754206653356	7.392801510225964	3.010567128121532	5.326164242375636
5.5448310110002765	8.042883975883766	2.032489279154034	0.46556368572883194	6.120789894113509	3.1664949115191847	8.347188680091906	2.376899619289572	2.2683358575815484	1.3743979619646143	0.10744923156390085	7.224586103958322	3.4360074775154477	5.265406725441604
5.5448310110002765	8.08945973279325	2.032489279154034	0.5121394426381092	5.9815780968624	3.1664949115191847	8.439824720433588	2.376899619289572	2.2683358575815484	1.3743979619646143	0.0287882190312345	7.224586103958322	3.462313635226606	5.326164242375636
5.408564659170796	8.002765150108566	1.9439635024333917	0.6502369885047152	5.985012772048051	3.3080271325705866	8.403613489057944	2.376899619289572	2.394714845718604	1.3359303022046833	0.05447168845066092	7.211782656546315	3.8644420913967474	5.2603543506331585
