0	1	2	3	4	5	6	7	8	9	10	11	12	13
8.120440069868152	5.651835288890184	8.93244063885288	4.839834719905554	5.1911270493940584	3.2570974048058403	3.883459214150753	2.898882185843039	1.3653314077905812	0.28644228324380766	3.3241290734131774	5.371204555020358	0.7546567836338285	4.478813308853271
7.9635677618579495	5.60272929933466	8.680115834275481	4.886181226917184	5.416849162341116	3.275631766208492	3.815134999479449	2.9051509570243828	1.2575031490646689	0.1255207163805339	3.2275713378972264	5.3844398733602254	0.8583918946021675	4.359668640385653
7.561742847230968	5.553604392301359	8.556911468264754	4.558435771267522	5.608479960807985	3.1492530493733666	3.845871591132167	2.86380631094458	1.2024816450675384	0.03160516206378926	3.1843706750265905	5.254653854731766	0.9635187854489051	4.2820712265400145
7.597610179383625	5.603815522975731	8.536993056020062	4.664432646339227	5.683069431435317	3.0787360035420956	3.6700882483717154	2.9488204046107835	1.2030007510967615	0.07289385863705927	3.1843706750265905	5.330599263920154	0.9184714708959322	4.1524808432245965
7.576571396270759	5.604512301862883	8.459907624712912	4.721176073420678	5.640847077406338	3.1347826517362356	3.711613823513444	2.907587586868061	1.2030007510967615	0.11412667638248405	3.1843706750265905	5.309560480807228	0.9184714708959322	4.1524808432245965
7.6272110961718935	5.605047108015082	8.502279775050525	4.729978429136481	5.589672571352981	3.092410501398744	3.711613823513444	2.6654753887527254	1.2030007510967615	0.3562388744990522	3.133730975125454	5.309560480807228	0.9184714708959322	4.105098513162588
7.6272110961718935	5.605047108015082	8.587243016341745	4.645015187845207	5.589672571352981	3.0074472601075217	3.711613823513444	2.6654753887527254	1.2370458134982574	0.3562388744990522	3.133730975125454	5.309560480807228	0.9184714708959322	4.147282035460122
7.576571396270759	5.655686807916191	8.587243016341745	4.645015187845207	5.589672571352981	3.0074472601075217	3.711613823513444	2.6654753887527254	1.2370458134982574	0.27981774701010453	3.1843706750265905	5.349711686227102	0.9184714708959322	4.149384243227274
7.576571396270759	5.655686807916191	8.629834390977978	4.602423813209084	5.589672571352981	2.9648558854713936	3.711613823513444	2.6654753887527254	1.2370458134982574	0.27981774701010453	3.1843706750265905	5.349711686227102	0.9184714708959322	4.149384243227274
7.612330611302215	5.655686807916191	8.665593606009422	4.602423813209084	5.589672571352981	2.9215869140475017	3.711613823513444	2.667784059778065	1.2370458134982574	0.36018907372288916	3.1843706750265905	5.385470901258535	0.9184714708959322	4.149384243227274
7.612330611302215	5.654898825471657	8.665593606009422	4.601635830764559	5.548860405724666	2.9215869140475017	3.80419671304531	2.667784059778065	1.2365024977590209	0.4391641366754484	3.1843706750265905	5.385470901258535	0.9184714708959322	4.149384243227274
7.648019039968611	5.654898825471657	8.701282034675808	4.601635830764559	5.548860405724666	2.9630987158292372	3.80419671304531	2.62827991238865	1.2365024977590209	0.4396694145787525	3.1843706750265905	5.421159329925026	0.9184714708959322	4.149384243227274
7.708690506161061	5.594227359279125	8.701282034675808	4.601635830764559	5.497481190993589	3.0895873130417852	3.819561446430154	2.5017913151761144	1.1880324909837754	0.44218908121553036	3.1236992088340343	5.473366866725239	0.9184714708959322	4.144575202136584
7.6876460156016195	5.544540050728528	8.680237544116366	4.55194852221387	5.505477857978337	3.046310802939413	3.810246612980782	2.586086701407393	1.2390379659986983	0.40117020508618667	3.1236992088340343	5.452322376165758	0.9635187854489051	4.144575202136584
7.758738453809582	5.544540050728528	8.75132998232435	4.55194852221387	5.505477857978337	3.131290133345523	3.7741452197447796	2.542182094459751	1.2751393592350175	0.36009548162682026	3.1236992088340343	5.523414814373715	0.9635187854489051	4.144575202136584
7.708186341011165	5.544704418642407	8.79399471568584	4.458896043967758	5.5141001547444475	3.1736092186493132	3.7649468207917067	2.4571982757944855	1.3261032063061344	0.36009548162682026	3.1256130748851363	5.523414814373715	1.0121570321956164	4.144575202136584
7.764780782328052	5.544704418642407	8.85058915700273	4.458896043967758	5.5141001547444475	3.1736092186493132	3.7649468207917067	2.496145070128241	1.3261032063061344	0.3211486872927437	3.1256130748851363	5.580009255690552	1.0121570321956164	4.144575202136584
7.800187884181708	5.544704418642407	8.885996258856373	4.458896043967758	5.420908601619154	3.1736092186493132	3.821950150203411	2.537272660681725	1.3281863796529194	0.28002109674091313	3.1256130748851363	5.575245749036102	1.0121570321956164	4.184745810644662
7.800187884181708	5.494928492532113	8.885996258856373	4.40912011785733	5.428753633304109	3.1318412448004027	3.863881044629011	2.617928470433425	1.3281863796529194	0.24113326083649633	3.0733325110735024	5.575245749036102	1.0644375960077122	4.184745810644662
7.835525106488556	5.445065014688589	8.87198581194962	4.4086043092274165	5.478617111147465	3.0113562484071363	3.863881044629011	2.746636669014302	1.294021206863434	0.24263559150877304	3.0733325110735024	5.558394837631039	1.0644375960077122	4.236933944356617
7.778998617576342	5.445065014688589	8.815459323037361	4.4086043092274165	5.478617111147465	2.8001002962047954	3.863881044629011	2.957892621216651	1.344533175226749	0.12407684041779672	3.0733325110735024	5.461790271682984	1.1095585272928932	4.277012021392279
7.778998617576342	5.445065014688589	8.723394933111834	4.500668699152964	5.427325803369102	2.7660179165372085	3.9151723524073425	3.0429706744582936	1.344533175226749	0.08636215103313527	3.0733325110735024	5.461790271682984	1.1095585272928932	4.277012021392279
7.763854851050926	5.495510308497825	8.758696460395651	4.500668699152964	5.427325803369102	2.7225071499861833	3.9151723524073425	3.0864814410089907	1.344533175226749	0.047046990491748875	3.1237778048826152	5.497091798966807	1.1095585272928932	4.277012021392279
7.728553323767112	5.39499380435053	8.723394933111834	4.400152195005774	5.434589934915925	2.7225071499861833	4.044612948721493	3.0864814410089907	1.2578329831499542	0.00778277536463886	3.0752347290579745	5.461790271682984	1.1581016031170666	4.277012021392279
7.728553323767112	5.39499380435053	8.723394933111834	4.400152195005774	5.434589934915925	2.7225071499861833	4.044612948721493	3.0864814410089907	1.2578329831499542	0.00778277536463886	3.127508727551873	5.461790271682984	1.105827604623332	4.277012021392279
7.728553323767112	5.344866734430777	8.723394933111834	4.350025125085867	5.484717004835735	2.68125830944689	4.080736892296538	3.127730281548324	1.221709039575184	0.047046990491748875	3.0790475196391918	5.461790271682984	1.154288812535947	4.319343401197079
7.789078803875067	5.284341254322828	8.723394933111834	4.350025125085867	5.484717004835735	2.640072110796389	4.1316781890288645	3.2488204053001857	1.1707677428423033	0.032856934612390316	3.0707010740193326	5.461790271682984	1.056988846763132	4.319343401197079
7.789078803875067	5.234301437213116	8.673911005712586	4.349469235375435	5.534756821945514	2.6895560381956294	4.1316781890288645	3.2875999475562327	1.1707677428423033	0.0716364768682142	3.0707010740193326	5.461790271682984	1.1037304963147645	4.319343401197079
7.810268070480432	5.234301437213116	8.695100272318008	4.349469235375435	5.534756821945514	2.6895560381956294	4.1316781890288645	3.2875999475562327	1.1203160316121799	0.0716364768682142	3.022321459244606	5.482979538288447	1.1521101110891765	4.319343401197079
7.810268070480432	5.234301437213116	8.695100272318008	4.349469235375435	5.534756821945514	2.6895560381956294	4.1316781890288645	3.2875999475562327	1.1203160316121799	0.0716364768682142	3.022321459244606	5.482979538288447	1.1521101110891765	4.319343401197079
7.810268070480432	5.184348721436055	8.695100272318008	4.299516519598418	5.584709537722433	2.7330600374147296	4.1316781890288645	3.2440959483371734	1.1203160316121799	0.0716364768682142	3.022321459244606	5.482979538288447	1.1521101110891765	4.3617448369591685
7.810268070480432	5.184348721436055	8.695100272318008	4.299516519598418	5.584709537722433	2.7330600374147296	4.182683664044061	3.2440959483371734	1.1197622678278534	0.0716364768682142	3.022321459244606	5.430737906790901	1.1521101110891765	4.4139864684567565
7.845605292787251	5.184348721436055	8.730437494624882	4.299516519598418	5.584709537722433	2.7330600374147296	4.182683664044061	3.2440959483371734	1.1197622678278534	0.0716364768682142	3.022321459244606	5.466075129097775	1.1521101110891765	4.461330586075155
7.845605292787251	5.234301437213116	8.730437494624882	4.349469235375435	5.534756821945514	2.7330600374147296	4.182683664044061	3.2440959483371734	1.1197622678278534	0.0716364768682142	3.022321459244606	5.466075129097775	1.1521101110891765	4.461330586075155
7.845605292787251	5.184348721436055	8.779921422024135	4.250032592199232	5.584709537722433	2.768210603196458	4.182683664044061	3.1594614551562685	1.170274236190809	0.0716364768682142	3.022321459244606	5.506133575584748	1.1521101110891765	4.421272139588191
7.845605292787251	5.184348721436055	8.779921422024135	4.250032592199232	5.584709537722433	2.768210603196458	4.182683664044061	3.1183990306194564	1.170274236190809	0.00874110817881641	3.022321459244606	5.506133575584748	1.1521101110891765	4.421272139588191
7.845605292787251	5.184348721436055	8.779921422024135	4.250032592199232	5.584709537722433	2.850784020897085	4.233753357706261	2.9582045700981956	1.1533455633707426	0.1651455567722075	3.074405873302831	5.558394837631039	1.1000256970309643	4.369010877541943
7.880872815411225	5.234301437213116	8.772619355957948	4.342554896666271	5.534756821945514	2.9347342748203875	4.233753357706261	2.919001661786336	1.1533455633707426	0.2024361691894321	3.074405873302831	5.645850493966834	1.1000256970309643	4.3640967692235035
7.931337636002463	5.183836616621752	8.772619355957948	4.342554896666271	5.534756821945514	2.9347342748203875	4.233753357706261	2.919001661786336	1.1533455633707426	0.24195573221976022	3.0239410527114963	5.645850493966834	1.1000256970309643	4.3640967692235035
7.931337636002463	5.183836616621752	8.772619355957948	4.342554896666271	5.585987982516508	2.9347342748203875	4.18252219713525	2.919001661786336	1.1533455633707426	0.28152655093793844	3.0239410527114963	5.645850493966834	1.1000256970309643	4.316822743830107
7.931337636002463	5.183836616621752	8.772619355957948	4.342554896666271	5.585987982516508	2.9781258408567437	4.18252219713525	2.875610095750037	1.2038935311992407	0.3211486872927437	3.0239410527114963	5.645850493966834	1.1000256970309643	4.316822743830107
7.896070113378523	5.133883900844807	8.737351833334039	4.292602180889262	5.677961910322953	2.9781258408567437	4.140500985105773	2.875610095750037	1.1533455633707426	0.3211486872927437	3.027632893023975	5.610582971342912	1.1430020009821267	4.316822743830107
7.588720383298783	4.7918925574090006	8.63047700857044	3.7501359321373573	5.966613797411677	3.4326687364322757	4.293846229836551	2.453978864374675	1.170274236190809	0.24136402789364914	3.0785075905475243	5.603611120816103	1.1981501748175816	4.290485082881683
7.492509225761085	4.8523785472853564	8.894363152787253	3.4505246202592015	5.864855333252569	3.2183671466817163	4.395604693995782	2.4075537700738954	1.1197622678278534	0.24220782073564176	3.1389935804239224	5.567885953154784	1.1514846166734003	4.285786501780021
7.492509225761085	4.8523785472853564	8.85776984126674	3.4871179317796837	5.822746658184969	3.1288985256759845	4.350606500811886	2.4924354137594587	1.1060259410890536	0.2833881095752393	3.135126448413104	5.567885953154784	1.2455253031139024	4.285786501780021
7.528234393422472	4.950988406931295	8.942800392988078	3.536422407365552	5.724136798539098	2.995868058790794	4.263454430026998	2.576160496584513	1.0582550337258252	0.2833881095752393	3.135126448413104	5.563165790975035	1.2907224622063684	4.326231831621181
7.517854723334389	5.05947020547524	8.94912579391707	3.6281991348926486	5.676890745885131	2.9909276144390384	4.22735453182201	2.5747755400074785	1.0434988561290215	0.2833881095752393	3.242177395438544	5.563165790975035	1.421145759517525	4.4165084957206915
7.517854723334389	5.109074718592218	8.912661600690274	3.714267841236238	5.627286232768305	3.027391807665624	4.22735453182201	2.5336510729813284	1.0434988561290215	0.3245125765999637	3.2384595688630404	5.563165790975035	1.5620118209986713	4.506799543614786
7.517854723334389	5.207774262510871	8.961715814947786	3.7639131708974927	5.5285866888496145	3.0214276978812786	4.22735453182201	2.4905609685084924	1.128090548024104	0.287317372687085	3.283360466172823	5.737046268316154	1.7934288955010496	4.635231180031951
7.517854723334389	5.257209340729633	9.102404033595292	3.6726600304686143	5.479151610630875	2.9237668462182422	4.22735453182201	2.4475336015237086	1.128090548024104	0.287317372687085	3.380891031973247	5.818493705092902	1.7418361125635817	4.640803639452844
7.410466065504692	5.257547644360407	9.04981358968326	3.6182001201816507	5.520907791224308	2.9131207136056894	4.2725410470187395	2.3623128038669297	1.0065125599729605	0.29113922966119327	3.272336635222271	6.133776493221472	2.083488407633352	4.705018728466652
6.470099500717422	5.013910553785118	8.329884501715204	3.15412555278718	5.764544881799411	2.820015018695326	4.32365637309035	2.234981021958132	0.7672161917501874	0.256283773741811	3.272336635222271	5.9723543791627645	1.9898679361926959	4.195955569300148
0.9430364643375317	7.0756670430007285	4.8093431134303835	1.3232874652330635	6.763001978581099	2.1884877666916243	4.266854698683957	1.9778194728862215	0.6427188813788325	0.18227058707653843	4.672987210533734	2.8159327315697777	3.697131747539571	4.048827312453468
4.193923466818742	5.557574732618817	7.668041124514912	2.083457074922822	6.824887135794682	2.7147474655643506	3.9693670635226055	1.976126905755851	0.8292464130819283	0.18227058707653843	3.953156944499141	5.63021407553172	3.424533535200518	4.433868458445804
6.093750133494965	5.528592475744546	8.089295295121863	3.533047314117517	6.06784549501109	3.075777574320893	3.7274539017218586	2.060901028107749	0.9506979000591819	0.2979682245411745	4.0377668180339406	6.328987983818469	3.231626856888007	5.0138938225611485
6.894333483356881	5.45918844464833	8.248254399036604	4.105267528968545	5.7244243988597185	3.253685148631356	3.6758178631038594	2.0192604330264388	1.0704618052542203	0.37615956410511286	3.9250338970886265	6.53533712798472	3.0325909318264976	5.143127951449963
7.412209514772622	5.40245738552697	8.117449839181063	4.697217061118552	5.629866386985089	3.3658545785818204	3.4315247145525456	2.18606751622394	1.2256944105297292	0.4522290780973914	4.544414137050832	6.5995129754414386	3.3324600537736138	5.9445928102018915
7.589092325535225	5.350666044572176	8.099001140453769	4.840757229653704	5.629999018105547	3.415840059772541	3.379435751182424	2.227665871318973	1.2765216104279131	0.49216789579291514	4.598796088611792	6.681837248655848	3.226615654003143	6.129327946069161
7.523797507686536	5.348203841141597	7.978538758030081	4.893462590798067	5.6220191195004565	3.2838050528960365	3.321848756472594	2.308517798207829	1.2745843696467825	0.5315083662086085	5.191338866811503	6.641697158626109	3.5696489860004212	6.5458447559581305
7.556297342009455	5.398022063944776	8.00133655467336	4.952982851280796	5.572161594011771	3.1998312673020357	3.269625630239257	2.349931192562711	1.3087483671991362	0.5315083662086085	5.140382276526919	6.6652071914534705	3.6381243103306207	6.554385625848356
7.519708747594672	5.496747153593364	8.11141257375547	4.905043327432491	5.54551247839197	3.180543301686147	3.197549656210393	2.2225545446816217	1.3428518271860912	0.5686373742048749	5.308753421176124	6.891066576116649	4.130349893466727	7.132541558392346
7.572082818985004	5.5447665475021415	8.160155493899898	4.956693872587213	5.57974357633185	3.1741367347992946	3.0629250929715943	2.1802181914243577	1.376894886270381	0.5686373742048749	5.3665066144428355	7.015616276917753	4.02929451718957	7.067531517410038
7.37049825000776	5.545977721258547	8.10821345800215	4.808262513264113	5.5897169054779745	3.119143505527985	3.104114661459343	2.097105076777835	1.376894886270381	0.569543915169351	5.204789004163769	7.5892815876233986	4.990478345349057	8.238646823827432
7.37049825000776	5.544048765277952	8.156739182705381	4.757807832580219	5.591645861458547	3.1542537089645606	3.155359120504916	2.013469148637987	1.3256504272245626	0.569543915169351	5.204789004163769	7.72722412010442	4.990478345349057	8.379987590864149
7.166586611473167	5.591101450430674	8.14620921217913	4.611478849724634	5.533648011641552	3.044510107868483	3.1663042851692533	1.9298310817257776	1.3256504272245626	0.6094752564325889	4.934844383834966	8.082837802103166	5.787505391936515	8.379187846433844
7.020955737190744	5.741052871912769	8.106417766000561	4.655590843102913	5.435959019078039	3.0330273619158397	3.1663042851692533	1.8877368284931508	1.3256504272245626	0.6094752564325889	4.878398818677582	8.125343222625917	5.920150153922371	8.20320191473876
6.8293484137980585	5.802223121676018	8.02399440687367	4.607577128600567	5.435959019078039	3.1102005187634174	3.1663042851692533	1.8012341948596404	1.3256504272245626	0.5707910187162237	5.215582393099554	8.83685689394486	7.486241790793579	8.727481033724487
6.664316934570113	5.903070745330337	7.959038426398813	4.608349253501671	5.376335027105562	3.1459005855342435	3.177213874226133	1.6768120211616648	1.3256504272245626	0.6515539391942434	5.267715613837941	8.664929266906277	7.566241244524364	8.217566107840693
6.57451350389468	5.955092699085732	7.921256949478725	4.608349253501671	5.376335027105562	3.1459005855342435	3.177213874226133	1.6768120211616648	1.3256504272245626	0.6115708476295245	5.264178066795305	8.726742280075813	7.75010327183174	8.537316617261835
6.361393548569233	6.0140903287220855	7.817253339219428	4.558230538071817	5.378582808682295	3.1397594668363245	3.177213874226133	1.6350822060063492	1.2916073681404303	0.6115708476295245	5.383525361832597	8.451342652141836	8.675019908308528	9.060783559329536
6.233111919305069	6.0659828537532885	7.7408642349864065	4.558230538071817	5.378582808682295	3.1397594668363245	3.177213874226133	1.6737143559515693	1.342421056403238	0.5330073564187193	5.43541788686383	7.899338453607813	8.230987763841702	9.2676646232113
5.5260274040280235	6.397749407069839	7.456885375320946	4.466891435777003	5.427214600462136	3.0970521563215145	3.177213874226133	1.6737143559515693	1.3083423991260654	0.5330073564187193	5.991881758990205	8.63408569972891	8.663779029214487	9.471582534842442
4.720582560054229	6.80243135810937	7.226874045609843	4.296139872553724	5.378582808682295	2.919459758450412	3.177213874226133	1.5912014586162064	1.3592414557427126	0.5737292966223412	6.701823865621363	8.964404438936015	7.449508837826385	9.520121606082503
4.336085751923865	7.004275176998367	7.170569889848384	4.1697910390737265	5.327707139119739	2.784148676708785	3.177213874226133	1.5492880373158726	1.3592414557427126	0.533849643967334	6.681489908746973	9.00118448077267	6.881038383645425	9.9152301479878
4.072799200381852	7.091823073165549	7.0806859681140875	4.083936305433366	5.279165605666648	2.8175292755424794	3.177213874226133	1.340844073534978	1.3592414557427126	0.5745167418221744	5.981734392159176	7.785949960387913	5.691369440357876	7.696933833381854
3.9620657320942487	7.078352224961515	7.006552516285925	4.033865440769873	5.281577711325703	2.769870516537891	3.177213874226133	1.340844073534978	1.3761118442128892	0.5373802723177439	5.914005482977411	7.928253838528111	5.900680070382298	7.654594049802594
3.6578868702371214	7.1779094481610715	6.845385511118263	3.990410807280056	5.281577711325703	2.810672962959611	3.177213874226133	1.2159746682968229	1.3761118442128892	0.5779925976441931	5.900999217043493	7.555246316473613	4.609397599415137	6.8658899796704205
3.415438389850874	7.337932367512284	6.762959950083179	3.990410807280056	5.229610224532884	2.8528939779509512	3.214034228056099	1.1737536533050688	1.3912589771757202	0.5779925976441931	6.060799677756434	7.688613255215608	4.490081444423719	6.6390721564735715
3.0938761805490804	7.275672697355939	6.473446559501054	3.896102318403852	5.2803917732214005	2.8939944653320406	3.214034228056099	1.0504856375850922	1.3912589771757202	0.5768015443280662	4.929486074443652	7.284472500331835	3.55316713303916	5.817752308951089
2.801372611497258	7.4840732821379525	6.389343575231357	3.896102318403852	5.2803917732214005	3.0207169760160397	3.250067111644961	0.8832028543008964	1.3552260935869749	0.617361816928907	4.426023162247284	7.142312814505182	3.714064876691427	5.755862029981528
2.4314371854142305	7.556955312450791	6.131876552227307	3.8565159456379203	5.2803917732214005	3.108906311330469	3.214034228056099	0.7149215872803026	1.44230443563815	0.6976990173367296	5.126054006820139	7.327720703138747	1.520707688752452	4.341218624921632
2.474131566602438	7.506259522170602	6.21830927784634	3.7620818109268868	5.341904775287058	3.193504383031421	3.203217016270671	0.5461342556406983	1.4934106804920564	0.7381499328452914	5.242908191641617	7.308818548095813	2.131627444637188	4.21593897072517
2.82027257667659	7.210814302376989	6.306004885735039	3.725081993318427	5.343268849070973	3.191679076912799	3.1871900357953336	0.4602639538701576	1.491416545392017	0.7354583765743105	5.932051216482662	7.084873674955994	0.0675172755420607	0.6637612587387676
3.0707058496842903	6.96038102936913	6.258228155277909	3.7728587237755606	5.343268849070973	3.2406502159482664	3.1871900357953336	0.45906954529275934	1.5425581395529266	0.7354583765743105	5.865053422543519	6.9145721511289215	0.4683039058275315	0.34372291072528915
3.6089336517392043	6.604847802919492	6.386236302813139	3.827545151845594	5.396831710880976	3.3740260258876194	3.082845625296697	0.32959861473535385	1.5425581395529266	0.6956819159063664	4.526159750540328	6.279057563227421	0.6887685407611077	0.22338511311966397
3.831484423088094	6.440673113626655	6.488631057811724	3.7835264789029672	5.396831710880976	3.460047079886985	3.082845625296697	0.1995588877915329	1.5425581395529266	0.6956819159063664	4.29855463791396	6.563836984065185	0.3633195543228557	0.40189401636738364
4.324651867175222	6.1901889541820685	6.724539231229137	3.790301590128019	5.450608752268583	3.417544892776153	2.942168255416441	0.1979687412232552	1.629793318830799	0.6956819159063664	2.818814556493182	1.4906810579328666	2.245503086437439	1.9428233747452504
4.177523735973105	6.251937574596241	6.683325847550368	3.7461354630188093	5.450608752268583	3.416918182191023	2.9933896302585707	0.19307762038296752	1.6298349674166197	0.6570336202228507	2.694800392667269	2.168608525640313	1.6814381455602443	1.948002871146305
4.043808061950408	6.487646377921195	6.860730947438319	3.670723492433289	5.453560780217645	3.326783242657108	2.9036793171118402	0.10580746003261424	1.6659239003614306	0.6941257414721888	2.101813388885627	0.8427356875493189	2.2634316691170615	1.0492444999229034
4.082826109151458	6.558651936199093	6.916188492299543	3.7252895530508785	5.455020335550368	3.2882838837084556	2.902467554959892	0.14774691997238557	1.6659347037818204	0.6941257414721888	1.9993718355601033	0.9332449150363179	2.403570298437127	1.1170444890768527
4.013928753525292	6.568651645971533	6.901897078476457	3.6806833210204637	5.507681239326427	3.2436776516779897	2.849806651183691	0.18634072272378385	1.717380064409075	0.6555319387188049	1.8667146655219315	0.44966039545745456	2.3693377938292017	1.6192057733553584
4.138397259134714	6.621140010613377	7.0788539487276925	3.6806833210204637	5.507681239326427	3.2874112570957736	2.885834290237396	0.10221566147649164	1.7844256590463776	0.6959233945515182	1.8934985895888354	0.7654176566604837	2.6678515120721356	1.5154754802501902
4.154853227757263	6.672352416900988	7.139990981721894	3.6872146629363494	5.509205198707306	3.286527914294356	2.8330979245689942	0.01808082710201642	1.836053580889073	0.7362605073427245	1.7131391908727898	1.0997844212631638	2.3782571096028504	1.479949599686908
3.96074497418786	6.753043949088524	7.120222735411158	3.593566187865153	5.606165951466643	3.247841993269955	2.8845128643837263	0.06007902581950713	1.8700443568405076	0.6965390751178518	1.2832371439464492	2.20466819804989	1.3391455396670138	0.6735662707064548
3.957095817964731	6.818557713118585	7.176061421542975	3.599592109540352	5.615253252075062	3.29502975344131	2.8727226776788135	0.01621430124752449	1.8700443568405076	0.6965390751178518	0.963228167536038	2.447515366204419	0.90103373516653	0.4238749096385297
3.8776554681239213	6.881483263299418	7.159546621882901	3.599592109540352	5.615253252075062	3.29502975344131	2.8727226776788135	0.05475870719490244	1.8700443568405076	0.6183246026361635	1.0698683717002653	2.6793813453720254	1.1308300133199647	0.14993393587370155
3.745336235924171	7.092523766488349	7.242140572574186	3.5957194298383	5.622848925316171	3.297790435082605	2.862405226111651	0.13715315211520818	1.9214592966550428	0.6150377495563157	1.7448219211009077	3.0073217074165637	0.12614083887326075	0.09041585882726219
3.5908589397181214	7.247001062694192	7.1973954082859875	3.6404645941264087	5.622848925316171	3.29866816791034	2.862405226111651	0.22140949150285225	1.9214592966550428	0.5746488416244895	1.5541796161058632	3.138056904946038	0.020217498172942692	0.18197976730327567
3.4622729144433038	7.348523927618592	7.145794851704563	3.66500199035739	5.670916677697056	3.2585255425988624	2.8653940273158724	0.520723185323712	1.9724334580970644	0.4540926320439839	1.537519894872542	3.360216685811676	0.5463709666572852	0.22492990256916487
3.537415009304412	7.297205820539805	7.138757256877579	3.695863572966815	5.761399436054335	3.2611584897410997	2.8769381100723233	0.6509786619048441	1.8692915680829734	0.45153195428325404	1.257295496672967	3.6413099829483504	0.35713714111457734	0.36707031636328935
4.1176287120232224	7.132980555315229	7.3856312959294	3.864977971409221	5.654696154338864	3.0938189349369476	3.03452472887664	1.1173447892033428	1.7150340220357736	0.2935346737379981	1.5199067479466357	1.939992569824686	0.7439783297526492	0.554633466855557
4.258572147805179	7.082183752769439	7.439091543131553	3.9016643574430647	5.641983569211093	3.0528870279292595	3.1340438761180005	1.286363598844245	1.5764891376978865	0.25048558332161913	1.7284311753111608	1.6599661438198037	0.9525027571178549	0.7605880243065121
4.63544165412625	6.930311142987968	7.464000957306426	4.1017518398077035	5.730644298908912	3.024845449597559	3.182026090463551	1.666365269322138	1.5744341567448419	0.21113178782223158	1.9666380700851334	0.7974920402118021	1.1357065429320254	1.572968367185375
4.964364557676555	6.728369052109366	7.612954438872643	4.079779170913251	5.829701054657794	3.0284163456878477	3.2340682099351477	1.8303398351145486	1.6255851678061028	0.17271253226186586	2.0972728157229503	1.9915602879216154	1.3171845042279033	0.9043472349168472
4.783958476933832	6.769776064116287	7.427009628427706	4.12672491262229	6.077625366745277	3.0010409541424043	3.2860356967280033	2.245207919485724	1.5744341567448419	0.13205738002832867	3.700849564993105	0.4812853427410167	0.39433254279117336	1.594123860747682
4.469178525990597	6.857178130612787	7.311768141250177	4.014588515353228	6.174532995690839	2.914165335573187	3.3379286259521703	2.3687476989556946	1.5744341567448419	0.13205738002832867	4.2027690800032405	0.3809402017600276	0.015562673448841319	2.2294041315989377
3.821740865139565	6.843848100199486	6.5896575027341715	4.075931462605043	6.2681920756635625	2.8459416740082504	3.3903801809171554	2.69783254917506	1.6766961003914653	0.13215204978531292	6.041041741193967	5.120529292096414	0.11512692734511878	0.8394385337122281
3.824330521567973	6.6712237424662675	6.43401436068596	4.061539903348206	6.221781500769133	2.808099736667619	3.4989071217988075	2.7424008305998173	1.712687705256193	0.2880086823906297	6.3907855416669035	5.660928719090175	0.06271264263396063	1.4010167788773635
4.647223297588366	6.18151045085656	6.589137383926631	4.2395963645182535	6.160049756851438	2.5815515916096397	3.7558548465263653	3.3422214176374303	1.661536694194906	0.25100185360941746	6.508593332002213	6.267921346718374	0.7692609445235769	2.0139425534112405
5.053584832308643	5.80328731315713	6.72210143503007	4.134770710435551	6.069738099473966	2.543697747962039	3.9921208658729723	3.382626731369626	1.661536694194906	0.2107060558336447	5.932091976837465	6.653462315220235	1.2982200989663806	2.1877886433418063
5.053584832308643	5.706508875855621	6.681041450265417	4.079052257898706	6.0230035799339925	2.5821444570213337	4.135633822714385	3.3852400070748563	1.661536694194906	0.2107060558336447	5.817042209878577	6.782261088031419	1.1765926199701908	2.59620759324447
5.750860973869875	5.3703733842622645	7.044955803406662	4.076278554725397	6.004783474419768	2.2454763984042785	4.453933556200611	4.016637704166512	1.6637005381855208	0.20997810089931782	5.4389399523804585	6.325745760995915	0.9197820115187905	1.8782324080840487
5.922460292599261	5.16669604463573	6.986515212324041	4.102641124910886	5.804860967502192	2.2916721856358513	4.796689788387694	4.1009510681727175	1.561528868198936	0.20935600011248076	4.89462354345561	5.778550015680559	3.524487116864322	1.7727750397908826
6.803082165128266	4.767181716533969	7.346485338293606	4.223778543368453	5.603530249965771	2.383271610622275	5.045469544260494	4.015357218245688	1.561528868198936	0.3304960790695122	4.722692949666567	4.050127102038999	3.5895037803880885	1.9734128202975798
7.03068791290142	4.59943909292109	7.333690310860489	4.2964366949621215	5.6013607825664815	2.541763061364222	5.043914654902119	3.9768920924249467	1.561626341861289	0.2913418746936537	4.604019579468469	3.939917852010246	3.2382013331277895	1.9807929700709526
7.588140409797122	4.265440702181507	7.524029306487709	4.329551805490854	5.540438994991352	2.630907365495895	5.148302593694175	3.9343958266955057	1.612654510068027	0.2941464180722707	4.484747797205889	4.772179227291799	1.0829700947969902	4.042425969172175
7.623125003272811	4.2183142722983265	7.559013899963467	4.2824253756076445	5.440288560114167	2.673131003149707	5.295579458454488	3.892172189041761	1.612654510068027	0.2551436513765139	4.486194265833153	4.995080495222944	1.673648285372658	4.449878601449435
7.820743205399667	4.118794561265183	7.716622762418797	4.222915004246151	5.335165368089353	2.8295210365722627	5.539605505157474	3.7747759586245553	1.5108458200584076	0.2955423316904091	3.9261187599719065	5.187349673877805	2.3565395707794794	4.612379522280269
7.827277603497617	4.170129360581715	7.7725033847613565	4.224903579318102	5.333176793017362	2.8681049697008354	5.590633673364204	3.7361920254962424	1.4938358804144527	0.2955423316904091	4.025623650358518	5.072875832118063	2.2109373095175773	4.520828899102536
7.614907021626751	4.100890160866643	7.7698558751868205	3.945941307306544	5.279503753131413	2.999699640347446	6.006912906714062	3.756520025016621	1.416180607655423	0.22280608714136943	2.975617347782084	4.20849396241548	0.10133159440943589	3.561361912771338
7.332722836491986	4.325123182430426	7.89455038267336	3.763295636249055	5.241167993727364	3.4113933817473137	6.344475407893238	3.4897253031208213	1.2080806341008867	0.10789826892056538	2.337010424605181	3.802561384050288	0.319295044643217	1.3199892901150572
7.08374384890355	4.3831337965201405	7.711044230591649	3.7558334148320913	5.247450670723361	3.6630125751585076	6.585071888326952	3.3745162549574275	1.0043035021885325	0.03189302870574885	2.0894068946088877	3.4694727760739963	0.7434108419933896	1.3574911863878734
5.39174855430681	4.888643280670622	6.895100975137408	3.3852908598400364	4.166797172161499	3.7409789712743766	8.298722963850382	3.126190543461835	0.5414761260944486	0.15358614188567213	0.6215311464454552	2.699141505250321	4.145251217819385	0.824747644402487
4.852680897728786	4.930659145962789	6.483938030513523	3.299402013178077	4.443869524806207	3.869026106316655	8.378386033047422	3.007102797454291	0.22924716115509985	0.192357490669751	0.6173795859292367	2.15352812623405	4.3667746224843755	0.8766406543878403
0.8322207164930754	7.052905106614748	5.344802645591894	2.540323177515954	4.385674983631679	3.7951894346185058	9.121742256824662	2.7183293334952525	0.14019305398663293	1.1508688056208616	1.4025613684577096	2.062794368291442	3.1669288699916187	1.2277659907062028
0.8577430367254764	6.942227848948985	5.528498658544387	2.271472227130087	4.338841880888143	3.9243779403840775	9.466750027728306	2.5888760815902803	0.15989542055290581	1.3793765687319475	1.1611725243769309	1.7452464951256543	3.0414447721673357	1.8613780865994054
0.9942728358814912	6.824350300841758	5.807517488643094	2.011105648080008	4.854537729658448	4.219405037854506	9.514092762920093	2.29384898411989	0.4121650762258522	1.8258037418901008	3.383994804841807	0.8675290939943157	3.4186438267889554	2.4591099324629235
1.1568962908298435	6.7567107696115505	5.954747174790091	1.9588598856514061	4.938664727357072	4.297736157942814	9.581010969546192	2.245978775262482	0.46879583060941504	1.9382806405490831	3.4165573411967385	1.440520361372854	3.5397830798197716	2.4726318980055892
0.8532485048625854	6.763752086302846	5.955209922290996	1.6617906688737445	5.367451473317795	4.300220733779264	9.62355364886742	2.16400560507145	0.6494191817614134	2.157230951454975	3.822459557819301	2.601694358131038	3.0041074755246027	2.5059016405530183
0.8128501325951746	6.823892143120072	5.974951606841308	1.6617906688737445	5.497156586377073	4.302986550515136	9.63743423312038	2.199994962969679	0.7244456818169426	2.1959861260889935	3.5713707474841065	2.534391697474293	2.933146856177099	2.238399760024769
0.9887917191620024	7.272881710686836	5.299898113109262	0.9841918784156025	5.783133246568943	3.4288031085637933	9.954485402050528	2.7428765186431834	0.8189945688281176	2.272516533517887	4.000737107041659	1.3873805714362675	2.593938122786985	3.620540926329467
1.3411483091175338	7.30391342741534	5.13939351714501	0.8233716011531242	5.820956870636754	3.4318393068921207	10.079551292290834	2.6271581833542745	0.8203158640350635	2.229775213518353	4.141031414790239	1.3630775825011368	2.147282729667603	3.6233580319848784
1.2308643639426917	7.298055600479345	5.369727719976312	0.697463516559997	5.860849017066946	3.513778944836681	10.159631766593105	2.465001530148261	0.8052118153847084	2.2273884426430035	4.1931606993512816	1.8110845916522633	1.896078893344305	3.349271535081171
2.329850684769735	8.320988729759964	5.419872960139806	0.5712650848495983	6.036176252032547	3.3507581360836607	10.176235728721503	2.6786385629509004	0.8218157775131909	2.2684697609411217	3.120111344119964	0.8511404103056711	1.4717575365841595	3.0577204982001898
2.401788513595742	8.412585471778314	5.515057163982138	0.4957397942003092	6.033492684354679	3.2302728336650204	10.202259825885443	2.7265400880464963	0.8031847891247152	2.2372789627223013	2.585967638327523	0.6225316436476062	1.462379220935458	2.8884173046656763
3.442553159044322	9.10213766445759	5.6289058971202675	0.0306786082980279	6.072122629126108	2.9393454323909163	10.338737470947471	2.9826566304426243	0.5380399583442429	2.2778005212060224	1.5236548319165872	0.5870255579282234	0.39155990849603717	3.3840461249853173
3.0817312380721207	8.831453241156032	5.72642549071857	0.02329651235519794	5.996496430978122	2.9478293105282733	10.20435741393142	3.023577211799078	0.11931580907917815	2.386232272809788	1.2297897604982144	0.7709527955229873	0.8473135074150641	3.435684908956317
3.732886176746671	9.172796850163813	5.704427856369837	0.2645171829515844	6.327608454714378	3.033169760256516	9.920248861503882	3.0204155333888028	0.16309634721266214	2.3885231521516097	1.418780610602915	1.1352317388306954	0.08982914603555718	3.5501786502540202
3.7931070846328616	9.0980793590998	5.807379530717487	0.5024072562502301	6.438147881523709	2.9498940373186087	9.701275779708741	3.061047725390658	0.4261443525570703	2.4291553441532736	1.646450333266816	0.39119224885095805	0.2734467909770823	2.98462185729329
4.37389930124429	9.134945668933623	5.828782960838926	1.067736593149731	6.831959157675534	2.9100064394663177	9.563575306045179	3.0580592154521145	0.5496698482170241	2.471508681761838	1.6547262581017788	0.25637767375908926	1.469588398360631	3.3127050660518296
4.155591726102981	9.203309623258129	5.955960359089687	0.9082424619345004	6.672465026460603	3.0381084864756005	9.547233575007882	2.9689784018394043	0.5152336257950226	2.472241777706248	1.3462000584278435	0.3665099390043984	0.9223689077462712	3.4603592878340064
4.460131801557146	9.505621231887934	6.080475410586149	1.0349859802550334	6.75333220662203	3.1644221877774794	9.41149012818739	2.8844826345237036	0.5524386941563914	2.4019037296877124	0.01690648726547902	1.375596897088476	0.7583974598698442	3.6709471353546492
4.657700196440933	9.581605291481257	6.038338639979552	1.1144335449391005	6.789029926957445	3.2054869977324705	9.387816951866483	2.843417824568779	0.5531116544340948	2.3266922410513913	0.19629112306396276	1.8374309468967396	0.5067169504670734	4.074064632240243
4.600406622607838	9.40836364575004	6.030974311067409	1.2230172879250634	6.729334749070318	3.3373048895677324	9.297724148957958	2.761101032252104	0.8934122511951951	1.9581713579057856	0.31331927660835424	2.7470406755537202	0.880355954851108	3.77486081564687
4.858427243460252	9.376245287412356	5.855314922403038	1.337496878451107	6.762746113995674	3.3850917406280163	9.266118834182242	2.7639231552671606	1.097380067981371	1.992454176613548	0.5780837635888625	3.632804582901941	0.3978646273584013	3.4542839287310794
4.965780306432426	9.363201880616524	5.8129947569161695	1.4155731827320668	6.712010786178449	3.469851347718194	9.344098245429635	2.718131752938555	1.1988572291628414	1.9929572015446457	0.5852210904996291	3.9287991916279354	0.8097547785154577	3.337449254374797
4.988405836568366	9.235888694465377	5.7507783658940514	1.5032955079974075	6.714091555880876	3.513299457562656	9.292203904232393	2.6340559897995326	1.437865207042039	1.8397979432627625	0.8067833768254378	4.497296781652542	2.8556707524794676	3.616584115794183
4.998213100442588	9.125599256070037	5.708329945949854	1.5809437903225303	6.748758705449241	3.639389683347665	9.284522068273168	2.507965764014439	1.505069891729472	1.8397979432627625	0.7617136353719974	4.722854349634507	3.0190146411886194	3.7553550731494227
3.3883956572953675	8.212852701603502	6.004344405125888	1.1798873608176144	6.548801519798147	4.096425837329796	9.40508185330216	2.423187776356281	1.6575554657182783	1.8021866239159523	2.19594087894115	5.02995536024549	1.3541711789692215	3.7074665668565285
2.441014327599136	7.8070780830261794	6.262067019747852	0.8960032643211722	6.467103300777343	4.426185057457059	9.411701186665528	2.2168522973293197	1.7447608164095083	1.9417074180358644	2.661213989601195	5.189616513140971	0.42092730424365077	3.633920973407648
2.832028370543876	7.877817302425457	5.982445583794506	0.9366566519132024	6.467103300777343	4.51346861814514	9.361144095085193	2.048508025903436	1.795317907989986	1.8256780597201483	1.174574939566185	6.063866289498084	2.0015934694211874	4.459011159597659
2.887064539778983	7.952051471500396	6.052783483379615	0.9877965516581775	6.428128582663802	4.506705673172014	9.411701186665528	2.0444856407846967	1.7447608164095083	1.9050073474867264	1.7168891825699568	6.209821568154425	1.7321679491827597	4.503302292230894
3.161009950539845	8.061392385160794	5.849137665487175	0.9487552308661342	6.389087261871806	4.54847569978222	9.411701186665528	2.043175778042728	1.6937261016313883	1.908154942977695	1.851556803173251	6.06167756688048	1.6677999214482466	4.558804108849379
3.3542567358539097	8.092359582554758	5.848532962443377	1.1104301157426082	6.428128582663859	4.594627537381443	9.411701186665569	1.8743903763593288	1.7279620129221658	1.683227848047122	1.7590085187639006	6.397452485938749	0.7500012600892224	4.488770085321474
3.548010069705113	8.12310390424585	5.765517667498457	1.1904238329576784	6.467103300777343	4.637719568827847	9.361144095085193	1.7902793458109798	1.7275702522702223	1.607849860918265	1.4286405082180886	6.520091518229987	1.1960511356510155	4.457023015428358
3.548010069705113	8.162078622359466	5.716072945613782	1.102004392959885	6.428128582663802	4.729314738474928	9.361144095085193	1.7886440278698668	1.8295288257457347	1.5344630609281307	2.639886575500349	6.473194390257211	0.7354059448693232	4.3519420441742325
4.583967669773293	8.765809026283115	5.443952911133523	1.262111554623146	6.506011550521958	4.603988634799109	9.411701186665528	1.8317459377400758	1.7789717341652846	1.534918976164277	3.366407752730295	6.527085467913385	0.4307701439921028	4.410062987798493
5.070524576381443	8.959015249491484	5.313314556978466	1.4248238838683325	6.544853465994759	4.480118221027021	9.426109484043884	1.8317459377400758	1.8156340551807888	1.4970022875284548	2.636240560655376	6.511695032941005	1.3234542241568261	4.578325567629288
4.928832607985325	8.811069883506823	5.273310450486413	1.3910731749650833	6.5509644220966	4.52062082323524	9.432622616393116	1.873894969813266	1.9030424354710804	1.4970022875284548	2.640469215295866	6.562832141906935	1.5489310021403406	4.620674789339703
4.928832607985325	8.811069883506823	5.314600541003545	1.432363265482025	6.5509644220966	4.479330732718115	9.432622616393116	1.873894969813266	1.9030424354710804	1.4586792584544543	2.600558209592875	6.562832141906935	1.916480692884154	4.602295364489115
4.928832607985325	8.8498963709767	5.314600541003545	1.393536778012233	6.512137934626671	4.479330732718115	9.432622616393116	1.873894969813266	1.9030424354710804	1.4586792584544543	2.481352867978182	6.620583857871638	2.1280178191696213	4.763942131145694
5.312637276846001	9.066654678399782	5.269175350227515	1.5151579486739053	6.5509644220966	4.396536049526424	9.432622616393116	1.873894969813266	1.9030424354710804	1.534918976164277	1.7488298514068399	6.492363983903857	3.0416622694426234	4.763942131145694
5.377853468367005	9.131870869920716	5.269175350227515	1.5151579486739053	6.593754391372877	4.396536049526424	9.47681646005977	1.873894969813266	1.8672511183596656	1.534918976164277	1.8012631906779932	6.492363983903857	3.0299436784255516	4.763942131145694
5.377853468367005	9.170697357390567	5.269175350227515	1.4763314612039307	6.640443929227993	4.396536049526424	9.543806461118804	1.873894969813266	1.8000471155242446	1.7613563706695086	1.9252677435712282	6.434612267939193	2.8815949707280106	4.91245682251428
5.377853468367005	9.170697357390567	5.2277422108001605	1.4348983217765279	6.640443929227993	4.352721267036721	9.594770308190137	1.9591428917304363	1.7490832684529711	1.7613563706695086	2.024731540109374	6.500701984159039	2.757942806816758	5.01088895486083
3.1696008879423303	8.199918260840468	5.983757389796125	0.9534400168981191	6.363296055677473	4.5578009609084065	9.688588350422616	2.0011635032124233	1.7320427813158599	1.9476717249945286	4.499815457579549	6.4863728395155364	0.5482077423864601	4.42879416163667
1.3731713059834154	7.948636218659987	7.087206097300587	0.5117411846238972	6.08069841743955	4.7171751223829945	9.825133183106804	2.086342838372443	1.7661144596827796	1.9838916688033144	5.68466786064398	6.384711708525265	2.0868419014708337	3.10860284064501
0.21983564496727373	6.798405567180414	7.289014197420081	0.2707729852738644	5.95870358236844	4.878810915235877	9.867795611679952	2.1675382817884064	1.7661144596827796	2.026878353127264	4.647782175124898	4.299154248800721	2.279519273929261	1.0313454484112716
2.380246728797635	8.33368428124369	6.264515125912321	0.31107757346707826	5.91610478127255	4.669740608082142	9.808273714483828	2.3363040007493217	1.8169979027999927	2.065087112219283	2.819990665412463	3.9155615801058463	0.47639528906494455	1.8092358722270228
2.931984772202523	8.605898042235655	6.065065128421784	0.3911518583883084	5.9132697289029785	4.587666056866231	9.799845136277826	2.4186849400235473	1.8679617498711603	2.105767568703936	2.9471119559330408	4.425588418708143	0.501099697413933	2.5868515132470202
3.814835898333933	9.16662589361258	5.822138344045754	0.47034834876741055	5.907585897276615	4.546028566481965	9.732219431898733	2.4603224304079463	1.9353385272891257	1.7702408906402478	3.3658358714840793	4.38258888594269	0.6310828985506902	2.834756805765431
4.019682288707938	9.087700415313085	5.657735641950468	0.5897175153457505	5.944166131966842	4.505584878203288	9.622636043611095	2.4603224304079463	2.0020868165364285	1.6577103561599664	3.086806905371736	4.278383871754263	0.9328753833358034	2.983261883395946
4.393665882663929	9.121175332778364	5.675835884207565	0.9483264340937013	6.098019207235517	4.386385211662196	9.563952589868292	2.4170483457846506	2.0178212571194196	1.6581699307708067	2.7481742023543276	4.5034118558068075	1.2752786649511678	3.448049126592657
4.603463643896305	9.196105998523095	5.571841745345327	0.9791993907188475	6.088098274900822	4.345591322702066	9.46324280752947	2.4170483457846506	2.118531039458091	1.6581699307708067	2.6600821115428555	4.512594753072823	1.3387922294207149	3.6020200516811225
4.635870539906132	9.150629926674826	5.703072470369257	1.1883130836003866	6.123762206523006	4.214360597678049	9.505461843765438	2.4170483457846506	2.084345253813747	1.6581699307708067	2.540683705575371	4.667613412124012	1.3802921040590137	3.757038710732349
4.668212356742334	9.182971743510953	5.612706096141795	1.097946709373173	6.123762206523006	4.304726971905358	9.505461843765438	2.4170483457846506	2.084345253813747	1.6581699307708067	2.4745240237165476	4.823688243152808	1.3463236908754272	4.008046021435599
4.787502243762142	9.201710907454698	5.550997288538757	1.1367886248461736	6.162604121995827	4.304726971905358	9.418776268033156	2.4170483457846506	2.1710308295459937	1.6581699307708067	2.382059018503582	4.814240550127958	1.452420646067037	4.107604245541321
4.787502243762142	9.12422554400178	5.550997288538757	1.2142739882991986	6.197933410086218	4.304726971905358	9.460932343395715	2.4170483457846506	2.1199350790410265	1.6581699307708067	2.149173613182976	4.774670895793221	1.554076803187976	4.256103339411974
4.787502243762142	9.12422554400178	5.550997288538757	1.2142739882991986	6.197933410086218	4.304726971905358	9.511212392300871	2.4170483457846506	2.0528562266483057	1.619693039008556	2.0384161627328456	4.72261998430409	1.4673797518712919	4.297419664301108
4.787502243762142	9.12422554400178	5.550997288538757	1.2142739882991986	6.240089485448788	4.304726971905358	9.46905631693827	2.4170483457846506	2.0528562266483057	1.619693039008556	1.9171639763001422	4.477304280427543	1.416489454313034	4.240546208520431
