0	1	2	3	4	5	6	7	8	9	10	11	12	13
7.721068147679325	5.887243918416437	9.125335663619856	4.482976402475961	5.745783656284362	3.820732838310118	4.141205160509243	2.2595188672097537	1.210136399428108	0.8561382291282775	2.9174838744924596	5.225988422217946	1.3228688190166134	4.4658900971225535
7.721068147679325	5.737131155727337	9.155032495850488	4.303166807556261	5.895896418973536	3.705523284804525	4.089692513114324	2.259334705134683	1.2280066245305432	0.6624341433838323	2.9699942837843363	5.3851703283718235	1.2703584097250304	4.4388526945440505
7.714384997484177	5.636968673340477	8.999569923787314	4.351783747037514	5.904035253649973	3.591225892743444	4.131244185322986	2.386711706585152	1.2280066245305432	0.4668704738236029	3.020127115360292	5.420547950722159	1.169753602647465	4.393866773676349
7.678797856086718	5.586842667733325	9.049406836213894	4.216233687606193	5.8510288602466725	3.505041766494789	4.182928030465549	2.3874717790097875	1.2285865916587213	0.4668704738236029	3.020127115360292	5.425032789271192	1.169753602647465	4.438636345256203
7.678797856086718	5.586842667733325	9.042934048316592	4.22270647550351	5.8510288602466725	3.5115145543920536	4.131543533390533	2.3874717790097875	1.2462434952860149	0.4668704738236029	3.020127115360292	5.4651783253411015	1.169753602647465	4.398490809186313
7.7041332350466645	5.326213023124654	9.271790572699265	3.758555685472039	6.050664914770998	3.5446067937253924	4.080223056053614	2.0898648041695314	1.2975639726229216	0.5068292022467951	3.0114750567946342	5.469739369598448	1.072373635656156	4.40079800647593
7.7041332350466645	5.326213023124654	9.31505715274252	3.715289105428815	6.050664914770998	3.5440017845809804	4.080223056053614	2.0472032332705816	1.2975639726229216	0.5068292022467951	3.0114750567946342	5.469739369598448	1.072373635656156	4.40079800647593
7.7041332350466645	5.276520251965169	9.271790572699265	3.7088629143126286	6.100357685930541	3.5872683646241788	4.080223056053614	2.0472032332705816	1.2975639726229216	0.5068292022467951	3.0114750567946342	5.469739369598448	1.0274090248050818	4.40079800647593
7.754733161745048	5.176141356932272	9.22859839862901	3.7022761200484187	6.150136654264849	3.460197332985325	4.080223056053614	2.176303250576038	1.2467299761551915	0.5511913063700677	2.9608751300961615	5.522280364234043	1.0274090248050818	4.348257011840455
7.754733161745048	5.225920325266759	9.185480487725815	3.795172999286088	6.100357685930541	3.4609087365331277	4.080223056053614	2.1801001864079463	1.2467299761551915	0.5529382314698053	2.9608751300961615	5.522280364234043	1.0274090248050818	4.348257011840455
7.841099085970762	5.224905383324856	9.092229119405358	3.97377534989033	6.050664914770998	3.462979555727971	4.080223056053614	2.306938946658119	1.2467299761551915	0.5129196365289407	2.9101674169948386	5.6104057545688075	1.072373635656156	4.295789832630148
7.891914850558556	5.273734352212089	9.006658104496466	4.158991098274144	5.951020181296169	3.4643077339713897	4.080223056053614	2.3114020568932006	1.2467299761551915	0.5527322705949491	2.9076295344211416	5.6104057545688075	1.0240957536419661	4.295789832630148
7.9608793819555315	5.262184745328366	8.8717944041833	4.351269723100605	5.902209212752509	3.3873868054917344	4.080014778730115	2.4802618869950894	1.279971088734105	0.5527322705949491	2.8441063113013296	5.579595871415465	1.1128462760721998	4.288640934397492
7.99639439424717	5.312398608847082	8.857972478261235	4.450820524833016	5.851995349233817	3.4367237437053175	4.218482548762759	2.4392027143230814	1.1415033187012684	0.5169493092578523	2.8925608161637704	5.615110883707133	1.0643917712094049	4.246177081471119
7.9905728371456615	5.311647789936369	8.801098837649295	4.501121789432782	5.801694084634147	3.4367237437053175	4.218482548762759	2.4392027143230814	1.1415033187012684	0.5169493092578523	2.890051808477827	5.518032245187487	1.0610380205608816	4.243988500995117
7.9905728371456615	5.312174049235468	8.751688450085478	4.551058436295572	5.852771469685143	3.401268320645573	4.166878904412694	2.524068524946778	1.1415033187012684	0.5169493092578523	2.938683628456541	5.518032245187487	1.0576696165650978	4.2016650691520026
8.041733617257174	5.311490864900882	8.751688450085478	4.601536032072592	5.76066723248804	3.3150212777884733	4.2599940494646376	2.5715883560272883	1.0900148150694922	0.5556765210345436	2.887522848345101	5.518032245187487	1.103007249085267	4.2016650691520026
8.138107592653855	5.250595893661232	8.744597865552267	4.644105620762616	5.76066723248804	3.315822892629718	4.2599940494646376	2.613356329876218	1.1408834018088903	0.5556765210345436	2.8753486145536717	5.513379607802981	1.0542865116372775	4.199543297506396
8.081338703480963	5.250595893661232	8.68782897637945	4.644105620762616	5.76066723248804	3.315822892629718	4.2599940494646376	2.613356329876218	1.1071811541396723	0.5186985791740855	2.8753486145536717	5.456610718630124	1.099698486461404	4.199543297506396
8.081338703480963	5.250595893661232	8.638356156466989	4.693578440675026	5.76066723248804	3.3652957125421716	4.2599940494646376	2.613356329876218	1.1071811541396723	0.5186985791740855	2.8753486145536717	5.456610718630124	1.099698486461404	4.199543297506396
8.081338703480963	5.20064640365615	8.638356156466989	4.643628950670148	5.81061672249312	3.3652957125421716	4.2599940494646376	2.613356329876218	1.1071811541396723	0.5586221972426556	2.92415844290582	5.456610718630124	1.050888658109382	4.199543297506396
8.081338703480963	5.20064640365615	8.638356156466989	4.643628950670148	5.81061672249312	3.3652957125421716	4.311546537704681	2.613356329876218	1.0556286658996257	0.598597411393913	2.92415844290582	5.456610718630124	1.050888658109382	4.199543297506396
8.081338703480963	5.20064640365615	8.638356156466989	4.643628950670148	5.81061672249312	3.3652957125421716	4.311546537704681	2.613356329876218	1.0556286658996257	0.598597411393913	2.92415844290582	5.456610718630124	1.050888658109382	4.199543297506396
7.969282952129701	5.312702155007312	8.638356156466989	4.643628950670148	5.81061672249312	3.3652957125421716	4.311546537704681	2.613356329876218	1.0556286658996257	0.598597411393913	3.0362141942571608	5.456610718630124	1.050888658109382	4.199543297506396
8.004725986066664	5.312174049235468	8.72327201031641	4.593628024985621	5.8111448282649905	3.358975823055844	4.311546537704681	2.570203399450341	1.0556286658996257	0.598597411393913	3.0362141942571608	5.4920537525670285	1.0963751010474303	4.24693375517789
8.065601956913946	5.251298078388121	8.72327201031641	4.593628024985621	5.8111448282649905	3.358975823055844	4.311546537704681	2.570203399450341	1.1065825600770982	0.598597411393913	2.975338223409868	5.4920537525670285	1.0963751010474303	4.24693375517789
8.061460566158221	5.312174049235468	8.78000659040787	4.593628024985621	5.8111448282649905	3.358975823055844	4.311546537704681	2.570203399450341	1.1065825600770982	0.598597411393913	3.0362141942571608	5.6010495947048895	1.0963751010474303	4.284262511505665
8.157675164207967	5.251298078388121	8.772849025590931	4.636124217005118	5.8111448282649905	3.4014720150751843	4.311546537704681	2.570203399450341	1.1065825600770982	0.5615757962761153	2.975338223409868	5.636388221907331	1.0963751010474303	4.284262511505665
8.157675164207967	5.251298078388121	8.772849025590931	4.636124217005118	5.8111448282649905	3.4014720150751843	4.311546537704681	2.570203399450341	1.1065825600770982	0.5615757962761153	2.9265283950575305	5.596310144871628	1.1451849293999319	4.324340588541291
8.157675164207967	5.251298078388121	8.772849025590931	4.636124217005118	5.862839837952091	3.4014720150751843	4.259851528017442	2.570203399450341	1.1065825600770982	0.5615757962761153	2.9265283950575305	5.596310144871628	1.192089322395831	4.324340588541291
8.157675164207967	5.30116063541892	8.822237394633731	4.636598404993127	5.812977280921254	3.3520836460323697	4.311468036583918	2.570203399450341	1.0549660515104564	0.5615757962761153	2.9265283950575305	5.596310144871628	1.1466005966605972	4.324340588541291
8.157675164207967	5.30116063541892	8.822237394633731	4.636598404993127	5.8545875261730345	3.395173750505395	4.269857791332245	2.527113294977195	1.0549660515104564	0.5615757962761153	2.9788216730353185	5.596310144871628	1.094307318682963	4.371599317322119
8.208854944711952	5.249980854915107	8.822237394633731	4.636598404993127	5.8545875261730345	3.395173750505395	4.269857791332245	2.527113294977195	1.1059799326390871	0.598597411393913	2.9276418925314536	5.5563050357289026	1.094307318682963	4.411604426464888
8.208854944711952	5.199592038585157	8.822237394633731	4.586209588663245	5.9567300044124805	3.395173750505395	4.218104129422649	2.527113294977195	1.1059799326390871	0.598597411393913	2.9276418925314536	5.5563050357289026	1.094307318682963	4.411604426464888
8.208854944711952	5.199592038585157	8.822237394633731	4.586209588663245	5.9567300044124805	3.395173750505395	4.218104129422649	2.527113294977195	1.1059799326390871	0.598597411393913	2.9276418925314536	5.5563050357289026	1.1411350749983535	4.411604426464888
8.208854944711952	5.199592038585157	8.822237394633731	4.586209588663245	5.9567300044124805	3.4382011174899203	4.218104129422649	2.4840859279927225	1.1570538256882719	0.598597411393913	2.9276418925314536	5.5563050357289026	1.1411350749983535	4.411604426464888
8.208854944711952	5.249980854915107	8.822237394633731	4.636598404993127	5.906341188082502	3.4382011174899203	4.218104129422649	2.4840859279927225	1.1570538256882719	0.598597411393913	2.9276418925314536	5.5563050357289026	1.1411350749983535	4.411604426464888
8.173516317509499	5.249980854915107	8.786898767431271	4.636598404993127	5.947859750192731	3.395173750505395	4.176585567312672	2.527113294977195	1.1570538256882719	0.598597411393913	2.9276418925314536	5.52096640852633	1.1411350749983535	4.411604426464888
8.173516317509499	5.249980854915107	8.786898767431271	4.636598404993127	5.947859750192731	3.395173750505395	4.212083362982356	2.486106382248074	1.155181421100557	0.599629109972455	2.9276418925314536	5.52096640852633	1.1411350749983535	4.411604426464888
8.173516317509499	5.249980854915107	8.829406013678113	4.594091158746476	5.947859750192731	3.310957259944421	4.212083362982356	2.527815626562247	1.155181421100557	0.599629109972455	2.878914867685349	5.52096640852633	1.189862099844512	4.411604426464888
8.173516317509499	5.249980854915107	8.878732130239364	4.544765042185115	5.999671744870897	3.2616311433830902	4.160271368304142	2.527815626562247	1.2062894577464955	0.599629109972455	2.878914867685349	5.52096640852633	1.2366156165342022	4.501147868629353
8.138107592653855	5.299755709579998	8.843323405383723	4.594539896850018	5.94989689020602	3.2616311433830902	4.160271368304142	2.527815626562247	1.155181421100557	0.599629109972455	2.878914867685349	5.525562792813405	1.2366156165342022	4.503567004457315
8.138107592653855	5.349443018130542	8.892576305337313	4.594974305447089	5.941636303521289	3.170731639482157	4.1188446464384105	2.5694622305096333	1.2062894577464955	0.599629109972455	2.8302766209380907	5.525562792813405	1.2852538632818324	4.503567004457315
8.194946761043623	5.349443018130542	8.94941547372712	4.594974305447089	5.941636303521289	3.2137550253159177	4.1188446464384105	2.5651692245267244	1.2062894577464955	0.5608987301223368	2.878914867685349	5.622480038238987	1.2366156165342022	4.505983081889794
8.246235349347858	5.298154429826366	8.956055691057472	4.588334088116759	5.993506310918919	3.2084875296390782	4.066974639040599	2.563796502873334	1.2062894577464955	0.5608987301223368	2.8276262793811067	5.622480038238987	1.2821085326444253	4.505983081889794
8.297633010350344	5.296356687489033	8.956055691057472	4.637934006781999	5.943906392253547	3.3369909629506602	4.0314768433707995	2.394344682677554	1.1570538256882719	0.6018471170065904	2.82495564322466	5.662631243658821	1.3245902125042954	4.508396066515255
8.297633010350344	5.296356687489033	8.956055691057472	4.637934006781999	5.892036384855886	3.338167874679218	4.031730342202078	2.393167770948961	1.1575964412058508	0.6018471170065904	2.8737716187802174	5.610350417734194	1.3205184062868378	4.560676892439959
8.288188968622253	5.3058007292171325	8.956055691057472	4.637934006781999	5.850609662990118	3.295459263033612	3.9662055611049487	2.3562468172860784	1.2135340630401894	0.6814766823146826	2.9811151547587773	5.662631243658821	1.5456994102688075	4.593735058191035
8.288188968622253	5.356273116196142	8.913589029881907	4.730873054936472	5.7586355084856615	3.336685272450882	3.956082081741207	2.357487469044458	1.2142054157518232	0.7214518964654778	2.928803859067818	5.755082610650942	1.6907193057329226	4.677003580263881
8.288188968622253	5.356273116196142	8.962674702295654	4.681787382522623	5.7586355084856615	3.330371951712358	3.956082081741207	2.314715117368981	1.2142054157518232	0.6844302813474157	3.122665229097914	5.795399823091111	1.9658921612095401	4.8484920890528365
8.221868582594853	5.416314102694654	8.905835533905849	4.732347151383789	5.7080757396245305	3.330371951712358	4.007707328630604	2.314715117368981	1.162580168862414	0.6844302813474157	3.1261331792447717	5.77895141024979	2.0673827561114826	4.895001995153006
8.134809993511563	5.517402866198087	8.96830996951452	4.683902890195101	5.658566561047616	3.2324185119467406	4.007707328630604	2.314715117368981	1.162580168862414	0.724461199429931	3.125000244584007	5.905774086887197	2.311055456285826	5.039121390838263
8.134809993511563	5.517402866198087	8.96830996951452	4.683902890195101	5.658566561047616	3.2324185119467406	4.007707328630604	2.314715117368981	1.162580168862414	0.724461199429931	3.174689994250467	5.99882075426679	2.3093016958285535	5.034276037532445
8.0889256103713	5.41413350815095	8.868024175163665	4.63503494335865	5.710470556363724	3.2689093270009435	3.9558033333146665	2.229356355478368	1.2135340630401894	0.7645439133829451	3.2182670965942917	6.106987653614662	2.8418724999273337	5.314636968975533
8.11188733221972	5.256912455634195	8.683119535039543	4.685680252814374	5.90961023016338	3.2689093270009435	3.741733114476167	2.229356355478368	1.1778192986233043	0.724461199429931	3.517921835452303	6.411053320417255	3.029524994801336	5.601294033611868
8.237626803011624	5.038619721389601	8.590566271586715	4.685680252814374	6.01421260104733	3.3114959120130387	3.6371307435922713	2.1867697704661455	1.2288331797520016	0.7614787677911582	3.40170008300575	6.496636000852716	3.0748681633076735	5.608846376978113
8.237626803011624	5.038619721389601	8.590566271586715	4.685680252814374	6.01421260104733	3.3114959120130387	3.6371307435922713	2.1867697704661455	1.2288331797520016	0.7614787677911582	3.454480656731545	6.675484350992831	2.9717440891879754	5.523303498999741
8.178030624375287	4.886091972177574	8.180595817155128	4.883526779397755	6.083573710634177	3.515024790151798	3.5434946059713854	2.22830637816795	1.3003271670424719	0.7645439133829451	4.021915007061555	6.680639179701381	2.964633028099792	5.872210048736071
7.988462518996398	4.986279911238997	8.065791288227205	4.908951142008252	5.983165118153878	3.3874378652836574	3.49089191097285	2.22830637816795	1.3003271670424719	0.7614787677911582	4.76670506658033	6.756945917742451	3.54127162937198	6.822287187946897
7.870725913873264	5.150004655463222	8.143963601244769	4.87676696809166	5.986148023379413	3.252802697270236	3.3496141836392486	2.267042844079494	1.3361709950537513	0.7227423018798416	4.937357994085259	6.838920653174615	3.647780196143916	6.883906139487267
7.463280896012463	5.150004655463222	7.77935113000401	4.833934421471711	5.986148023379413	3.2524935405162503	3.385458011650578	2.2245194542133016	1.3003271670424719	0.7227423018798416	5.270427975089588	6.815821011773844	4.192674637082687	7.472597536468318
7.369578192266863	5.150004655463222	7.734796203044582	4.784786644685554	6.038979379800495	3.24580758707613	3.332626655229547	2.182057630867444	1.3003271670424719	0.7227423018798416	5.219014895519096	6.898937117775446	4.319341429709592	7.347696905623409
7.270916520406069	5.211391576471196	7.697521452191857	4.784786644685554	6.038979379800495	3.204329656739052	3.332626655229547	2.182697678976116	1.3514010600912798	0.763580184108634	5.280401816527247	6.7649736846477495	4.37581934163464	7.396956104365093
6.984053772850147	5.623110090336221	7.857122859162192	4.750041004024253	6.000424359570325	2.9455829923632963	3.1441227556647617	2.0951646909318398	1.295432613212184	0.721839033003127	5.458899513122688	7.672156807181721	5.162969267406374	7.940245312198775
6.99930664919967	5.720079434612034	7.911125683326857	4.808260400484853	5.891496002483485	2.8962251239722634	3.1031962016346037	2.0528870446662753	1.295432613212184	0.721839033003127	5.515521933802731	7.820607568223794	5.182220916782223	7.983008672779704
6.8480310151998065	5.720079434612034	7.759850049327046	4.808260400484853	5.83862804743122	3.0215905762084945	3.15606415668672	1.8867417635172583	1.295432613212184	0.7626188619152313	5.4144541631355425	7.258163097638422	5.571212825586043	8.146560674019236
6.700517959087609	5.721453779704337	7.665222560056226	4.75674917873571	5.890139269180417	3.0632570134268753	3.15606415668672	1.8450753262991038	1.295432613212184	0.7626188619152313	5.413171969468363	7.256614493124898	5.650650747159791	8.01277185933316
6.604360790999797	5.816898275227398	7.859015386360388	4.56224367986665	5.6891851116604055	3.024968452857639	3.26157381868359	1.5934138924762735	1.244410255927045	0.7626188619152313	5.308167058514604	7.5119335396364555	6.7632419803608395	8.533158482388801
6.527516233831473	5.914371976736286	7.830241657617478	4.611646552950241	5.486502931372015	3.0607859678757747	3.3667822974631685	1.509525549032343	1.295432613212184	0.842716029576097	5.3100027902631854	8.459875587586962	6.948472277658425	8.49438021414692
6.474744182534886	5.918450866544269	7.830241657617478	4.562953391461561	5.535196092860713	3.0607859678757747	3.4024083507439298	1.509525549032343	1.2262410682123634	0.842716029576097	5.306243390185448	8.459875587586962	6.942545353598076	8.674764390226128
6.240411982553621	5.980046997435213	7.70550405221989	4.5149549277689545	5.535196092860713	3.096675847626876	3.4541134958853066	1.4256372055889839	1.174535923071316	0.842716029576097	5.535698930959696	9.190063813717023	6.270995666938846	10.058993352634321
5.796303569216106	6.081381151177182	7.3619628261585985	4.515721894234571	5.486502931372015	3.0907858965466284	3.4541134958853066	1.4222331115917624	1.1920444616055161	0.767122214908681	5.815966244176371	8.513596834179829	7.151999806905826	9.499948982607275
5.5233178244706895	6.195582190208341	7.203178120444526	4.515721894234571	5.486502931372015	3.132883641326681	3.505882878239979	1.339413426608288	1.1914690697578483	0.807844155111246	5.93267952780474	8.559030523557311	6.049789303334709	9.938921363931513
4.648125714641351	6.518633873526244	6.79342239804411	4.373337190123354	5.537816478468689	3.1258227473030087	3.505882878239979	1.2533191502514365	1.157835517240668	0.809928168478518	6.030083887879045	9.06412135580942	5.3538062812037	10.045344828966618
4.349913765740986	6.735136699776089	6.707133927805351	4.377916537711635	5.496793828064395	3.130772182023007	3.5469055286442686	1.2914774565402811	1.157835517240668	0.7313211855078474	6.0805988850004455	9.090163208103391	5.322158692933985	9.677097718888154
3.1126917777508765	7.363519762943231	6.378029918121059	4.0981816225728	5.498030040810047	3.0736659010229634	3.547646345802946	1.120465304396331	1.2608851197279265	0.6934242444460024	4.7264851861979365	9.030410914975409	4.875647951687144	9.20603576418113
3.062586843457398	7.413624697236604	6.513032932267077	3.9631786084268343	5.498030040810047	3.0236603534178905	3.547646345802946	0.9969911143078259	1.363626324823468	0.6919257538433864	4.930168409779892	8.974729902851196	5.142754174900642	9.21007472925835
2.8633534890515784	7.3994503586226035	6.481273918036308	3.7815299296379066	5.500541228569522	3.014265514840624	3.547646345802946	0.7866963484396752	1.3814988983979188	0.7324778672595913	4.856568884841862	8.426699353245306	5.4982973908170765	7.737114345972185
2.839948731940484	7.337897584994628	6.484316646121698	3.693529670813661	5.500541228569522	3.0118822437418538	3.547646345802946	0.6605817184310235	1.3814988983979188	0.7729755095425708	4.736718284842468	8.396864642767605	6.462566429733044	7.501925402745904
2.7973407690883394	7.386348582408237	6.489350754357968	3.6943385971384637	5.452090231156045	3.0071423301555584	3.4959412006616564	0.6176795609289053	1.4847520704216413	0.7729755095425708	4.572632487498552	7.848597959962939	5.350239326022171	7.1551503458650485
2.4599760595173032	7.484648366184765	6.246036750239102	3.698587675462959	5.403725405356728	3.1352617025504776	3.4959412006616564	0.4839268011647764	1.4847520704216413	0.7744683635859967	5.040542709587887	7.551119823491098	3.7274227870393317	5.474650743052967
2.05913904804103	7.683320457756457	5.996224102867205	3.746235402930417	5.444766778109855	3.269404122451155	3.4548998279084735	0.3974321087314899	1.4847520704216413	0.7744683635859967	5.237428536473809	7.568959370075292	3.2456029595568547	4.808646806656839
2.062659046164765	7.621988029420482	5.938411672654712	3.746235402930417	5.444766778109855	3.269404122451155	3.419273774627801	0.3974321087314899	1.5203781237022835	0.7744683635859967	5.290867038854416	7.683418736341464	3.318037859111689	4.678065907240268
2.0438067072418904	7.423225236619346	5.809237301515154	3.6577946423464724	5.456235604870066	3.2677104189874293	3.407804947867575	0.31068505161116233	1.5719866302939542	0.8114383215231119	6.418578961011889	7.403426513972436	1.9039176316967061	3.6264625540961477
2.5919336561434445	6.918797251932585	5.852936265729718	3.6577946423464724	5.456235604870066	3.311178805156377	3.372114546353026	0.2672166654408349	1.6076770318085525	0.8114383215231119	7.485613281448746	7.33595515681432	0.7324113682649495	1.2133960556977301
3.1092286986627125	6.662489935887808	6.1582549239626845	3.6134637105877676	5.456235604870066	3.2686260305418404	3.4238687465486657	0.224997965275385	1.5223273668925805	0.8919016280690251	5.432759642600404	5.521083442104632	1.3412948042389272	0.4635978418562982
3.534195374035101	6.506483158352577	6.420584619502176	3.6200939128853	5.45778610980541	3.267819156861125	3.387396160727826	0.18140003123220053	1.5062144377552482	0.8549357779386868	4.853668229048556	4.907702785875891	1.5102247443871293	1.115499643714381
3.4796073371288267	6.4022908892689205	6.258534549390626	3.6233636770070006	5.469386841188618	3.3147504885225745	3.4277034962171666	0.09735217301362854	1.506002315937353	0.8953220686131895	4.3140196704960125	4.996392149016097	1.2173828057061729	0.6861659199984147
3.7389084297615836	6.24515702882546	6.357421466099272	3.6266439924877467	5.5221423528019935	3.319947243093841	3.37494798460384	0.09543573392526807	1.5577589266078955	0.9354006581623872	4.033956771545174	5.144789737944852	0.6848009523321961	1.1130973433897682
3.403304084942291	6.496278166063535	6.3594810885251984	3.5401011624804344	5.572207791699765	3.2764198535702134	3.3740895889197047	0.04965451918518388	1.5576034076610892	0.9354006581623872	2.7195090065521113	3.2335433330415	0.5136311779598189	0.6096034738049547
3.1908352280315424	6.623915414243543	6.313558474928834	3.501192167346382	5.569432388069428	3.2807211808330456	3.3740895889197047	0.00366879311442188	1.609481415924313	0.9723623228845989	2.6332113834094533	2.6541276617398335	0.2085396207471316	1.4227849035666609
3.612033632302072	6.628763583525048	6.620814266059155	3.619982949767957	5.416601586866453	3.237829258163779	3.3732202048067332	0.07887396545662335	1.6093825518660454	1.0108499976660141	2.0383786035278177	1.936193376545043	2.160368008030544	0.685466453300304
3.6673049204324033	6.643078969617057	6.690815611651303	3.6195682783982255	5.465104938303807	3.2859179382314805	3.3732202048067332	0.040386290676652774	1.6093825518660454	0.9322879187431402	2.039688522374035	1.6251112051681516	3.197442140852446	0.2855225396770133
3.503945232499069	6.876757449097262	6.703269644731956	3.677433036864415	5.36920342166249	3.1608606006222506	3.4142982855218027	0.0877123694723303	1.6428419225278357	0.9322879187431402	1.5188547038825106	1.8751379692032615	0.8401997214451706	1.115993935968135
3.3880667636612385	6.995812604592792	6.700218393815495	3.6836609744384874	5.419029145851411	3.1639118515387383	3.361295874675046	0.0877123694723303	1.6428419225278357	0.892265155224147	1.6652851301058553	2.219596564607368	0.7566527260481873	1.179690269738815
3.1103494367251314	7.137138250861469	6.612577169681632	3.6349105179051597	5.467779602384792	3.2079730586505093	3.361295874675046	0.04365116236087781	1.6428419225278357	0.8094365217242315	1.4860631374121822	1.9149002348411075	0.46316839074105104	1.8107767890980493
2.991913425787393	7.137138250861469	6.539411526166114	3.5896401504826843	5.56189686196975	3.1627026912280836	3.3028096662613358	0.04365116236087781	1.6591827190357629	0.7298618857695844	1.354390210407635	3.9122697156692876	0.20763617748991128	3.0359534016853194
3.134308541447162	7.126234972663059	6.625632996205285	3.6349105179051597	5.56189686196975	3.2079730586505093	3.3028096662613358	0.08403745303912913	1.6591827190357629	0.6497651066429115	1.2291388474108043	2.90403734549798	0.01785267978393279	2.5182011800907134
3.134308541447162	7.126234972663059	6.625632996205285	3.6349105179051597	5.56189686196975	3.1639118515387383	3.3028096662613358	0.1280986601515761	1.6591827190357629	0.6497651066429115	1.4178831910087917	2.8638021351388585	0.14043055093847404	1.9953892484903304
3.6620596453136094	7.049082509353351	7.0372538213354465	3.6738883333315857	5.605953669918927	3.030384796923617	3.261846897941364	0.38256615157791146	1.6591827190357629	0.5312371751268088	1.3438247673284642	2.657508207561206	0.27289589641046585	0.13273971609352467
3.8180776712215674	6.986647703257832	7.092574688260017	3.7121506862195504	5.657710086533054	3.0329903941522693	3.261846897941364	0.5104713413697082	1.6591827190357629	0.49074515760808385	1.3246524516602263	2.461429100503853	0.6619107551579151	0.3721986791403756
4.196157430249094	6.8176470122200765	7.13946098575348	3.874343456715659	5.7107248987331864	3.0405338180385084	3.3148858358432634	0.811720765205907	1.6072108713567241	0.41059055863359634	1.1560393011496257	2.5944936175673474	0.7348857018308329	0.8297241761684561
3.6862391525749127	7.181733525333131	6.889155590173887	3.978817087734272	5.8099545234818	2.9201596220698827	3.439842460317242	1.2800167971466525	1.569619987016194	0.330064082928342	2.1428076181326317	3.2280209024448245	0.23044766472410855	1.004795750003701
3.7452128333390884	7.082137339657024	6.9623722015868825	3.864977971409221	5.9587591946109715	2.8805244965172987	3.492654360650941	1.4480270059224372	1.517796720281978	0.3263205976514376	2.4764472120709073	3.266982383628324	0.40394916253774116	1.203315652246342
3.6436373413868304	7.181637799757508	6.874889013007109	3.950386128137323	5.908097860793982	2.88337724818254	3.5453907263195212	1.5326574428371575	1.4660338803519648	0.28687204415797635	2.7601358481688525	3.2915939712524716	0.3444148730026308	1.2995176757619016
2.895899404323573	7.430970749513955	6.361368292504446	3.9655018613331086	6.0987525691444855	2.723395469407623	3.5051499051974937	1.9483772469326006	1.5179318420944743	0.24856160100918825	4.222998833762829	5.043650047271315	0.5191726837332323	1.7094948228065678
2.714104990186549	7.529199184129199	6.241704058837232	4.0016001154783405	6.0965493688438155	2.7267035761273157	3.557716532906347	2.0315308217663066	1.5179318420944743	0.24856160100918825	4.744736860250786	5.457436131092741	0.4556959992907635	1.6302987683011965
3.3883641439243855	6.882344537502407	6.227281009057334	4.043427672369484	6.247362154717685	2.828546657137861	3.704210475821189	2.4427651057962563	1.5180630623582845	0.08959457828857546	5.570007150837343	6.63065997698109	0.9052895555070173	1.75342715551374
4.045290153252815	6.536311835583339	6.510223679666056	4.071378309170036	6.346816245522716	2.7500445960145274	3.668633660159953	2.651186876801191	1.5536398780197267	0.12653160472052186	6.16548134399183	6.65132637243089	0.49867080433427835	1.3034187133043
5.165546877734726	5.944553175842983	6.859519610724774	4.250580442852859	6.292057580956903	2.770887017494172	3.9705502781133606	3.0592264843252144	1.5019978275222283	0.12661099773438836	6.74322622194896	4.912822434926478	1.7312511206997516	1.5363792003595265
5.393639640350258	5.784333400608787	6.934888882123574	4.243084158835532	6.185678288880092	2.772344744753152	4.126109046431455	3.0610489638274934	1.5019978275222283	0.16501398319919147	6.569249857300357	4.743347305662679	1.5571955479394781	2.652089891234418
6.120699174087559	5.402816106438546	7.284810389885145	4.238704890640874	6.074804060583561	2.5479093613025445	4.579152297200452	3.584816243796489	1.398894790049908	0.20347184095600693	5.5491028851975095	5.47282192316395	0.8848065608337756	4.075883739459525
6.222088727799234	5.268120689173319	7.225906240856199	4.264303176116137	5.974655646850733	2.6374590683797314	4.8248405063106	3.6278918045536015	1.3474337581298492	0.16302295215441065	5.228761474894223	5.398215257238411	0.7164547193042357	4.697537449113965
7.364573348004335	4.49151451076555	7.444016313626326	4.412071545143511	5.716913487086836	2.64020040702083	5.179196103418202	3.828648597896004	1.3474337581298492	0.162063186953924	5.042572192061373	4.4028246551467465	1.2524523157124192	4.730862561612392
7.721062379235636	4.1123410586565035	7.387913335365009	4.445490102527099	5.561472599245277	2.648550272026923	5.430102530390201	3.9491828294039917	1.3474337581298492	0.12038462344242609	4.866252996530823	4.839370678748424	1.5540834451121963	3.5596894456867174
8.075038409338735	4.005053935359881	7.641299833817585	4.438792510880983	5.401300029775634	2.653147679707835	5.6373177664786285	3.9441017911969367	1.296033020229124	0.16121332893928708	4.375510192754536	4.6829201425568	3.071329786002336	4.544639522900058
8.22762385448419	3.8971400024482366	7.774093769402474	4.350670087529879	5.391796213058838	2.651786694803659	5.746457425567101	3.8643438951138824	1.2264414668206718	0.16279140634785602	4.262076338178754	4.882654876514625	3.2748190292948194	4.787813695984995
8.350971374658357	3.7628670201913663	7.826175977008083	4.28766241784172	5.433238367817557	2.9156878410052567	6.096792854144142	3.8253022760349302	1.122531080295852	0.16047251879481253	3.179243491676911	4.876587178686396	1.7415482522899237	4.898628047568801
8.392165153043926	3.7175799926170843	7.781708879357299	4.32803626630374	5.3825155235127236	3.013290933606031	6.2437865616662585	3.823624919143571	1.0376434523843174	0.24033376536945592	3.082146205727268	4.955581674676341	1.6465668025495537	4.665273188398943
8.166924162890549	3.600975716068597	7.68677375016474	4.081126128794486	5.436514371229107	3.153185642292116	6.688692491050951	3.9168112178862136	1.0081740385763283	0.32504888983996355	2.0397162578500247	3.9010752365107377	1.1056950301488973	2.6915771160044706
8.104076299990497	3.519409354582229	7.734969210444685	3.8885164441280606	5.572638927743916	3.2841618891518154	6.814367979032261	3.912825481200843	0.9937260376066351	0.24722058593240723	1.994757463485496	3.784246681972703	0.31334071557064663	2.6086374627372653
7.434630753738607	3.857920362748293	7.4949181123947515	3.797633004092027	5.131533052643285	3.6843517766500793	7.572175259160579	3.541795022338643	0.840398884211664	0.3267170495181068	1.2615314595447833	2.9699638443761094	1.5997167346349783	1.8997453950900212
7.0196680153088575	4.146202297779317	7.507199620693258	3.658670692394796	5.182930468276509	3.715770860432215	7.831932181282625	3.3931379309739453	0.5432215929167665	0.3694256619619053	1.9613915198371725	2.818959006758719	1.2214908039858534	1.645204045667347
1.7747906822856094	6.381204073821497	5.618757082760556	2.5372376733466395	4.332211250016734	4.141980041303487	9.103581207554587	2.0714984860234384	0.31436758659589176	0.21871083256627452	0.6382774538525285	2.105353078390112	2.2699731009184085	2.13717294016943
0.3775999854421379	6.648074582790078	5.183407089516709	1.842267478716903	4.787075513505167	3.886562731084683	9.090911428470278	1.8594153034145762	0.09964280399148445	0.0695223819571312	0.8714486409303281	1.8892960758058561	2.00113727566345	2.758940880285839
0.12774905524864102	6.5715724193805345	4.814630804372572	1.629192559758982	4.826968728098839	3.8870370317079534	9.155201483305401	1.6932620263045621	0.08160312364763589	0.03336783624465995	1.967674728191987	1.6646320301339017	1.408432769906654	2.552404952303649
0.16628694858775706	6.99340050171276	5.444352299947676	1.7153351503539533	4.91005850354025	3.936460750410592	9.541131476474444	1.899388096114825	0.14345838993008106	0.6702643202180001	2.894397158234267	0.26838557712085515	3.77930790401825	2.730928890262318
0.023892186836773202	7.130891344686121	5.622282840379145	1.4847163174659286	5.253256067548846	3.9360610142673593	9.89841364459642	2.064723439939895	0.31658937926071035	1.5437951473611529	4.194060792378825	2.474995008744258	2.0223077864840366	2.5783547514888587
0.23112821779011403	6.916448791413906	5.623321184650181	1.5242558245555453	5.378626189808474	3.8937878017517975	9.907295451648137	2.231524581863763	0.40657772089979394	1.6219435463952319	4.443524532802023	2.7188933766495773	1.958111604965967	1.8228785594749342
0.49054714368505287	6.746564188738904	5.177572715092946	1.0784443299602389	5.541093252298222	3.8015215627505285	10.288778143489822	2.2777678599173288	0.42688879716591693	1.8458054305447975	4.363705677974589	2.7266911633586965	2.128564704997286	3.3549039761299726
0.8968084554940035	6.891238651165373	4.959420557134825	1.0350096385367975	5.584527943721737	3.7165946866297075	10.304246825470063	2.3239525153880556	0.4087690207996648	1.8080473471053904	4.082920806283713	2.0179930324305175	2.2474847881663824	3.8203856371630907
1.1529476100025198	7.071174459341468	5.005739043869702	0.9124878054689451	5.669201548974961	3.342756814526292	10.399641601816738	2.7459117757487497	0.40745840368603076	1.9985163621493818	4.257222596780476	1.4613548944076618	1.8876812630249795	0.1172767505393478
0.959240563262491	7.071174459341468	5.150233056446209	0.9617008396328872	5.669201548974961	3.2244333029293224	10.434395202293018	2.913448321509579	0.4422120041614024	2.072031465858501	3.8383988551594554	2.7424579837548255	1.9003317981266261	1.0024729968721011
1.4848790423926674	7.673499162456645	5.227906376780266	0.9607137432839904	5.463592819774753	3.333206238214257	10.660134857556603	3.0051860926331133	0.22205051359816266	2.14510211816725	3.2415238397270283	3.268023974355889	0.7186318201706681	0.2625806928720486
3.4043374292038364	9.2550607779512	5.1877609998464775	0.6629623489012929	5.682863600315074	3.29925286173615	10.631904545934852	3.0460297414401394	0.07579303214754898	2.1127749383664436	1.4310227172445342	2.4851641718493993	1.1881789979719248	1.2803232422267816
4.1677027542810645	9.597201928164449	4.9783140675705715	0.45118510631317066	5.86015312286641	3.261023430615571	10.175897006351791	3.0941188565506352	0.5254439582583568	2.228855489334773	1.2140661237741694	1.0681855113210998	0.10349387267926327	3.24739636116129
3.939838299813831	9.392066993584416	5.085647436115142	0.3665812576541816	5.989287600062855	3.261023430615571	10.02554895376062	3.1350762851187617	0.6833161001968492	2.269812917902845	1.7386039674877325	0.03891727239376688	0.12610095178395594	3.13335647735252
4.598226607439345	9.623518986052588	5.1206765751826175	0.0953841965658449	6.283111792602171	3.1779527586584937	9.88472106967609	3.0500056953902828	0.8762597616709494	2.27080080682855	1.9125995048206859	0.7404151464668034	1.323157548398643	4.041991987786728
4.077497305871566	9.171486466337742	5.3571833654899566	0.2631942050227319	6.366412179555269	3.134874035342796	9.832220370093845	3.049587834058313	0.9809373192544609	2.3499717281905306	2.30256253828672	0.5575358710638063	1.4345768349725423	4.04745728523188
4.795472496842277	9.477235216411708	5.399548432053219	0.7177857124835968	6.734107991912763	3.136155417383944	9.667388546118202	3.0059413854540553	1.2237975529466005	2.126972216012773	0.6039045751918768	0.7807160681378462	0.9380305836370941	3.6399231162148986
4.68570950332232	9.34021440908757	5.380663385865348	0.7261584800993021	6.435999921325269	3.2608371459043632	9.869571943704104	2.8812596569333504	1.275946024758714	2.051892303432839	0.31354613618572674	0.46446920956717297	0.6277247395136232	3.189344632785564
5.134091373887585	9.285226982641412	5.334458552891066	1.183322944137038	6.719996407320899	3.387251588423267	9.844334030675617	2.71240644990155	1.431913151315049	1.9766116724108835	1.0700376681366386	1.8757956714052082	0.9773894783575595	3.2646022363420952
5.60611813168577	9.288407479025844	5.193929229803809	1.5116398824639958	6.964633169788939	3.303028595812126	9.748392839349021	2.6688695025027602	1.4502489081181102	1.9766116724108835	1.1526316091888318	2.235827633810039	0.5542565461800075	3.407746021758291
5.837547299974983	9.219479739267173	5.098626962693303	1.7166945234011286	6.996049230995199	3.2609575262378945	9.784689284617079	2.625396111398172	1.502046581902682	1.9388959171719973	1.3367874419194588	2.993949668275251	1.676226870560824	3.030247274767282
5.887343370087635	9.120637060477005	5.032572450355592	1.7992787599662177	7.078260751439512	3.2614834301026794	9.82918240812184	2.5819861874638206	1.3629263770589886	1.9388959171719973	1.4117890081597337	3.016200820260382	2.0197663694407293	2.8923510880274566
5.970034171706572	9.112031482007286	5.070377052306816	1.9283797420060944	7.1647165653975255	3.259572487294546	9.742726594163864	2.45479614823237	1.3814554034068889	1.9771659402934865	1.6840693907082542	3.556693746205699	2.8203449677575088	2.5480819970412503
5.947805414079906	9.044002579433483	5.067760699371895	1.9715635340182474	7.1647165653975255	3.3426303321236195	9.829680532432006	2.328554511390892	1.2945014651386144	1.9771659402934865	1.668251020278798	3.748133638006534	2.354645187317891	2.69824644807199
6.019005659691881	9.069301004917444	5.021858879243874	1.9715635340182474	7.1647165653975255	3.3426303321236195	9.829680532432006	2.328554511390892	1.398972163629556	1.9771659402934865	1.6312059161970272	3.8209224423738988	2.671782837660039	2.695363912614569
6.048365734866617	8.985986811724242	4.958349027500073	2.0207279506425633	7.12742516806375	3.2992738365176035	9.916136346390028	2.371911006996774	1.398972163629556	2.0154864128950134	1.8516402307200275	4.597775203843015	2.74985758827144	2.6907447974566248
6.000680953226236	8.931950298998478	4.912311781504267	1.9810424357318175	7.002651729649568	3.341480099326327	10.00122426989353	2.2068323872376583	1.4890617072171526	1.8554065441631848	1.8742728985042332	4.718772382765327	2.6377159818119695	2.5961288350190563
6.098384187750275	8.926526841258099	4.848870604150335	2.0207279506425633	7.042337244560263	3.5534730150621923	9.949413478033799	1.9539930457338577	1.507242118925204	1.6247250924008119	2.3740693449603856	5.1714023380457	1.5826572970448747	3.366382276245936
6.127461253602907	8.882702947859384	4.785531481127539	2.0302897868710907	7.051899080788792	3.596838432593429	9.914270331625396	1.910627628202338	1.5760156454852703	1.5866051735139695	1.72848003221346	5.625512217737457	1.7340014179474754	3.5003037767665584
6.19069841391288	8.882702947859384	4.722294320817571	2.0302897868710907	7.095915611823574	3.596838432593429	9.905396946998957	1.86983659688182	1.5744412608625038	1.5076430911047696	1.402794668165285	5.802229609162668	2.0819291646741958	3.6294670260649577
5.2872384771534255	8.579686015285043	4.785144140555489	1.4926966024238149	6.85887510960541	3.9407115338497336	9.862822503577924	1.8247327657543768	1.3985169834415587	1.7761875832191911	3.410789894511641	6.417204704726924	1.3783246975974957	3.979077572980933
3.901497808290791	7.996995979824606	5.131095574439076	1.03559740290533	6.657074697165283	4.196010320928213	9.862822503577924	1.8247327657543768	1.3798990080407583	1.964759010106224	4.685472638438536	6.665878219923025	0.0321525103804307	3.7920786707454415
3.3845057356422976	7.950210813874371	5.43860344543914	0.8728983672068589	6.58096208606883	4.239248040075998	9.828046870835927	1.8223414723746532	1.2759724387911187	2.0415647162154644	4.254071330056894	6.966709226128074	0.5192861908589808	3.785401805950512
0.9885955868499652	7.147576443397558	6.824605161538349	0.6656243049898841	6.415690984903101	4.4523150731060985	9.870553531286259	1.6937840608459773	1.2759724387911187	2.0789795980716783	4.997236223268783	8.139175154183336	0.42618570551920454	3.6671571709543795
1.9078522175942685	7.573152600821009	6.330924688217399	0.6656243049898841	6.415690984903101	4.495103598606522	9.870553531286259	1.6509955353455605	1.309525854782539	2.040765987868995	4.482413477473623	7.93683434349252	0.3008650877868497	3.9037413921455513
0.3426656564342408	7.213605497382123	7.3305355655880815	0.45959572463908616	6.252169065002586	4.538214569172536	9.776236078976137	1.6467317135637438	1.2908909147600456	2.041449370014799	5.03637442661916	7.66049060263079	0.90662821084219	2.6277867739131247
3.576640089322599	5.622675954309528	8.561126982484135	0.6381890611479735	5.363618768560134	4.921466598927891	9.993364589952375	1.7307417157993856	0.8901780724692254	2.081602540290017	6.8273464771685095	4.520876437957839	4.516895495079915	1.734466344272669
3.589525986104695	5.552645258885698	8.428374270509211	0.7137969744812633	5.327011103859986	5.004352634488308	10.037250376880108	1.6898426841295116	0.7194223549083623	2.0399596085376097	6.597356103744783	4.4246613208956225	4.278980936496534	1.6201220151131202
0.16184306293150622	6.984120578722038	6.402043268410832	0.4202342473793465	5.454513579828376	4.795116925518433	10.089061168739885	1.7330181419661013	0.7353695293909545	2.0772295451459253	6.5095886650785015	6.206272024618123	2.685883034565716	2.2306657209213756
2.587694748073721	8.090630107718113	5.418450018817419	0.08448534082900999	5.539447299152816	4.458933131597298	10.150292602159995	1.7737570519968697	0.6995932120122906	2.113241844798569	4.210394951380815	6.594219919622452	0.46056359289749427	3.7344132094754867
3.698741003448653	8.877994223144787	5.087156585739725	0.09209663395730686	5.5760273703063366	4.331344674032721	10.220090204498518	1.8591395862209403	0.6117134302618619	2.113241844798569	3.996211814660181	6.518361074792227	1.0465031414217045	3.8386183333926143
4.0951615731658695	9.121489169364956	5.018863437328746	0.007464158869435964	5.61997424330775	4.161586817310924	10.280591446151352	1.9442649678565602	0.5581843153535836	2.113241844798569	3.7138744856388826	6.547727629973024	1.417472370166824	3.842805540560173
4.804680100980528	9.338232119686598	4.780749038771847	0.24719702006472155	5.7925733403630515	3.9481995609234235	10.36733350344731	1.9875006668092154	0.5211169339017029	2.2277231864764655	2.8833674342444375	6.02252729531197	1.6631929605928484	3.942507250331873
5.184312532197512	9.385849876140272	4.661345007867084	0.45980766392494254	5.963371394538045	3.819805491589089	10.386019686979065	1.9487060529401619	0.6579337197942869	2.2271883420758223	2.320810461606968	5.898369320657146	1.3975938908115837	4.189403024065452
5.423036874354102	9.421621407042963	4.551261722866595	0.5526771901770456	6.007576999068785	3.684470611680694	10.447337855486582	1.991171406595089	0.5856500717567299	2.2654978774355756	1.1160103914069501	5.753964827850606	0.9348132119792539	4.5680160005026496
5.651439112186848	9.325381574650281	4.43721190780908	0.763269445346145	6.217506177836025	3.641437000073145	10.457825316131913	1.991171406595089	0.5327920759035901	2.3038572415288314	1.5277772100781482	5.538333082738062	1.1600924373020975	4.737007181011576
5.997845958976486	9.391827109729057	4.368723931051449	0.9747427802989213	6.2928070326445615	3.50526451992845	10.457825316131913	1.991171406595089	0.4995519509036887	2.342266497180835	1.1250057483291682	5.457341633271876	1.6164555858388299	4.860676188447712
6.145184962145399	9.380959026067325	4.253786711861446	1.0180126479398954	6.2928070326445615	3.461994652287707	10.404967320279555	1.991171406595089	0.6558319381704254	2.342266497180835	0.48970865191306334	5.130610986567777	1.1386154894012752	5.0568371781759165
6.220781361596145	9.345526171054289	4.142757457397587	1.0180126479398954	6.2928070326445615	3.418696017358677	10.457825316131913	1.9956201157786564	0.6547749655394641	2.2650073157833104	0.3463742681267445	4.961533728244411	1.1067725029828734	5.101858588670907
6.125860093283007	9.345526171054289	4.237678725710851	1.0180126479398954	6.2928070326445615	3.375333202884539	10.404967320279555	2.038982930252818	0.6744151818335046	2.3022186459120153	0.9297646741291249	4.313656640631337	1.145818891308834	5.116497346151835
6.078556883956168	9.345526171054289	4.241712067396853	0.9747427802989213	6.2928070326445615	3.3762045868652897	10.404967320279555	2.0424760937138267	0.6411372166581034	2.3004748330896314	1.1536482248043904	4.081023788150939	1.1108772008623742	4.984812907626105
3.3853083168413	7.820763451362935	4.724965824134364	0.2895106896133989	5.873361706868071	3.5975515994463634	10.50787541032367	2.171722395951095	0.6749521741902651	2.33758658650665	1.9299706326753854	2.9005118144995	1.223131373730487	3.8852290491377777
3.6537993363925443	8.169704601731315	4.805415954951132	0.2895106896133989	5.873361706868071	3.555284913256339	10.473054693840313	2.2139890821410146	0.7097728906739224	2.374648654739844	1.9383406051069394	3.2642506233048048	1.9878634096859884	4.520602947798325
3.8677732815004946	8.341594606027847	4.805415954951132	0.3315946304255941	5.872944048243641	3.469533990991394	10.515556293276179	2.2997400044057827	0.7430231507944896	2.374648654739844	1.6524500705440555	3.496164232878273	1.7211582059177652	4.731632640112484
4.308140695553416	8.478530922758662	4.544719873621186	0.37432964641693456	5.828733184769335	3.171367247478339	10.55976715675052	2.5570627001004413	0.7430231507944896	2.413552074720414	0.49810067749449877	2.1583671335837153	0.702956846608946	3.894071722512186
4.5083850193807935	8.53964264810222	4.405587275137321	0.37432964641693456	5.7845879177491435	2.916745430869122	10.656890183755104	2.8116845167096756	0.586327991143173	2.413552074720414	0.679690512146613	1.412572424086074	1.0787004904888629	3.4678056023352952
4.718741794495416	8.521032449378017	4.21863135608272	0.41634070119935945	5.914955103027863	2.7920926171017872	10.621576253475773	2.9752954937211618	0.49998026190189715	2.4894731420859917	0.872501708665864	1.2111101712084797	0.969080716117283	3.6527148150745448
