0	1	2	3	4	5	6	7	8	9	10	11	12	13
7.833697053006965	5.29477225247152	8.952827633519327	4.175641671959137	5.0702814535462455	3.997549189417724	4.051246355992964	2.069750684687358	1.637944297204653	0.6472755105802571	3.387947459061773	5.475573902377118	0.7867038787850069	4.47696265030891
7.68555057122714	5.492161675437002	8.80468115173953	4.373031094924589	5.008516995819273	3.743145940190115	3.989473199047315	2.1688229824682437	1.61392840776184	0.688793019028689	3.4940728055543646	5.327427420597229	0.6357886617570168	4.42934525885193
7.739331363038449	5.479987668050541	8.921538577431782	4.297780453657207	5.003082452740257	3.694933190211946	3.8966354560203396	2.0841404583675467	1.61392840776184	0.648165365734253	3.3433306413367703	5.37571727674535	0.6788306946714177	4.372007292479874
7.513850728899732	5.4808936258039544	8.927545128637663	4.067199226065979	5.363428042386355	3.7336183317001215	3.7582416136210073	1.9909170806218437	1.455646787734948	0.5283074738891671	3.3455828730487815	5.3412017990466785	0.6894141096986129	4.363908918373508
7.478894476535327	5.579591705292877	8.892588876273285	4.165897305554834	5.458006185849764	3.6498790625852693	3.6151150926411573	2.074656349736732	1.4554157708761888	0.4099117516038363	3.3499565149040285	5.3585638735725265	0.6850404678434315	4.317268521284107
7.482940510974068	5.5189137108423525	8.835956916261514	4.165897305554834	5.415916544255283	3.5234275525922154	3.707418708852958	2.162250097282554	1.4052017962584593	0.2544954221570884	3.249892789960748	5.301931913560861	0.7272927807606292	4.317268521284107
7.490119258836844	5.420660281418376	8.88558460821453	4.0251949320406775	5.563623185828113	3.444318339390166	3.707418708852958	2.2094506357626993	1.4052017962584593	0.29340836493798234	3.155612328943098	5.39807380313262	0.8266654123685963	4.277758591723997
7.490119258836844	5.469668843502312	8.836658283888845	4.1231298184503675	5.514614623744098	3.408451631480385	3.707418708852958	2.2942436679981686	1.4052017962584593	0.29340836493798234	3.155612328943098	5.39807380313262	0.8266654123685963	4.188392123448636
7.5506711749888895	5.458210493722361	8.787660409795608	4.221221258915616	5.465521057372065	3.457449505573691	3.707418708852958	2.2942436679981686	1.4052017962584593	0.29340836493798234	3.095060412791166	5.39807380313262	0.8266654123685963	4.0990437708829095
7.49403921497713	5.45769866377754	8.681958940680746	4.269778938073959	5.466032887316999	3.380216224448281	3.707418708852958	2.4612293734976425	1.4052017962584593	0.29193878158080144	3.1428839532038895	5.341441843120942	0.8232029135143616	4.057382152779417
7.49403921497713	5.457185062842491	8.681958940680746	4.26926533713895	5.474940111411098	3.380216224448281	3.699025085693737	2.4612293734976425	1.4052017962584593	0.29193878158080144	3.1428839532038895	5.301931913560861	0.8232029135143616	4.007640953058559
7.589477605287683	5.3962221374119865	8.618595523345178	4.36710421935426	5.526087534664998	3.3544025462592404	3.6986713371886712	2.585397315035067	1.354923502642756	0.29193878158080144	3.1827545196415317	5.297484869735372	0.7228848027794699	4.005565073551897
7.624399432963543	5.445655426173878	8.702730385185045	4.367324473952437	5.527360880635342	3.2639249590238295	3.611281590821775	2.6266618681066736	1.391606614277461	0.29193878158080144	3.2788557431419236	5.2930406877139795	0.7157255150788332	4.044931083249376
7.602792950957202	5.445655426173878	8.68112390317868	4.367324473952437	5.5781421933339	3.2227226227644996	3.61086371566457	2.66786420436574	1.3912222053889904	0.3312029967337	3.322871980764173	5.323639505191419	0.7162904276767003	4.040374960339814
7.542345406659611	5.5556224517415655	8.68112390317868	4.416843955222479	5.570731387131582	3.2247719479766332	3.568755040597164	2.665814879153681	1.4412616108703151	0.29403090759657624	3.3791385331503556	5.37577314484681	0.7178122028428844	3.9882413206842933
7.48595458408499	5.5556224517415655	8.66659865528633	4.374978380540292	5.570731387131582	3.224049607198439	3.568755040597164	2.6246716452497134	1.4412616108703151	0.29403090759657624	3.374942779799793	5.319382322272287	0.7193401823190327	3.9882413206842933
7.464519575914397	5.605228276972262	8.645163647115757	4.4245842057709375	5.521125561900753	3.182906373294413	3.655824442944176	2.665814879153681	1.3541922085228904	0.2568077994654979	3.4275718871860885	5.258612012540204	0.7141032183876375	4.027576622245878
7.415149422606621	5.654598430280162	8.645163647115757	4.4245842057709375	5.521125561900753	3.182906373294413	3.7062959688946515	2.665814879153681	1.3538204978818904	0.2961286270700712	3.4769420404940834	5.310653784508023	0.7141032183876375	4.064647808295984
7.393782474400431	5.654598430280162	8.623796698909587	4.4245842057709375	5.571967446859238	3.182906373294413	3.7059901115055656	2.5861637591211646	1.4036654609627883	0.3757797471018427	3.4769420404940834	5.341257228824333	0.7614213710835265	4.060198054556006
7.393782474400431	5.604646620221229	8.525275203420986	4.473153891200691	5.621919256918225	3.2382383260362833	3.7425247190317052	2.5903297534497844	1.4677538721180792	0.4169066309138597	3.4769420404940834	5.301952864516656	0.7614213710835265	4.099502418863726
7.379300885328249	5.603874203849417	8.560059652571837	4.423115436605815	5.671957711513032	3.279378543570996	3.7425247190317052	2.549189535914998	1.4677538721180792	0.4169066309138597	3.526208078717061	5.336737313667446	0.7614213710835265	4.099502418863726
7.330138705809296	5.653036383368328	8.601973805516721	4.3812012836608405	5.671957711513032	3.23746439062608	3.793103906961748	2.5898771532719547	1.4515924100058182	0.37621901355665643	3.575370258235929	5.336737313667446	0.8086656417676729	4.099502418863726
7.330138705809296	5.702727647627602	8.601973805516721	4.430892547920114	5.673183026454334	3.1942097127920355	3.74218732776122	2.633131831105811	1.4012741533715423	0.37621901355665643	3.575370258235929	5.297504110750594	0.8086656417676729	4.1861873442565924
7.2810801290819045	5.702094960095775	8.552593031034103	4.430582058143393	5.722874290713632	3.243590487274778	3.691608139831111	2.673874946181216	1.4518533413020855	0.3354758984825044	3.6244288349634366	5.297504110750594	0.8086656417676729	4.1861873442565924
7.220614803860908	5.762560285316782	8.552593031034103	4.430582058143393	5.722874290713632	3.241469784346824	3.691608139831111	2.7167943342391245	1.3513980101409524	0.2946772133501078	3.6364608061485253	5.297504110750594	0.8570989958039019	4.138735621780583
7.171681551447175	5.761889067111647	8.552593031034103	4.3809775875246535	5.721562182132018	3.241469784346824	3.7425247190317052	2.7167943342391245	1.3012608723106613	0.2946772133501078	3.6853940585622667	5.297504110750594	0.8570989958039019	4.138735621780583
7.171681551447175	5.662939894679507	8.552593031034103	4.282028415092442	5.727560794537799	3.241469784346824	3.7849604967217103	2.7167943342391245	1.301698825957784	0.33410330193223525	3.6853940585622667	5.297504110750594	0.8570989958039019	4.138735621780583
7.171681551447175	5.614369272742514	8.552593031034103	4.2334577931554875	5.725350103776263	3.241469784346824	3.8357418094204547	2.7167943342391245	1.301698825957784	0.33410330193223525	3.6853940585622667	5.297504110750594	0.8123664342728516	4.180346569091208
7.13689710229632	5.565194987991058	8.517808581883319	4.184283508404083	5.77452438852773	3.2847897938089305	3.8357418094204547	2.673474324777302	1.251682274025566	0.33410330193223525	3.6370495124004205	5.262719661599777	0.8607109804341647	4.180346569091208
7.158264050502518	5.467103460301483	8.588556304572103	4.036811206231819	5.821909281484863	3.444099221493954	3.886448444152704	2.4647841226093337	1.251682274025566	0.33410330193223525	3.5887935987273383	5.323319812722874	0.8197225801358319	4.224542520442891
7.074546836443851	5.41818367149062	8.553669120999084	3.939061386935357	5.8690270586604445	3.5271907332012074	3.8866300649736716	2.3816926109022205	1.2675758456317734	0.3735807455044126	3.641966582073514	5.275766600934904	0.7708676197174178	4.279027011274317
7.1233768669295054	5.369353641004987	8.553669120999084	3.939061386935357	5.8690270586604445	3.4856136234449324	3.8866300649736716	2.423269720658572	1.2675758456317734	0.3735807455044126	3.5931365515876674	5.275766600934904	0.8180218527867906	4.279027011274317
7.1233768669295054	5.418185913140652	8.553669120999084	3.987893659071045	5.820194786524815	3.4856136234449324	3.8866300649736716	2.423269720658572	1.3176152511130288	0.3735807455044126	3.5931365515876674	5.275766600934904	0.8180218527867906	4.279027011274317
7.1233768669295054	5.468127037897375	8.553669120999084	4.037834783827732	5.770253661768052	3.4856136234449324	3.8866300649736716	2.4622860776181223	1.3176152511130288	0.2972501732579068	3.5931365515876674	5.275766600934904	0.8180218527867906	4.279027011274317
7.1233768669295054	5.468127037897375	8.553669120999084	4.037834783827732	5.770253661768052	3.4856136234449324	3.8866300649736716	2.4622860776181223	1.3176152511130288	0.2972501732579068	3.5931365515876674	5.275766600934904	0.8180218527867906	4.279027011274317
7.1233768669295054	5.468127037897375	8.553669120999084	4.037834783827732	5.770253661768052	3.4873055833870037	3.8866300649736716	2.4605941176760204	1.3176152511130288	0.3345643885443872	3.5931365515876674	5.275766600934904	0.8180218527867906	4.279027011274317
7.179699058673139	5.517046351179302	8.60999131274267	4.086754097109608	5.721334348486324	3.4873055833870037	3.850053107563598	2.4605941176760204	1.3541922085228904	0.29508694497354	3.5931365515876674	5.332088792678501	0.862538087775536	4.237208548657913
7.179699058673139	5.517046351179302	8.60999131274267	4.086754097109608	5.721334348486324	3.4458512023107666	3.850053107563598	2.502048498752428	1.3541922085228904	0.29508694497354	3.5931365515876674	5.292804601455908	0.8153796272752382	4.276492739880484
7.214552132548853	5.566050948627518	8.644844386618427	4.1357586945578895	5.672329751037849	3.4458512023107666	3.850053107563598	2.502048498752428	1.3541922085228904	0.29508694497354	3.5931365515876674	5.32765767533164	0.8599650252766309	4.234743576883455
7.214552132548853	5.615140981575049	8.644844386618427	4.18484872750546	5.673871760211366	3.404459246182848	3.799421065442623	2.5434404548801814	1.3541922085228904	0.29508694497354	3.5931365515876674	5.32765767533164	0.9046239412475171	4.193063585611676
7.214552132548853	5.615140981575049	8.644844386618427	4.18484872750546	5.673871760211366	3.404459246182848	3.799421065442623	2.5434404548801814	1.3541922085228904	0.29508694497354	3.5887935987273383	5.32765767533164	0.9089668941080755	4.193063585611676
7.214552132548853	5.664316601380888	8.644844386618427	4.23402434731126	5.624696140405444	3.404459246182848	3.799421065442623	2.5434404548801814	1.3541922085228904	0.29508694497354	3.5887935987273383	5.275636233630697	0.9089668941080755	4.197555180859712
7.214552132548853	5.664316601380888	8.644844386618427	4.23402434731126	5.624696140405444	3.404459246182848	3.799421065442623	2.5434404548801814	1.3541922085228904	0.29508694497354	3.5887935987273383	5.236443655609223	0.9064551849542597	4.236747758881003
7.214552132548853	5.664316601380888	8.644844386618427	4.23402434731126	5.624696140405444	3.3612581479671246	3.84989259139315	2.586641553095883	1.3538204978818904	0.3345643885443872	3.584435341862347	5.236443655609223	0.910813441819184	4.195146019240867
7.158264050502518	5.614369272742514	8.588556304572103	4.184077018672853	5.674643469043916	3.3612581479671246	3.886448444152704	2.547625196136152	1.3172646451224357	0.33626653021820196	3.632772351404833	5.180155573562983	0.8624764322764086	4.195146019240867
7.263485384962556	5.565436020328785	8.644844386618427	4.184077018672853	5.674643469043916	3.317994636655397	3.886448444152704	2.5908887074480997	1.3172646451224357	0.33626653021820196	3.57954682482438	5.1843714792781395	0.9115711181320018	4.199628555758561
7.1680635079794355	5.675264991653217	8.651977723032566	4.191350776600189	5.625383300826812	3.2760082263654926	3.886448444152704	2.5908887074480997	1.3172646451224357	0.37579836582246884	3.640115627931512	5.097375043725604	0.9115711181320018	4.2041131920015955
7.070674356335532	5.5766530046569125	8.652819776476656	3.994507584515912	5.772906307233725	3.2680745485857603	3.835998022852838	2.5903565270441073	1.3176152511130288	0.2975812415214557	3.636219161707074	5.088048235153449	0.9170563997328192	4.206544807781303
7.11958537574622	5.477711891989147	8.603499590799327	3.993797676936081	5.780725210169785	3.1892936208524496	3.878209213174008	2.720300745844743	1.2175968169788558	0.3353245136384989	3.587308142296395	5.088048235153449	0.961928879706484	4.206544807781303
7.168600003262197	5.526956983819978	8.603499590799327	4.092057396282866	5.682465490823106	3.1892936208524496	3.8278231080661365	2.7612692310213034	1.2679829220865604	0.294356028461131	3.626887026895087	5.088048235153449	0.9135001753212234	4.158807318762723
7.182624055174942	5.527097316818733	8.56840514950089	4.141316222492776	5.63320666461322	3.1892936208524496	3.8278231080661365	2.7612692310213034	1.2679829220865604	0.294356028461131	3.5734977879617724	5.052953793855056	0.9153683430310285	4.158807318762723
7.246009871128935	5.4778927083699305	8.575300158615464	4.148602420883401	5.541575721512867	3.3167850303437243	3.870109043338907	2.591719012093497	1.2679829220865604	0.294356028461131	3.576998928011315	5.096307009279379	0.9061208782495246	4.205427163946743
7.267442438987217	5.4778927083699305	8.596732726473837	4.148602420883401	5.541575721512867	3.3582968321254647	3.870109043338907	2.509238725134953	1.2333430080001886	0.2979130088689224	3.6300311043094093	5.157105586834964	0.9458993027659691	4.255687825226726
7.274441658062548	5.5778626086870355	8.659552164200132	4.192752102549477	5.342637639038966	3.167432104538525	3.920495148446752	2.543471946523875	1.1829569028923053	0.3393971841571056	3.6330446228241358	5.300668159797158	1.2106873420050441	4.4634021000186
7.4345723751462955	5.566895652721573	8.659552164200132	4.341915863667712	5.244208025977183	3.1280224302517796	3.8697610003904623	2.5828816208103516	1.133015662966204	0.37680569067692055	3.5712662820765235	5.392381153239881	1.2964867060634868	4.461559275152174
7.42781584938009	5.616580060778825	8.700912747923878	4.343483162234825	5.186922011063317	3.201688000488916	3.790911821409339	2.4093871421222777	1.1695926203761287	0.37864366121180654	3.6696039884434426	5.679402899628233	1.473488970941206	4.593217014744128
7.526016570223486	5.255985267759496	8.59344635319216	4.188555484790854	5.32841949255954	3.2315191792184113	3.7852913881204766	2.362889174005845	1.133015662966204	0.30004479230154724	3.710079394935543	6.014826799005772	1.8809516222355975	4.975022516784948
7.651182993192351	5.101741947290095	8.520783185935025	4.232141754547449	5.322352989828576	3.2187862663593068	3.6924014003543704	2.3202518661242655	1.1676781318654685	0.3396828639515626	3.7080673225573313	6.010137445875194	1.86987371324763	4.938062913837813
7.906325177132453	4.783014111310246	8.407676708930072	4.281662579512576	5.662822809939837	3.303877157645357	3.302410755277912	2.1536290715071376	1.2675758456317734	0.4212147672818068	3.797842504448525	6.1669125089785775	2.0000250064960157	5.256236268571026
8.029969854647836	4.616601816129907	8.266651241591424	4.379920429186228	5.664477346564702	3.3525287285065066	3.2650445083808277	2.072318502941747	1.2536812770914512	0.502525335847052	3.634704804128343	6.074538612501047	1.996540635522408	5.347839325527183
8.158755612356627	4.551287991768241	8.230653668502148	4.47938993562274	5.523151984370236	3.3525287285065066	3.3069003641386394	2.072318502941747	1.2882381267848872	0.502525335847052	3.4714336642419994	6.121819730058478	1.9456319419113954	5.264560634880494
8.130593719876353	4.644475938401662	8.129601528938265	4.645468129339917	5.417574713934794	3.2272573808093443	3.1988540028766486	2.1118337125574866	1.251682274025566	0.4623185308427598	4.304977990506473	6.230542056860333	2.3179338337779165	5.61838866320476
8.074228263260698	4.795621991394371	8.10885888294154	4.760991371713737	5.266428660942065	3.1080146793588965	3.1988540028766486	2.114478309699575	1.2861788795870979	0.5432938245331153	4.358077702865271	6.353548171412904	2.264834121419155	5.580467907358791
7.941445082235426	4.995144327705037	8.09940919853555	4.837180211404937	5.304043290439193	2.976039137976566	2.9091644021249343	2.0705677195186585	1.2861788795870979	0.5432938245331153	4.627176531222441	6.597102632563511	3.4833782149188677	6.120114533688739
7.848680971502267	5.04438409917048	8.006645087802394	4.886419982870355	5.2548035189738656	2.976039137976566	2.9091644021249343	2.0705677195186585	1.2861788795870979	0.5806050656224725	4.628171743767288	6.634541467310243	3.5910386148487183	6.0899975490926845
7.608523543888936	5.191580049968348	8.046133517359065	4.75397007649813	5.324986311596128	2.7811069314134365	2.6917856587045397	1.985854068911476	1.2861788795870979	0.5806050656224725	4.847560023914735	7.280945813302398	4.130470313733507	7.2634273050862745
7.534423408980626	5.189671179793733	8.063197199965465	4.660897388808768	5.368114830427074	2.732209045188649	2.650566010048306	1.943588137621522	1.3361725452963926	0.5806050656224725	4.848979536327175	7.297306771863544	4.259669512452053	7.386421785714084
7.422724992095662	5.287201114826068	8.101882203569891	4.608043903351863	5.322328935905028	2.6650884840545763	2.5988219695378354	1.8603252782662434	1.3361725452963926	0.5806050656224725	5.013394974381758	7.781801353397098	5.256203113258742	8.125330649708056
7.291412051707691	5.285133272344258	7.970569263181939	4.605976060869971	5.3243967783869754	2.7072351108254766	2.6493367518740096	1.8181786514954708	1.33571157264531	0.5806050656224725	5.075828854068237	7.883628701737301	5.440650283509863	7.956419953964735
6.842618035962038	5.4994228423983325	7.831578188864046	4.510462689496288	5.2758435935743835	2.68840278799313	2.612802144347802	1.731811488316079	1.3377954798365665	0.5417379954484429	4.972181773278527	8.051889738687285	5.735858595354214	8.803905794457004
6.657578800760732	5.551736668295155	7.69885277955964	4.510462689496288	5.3169717318506216	2.730369670900134	2.608208613597697	1.649441461238399	1.3012608723106613	0.5821411396195887	5.0258621571064825	7.8064804055182115	5.9285368420454505	8.83014597546409
6.236688193338022	5.713226624393323	7.348285587418653	4.601629230312643	5.2685043255140105	2.897404954869755	2.6222745802062795	1.5251053117485476	1.3028441540244475	0.5821411396195887	5.47041264882259	8.358313333567715	7.259641364147151	9.163756888918797
6.1159530793245445	5.725689590509162	7.288480845857572	4.5531618239760165	5.265244871070331	2.938710170940626	2.7105146623082867	1.5226145482368896	1.266330932703017	0.5433266870600176	5.533355331915603	7.835654340299736	5.4673471468049595	8.722174483884636
5.466457813175638	5.953002581820601	6.916912446238464	4.502547948757859	5.233493779626045	3.0210770928790693	2.792879628970611	1.4402476262985047	1.266330932703017	0.5433266870600176	5.483260983125392	8.413491580556862	5.832178758781483	9.253050673020553
5.119775123140918	6.119263078257006	6.8374612226040465	4.401576978793903	5.293170611462863	3.062624021529032	2.884817404892803	1.3971163899004602	1.2313828848127768	0.5075997537177124	5.583904046881565	8.486478025050992	5.774817948221563	9.19677165616389
4.056482404239261	6.3755143765487965	6.369724479255446	4.062272301532639	5.494089317363714	3.007514614173663	2.884817404892803	1.3138398258951927	1.2816874806560015	0.5075997537177124	5.930472819358405	8.831791868365256	6.0710101372242296	9.08213684163192
3.5727063627279145	6.586861555524503	6.237843833416332	3.921724084836241	5.492403107569125	3.0005044831062166	2.922326061642288	1.149794324765179	1.3462476164674757	0.6277078738767987	6.0825188975573505	9.156360053952579	7.3504106484304295	9.839796369857917
2.6374970620738334	7.0679639414952575	5.9548394145787835	3.7506215889903713	5.350879253890146	2.9486863418397284	3.0153572233554184	0.9820172782198625	1.4977077833349821	0.6277078738767987	4.660286234992663	8.210596683920041	5.335805946938493	7.77981963310343
2.546276241268381	7.066818814370492	6.046439842060149	3.5666552135786724	5.359332568976811	2.8989078561425643	3.056834085109815	0.8575787926414162	1.5989851718980925	0.707523656676121	4.709071284708833	8.165798656343098	4.7873190290437915	7.537353451823656
1.7871308163471324	7.402212951175144	5.673880367964616	3.5154633995572495	5.410524382998323	3.0257579354069013	3.056834085109815	0.7307287133767513	1.649715141325892	0.7472103485722169	4.420965409620987	7.624274681929698	4.014725903013948	6.65216384173465
0.905607025302521	7.649026332286661	5.181747165689549	3.372886191899406	5.509791180191582	3.1524499580123235	3.0203853137011727	0.5205998078287061	1.702583788709296	0.8270752577448355	3.57808587579592	7.084250948798611	3.6136514808453692	5.564324521797345
0.9126710931608183	7.504741272801883	5.1374164485963165	3.2799959173660995	5.517747325566996	3.151723885978045	3.0619369859098113	0.47794342291463815	1.6517685162893718	0.8270752577448355	3.5275323547803232	6.882678757010109	3.5108399130548738	5.414338865051923
0.9939627711648414	7.459070714826983	5.119318929360628	3.3337145566311777	5.468239507982887	3.1566858190648563	3.0254237645884	0.43712006854351043	1.739097010031027	0.8671475007103853	3.5786721058520903	6.8135694554432575	3.4776409721357586	5.333159609855408
1.604068661811743	6.989504888099314	5.304054459454388	3.2895190904565745	5.516659220179191	3.2465381522139913	3.0254237645884	0.35149198141597454	1.739097010031027	0.8250274393743715	6.4108915744626325	6.896556550432768	1.1734526226737274	1.861597443071761
2.4017028384031276	6.385049261686873	5.448813297437175	3.3379388026528383	5.468239507982887	3.289446434292044	3.0254237645884	0.3085836993385385	1.739097010031027	0.7830749722270484	6.366396335946012	6.7559437880395565	0.8306828589601759	0.9795377312990684
2.3360212287367026	6.310372566453646	5.396889217308599	3.249504577882007	5.565162755239934	3.34090668478316	3.0254237645884	0.2656124713337634	1.739097010031027	0.7830749722270484	6.348581481706678	6.5429447555046565	0.0595770639386474	0.938363472352678
2.689341097414793	6.058325769659941	5.454516725745738	3.2931501413289994	5.616841368758775	3.385562608795021	3.0751401173767574	0.2646021107687076	1.6377020437237786	0.7830749722270484	5.844168097841224	6.268401818226769	0.004124075365976519	1.1970207946789364
2.569851912333196	6.12080306072839	5.43587589543593	3.2547790776256535	5.667585437128397	3.3892809390815146	3.0741809360840167	0.18273139818076264	1.7564463960328955	1.0228433953612415	4.610084250096514	4.740911407609126	0.22469616107649246	1.1813543962211395
2.4284380861395287	6.18429239734553	5.446194728316419	3.166535755168429	5.7162554723982675	3.3076220315295677	3.037667999579269	0.22481701854551583	1.8441052625112198	1.222815930890517	3.9621637666938425	5.024666863287681	0.43035369907342813	0.3607499055083302
2.090566802791882	6.420947960935208	5.476047128693863	3.035467635033266	5.767154009066834	3.3894034150640366	2.9858392103167235	0.051111297340221004	1.9465811788372835	1.2630956579170995	2.7977726282017574	4.1973267849415	0.29741099368300467	0.3623877643567949
1.951058492177204	6.493928573948129	5.403897521934069	3.0410895441917654	5.675807640701951	3.3886067257797	3.027416183939845	0.0077605009938423305	1.9465811788372835	1.3033509487635206	2.521872198032761	4.782341403593225	0.5847202946441141	2.5067523800500324
2.636429475211732	6.034098334256279	5.574521669261774	3.0960061402061743	5.676767333378696	3.5229963511687896	2.9754953120369576	0.12267370756430623	2.049302691858633	1.384018661455222	2.592077742858517	3.487033217938555	1.8984162057397889	2.782122738670087
2.5552693522050536	6.210346616583375	5.658775095700701	3.106840873087646	5.6775389922956725	3.5716143590577807	2.974380108923557	0.25050588223598097	2.0326279293178398	1.422842902379984	1.4674083161000602	4.303818696757162	0.9290070138120535	2.795267461184089
2.436648246809992	6.338314438662073	5.713208547162048	3.061754138310322	5.643225409030171	3.70712115905452	3.0576929629876854	0.38210014621272864	2.0326279293178398	1.3855896462170871	2.3967734774670992	3.6186841356790316	2.318680556823225	2.994975510224379
2.3178688647122376	6.466443930451623	5.723223179900417	3.0610896152633273	5.650540426945519	3.79953538501729	3.099463082344108	0.42609375794954574	2.0326279293178398	1.2646542540325734	2.8807287156154104	3.31163131447535	2.3146810474824013	2.9184309043773995
2.1963469175034933	6.579734251460476	5.709283310110031	3.066797858853992	5.65245977433678	3.799098198357028	3.0107841779715727	0.47015194846317293	1.9665134832632765	1.2244472854184185	2.807712931697554	3.7614853668884423	2.146282198590611	2.835985196909441
2.0897869590739324	6.897239596201065	5.914509626402507	3.0725169288723264	5.602169989072906	3.754527483111656	3.0107841779715727	0.47015194846317293	1.9665134832632765	1.1814675408331787	2.752288826752143	3.1402607820831454	1.9932041956508793	2.677787281285208
2.0826701539825945	6.898795548177736	5.9096074733197845	3.071858228840509	5.557368305184109	3.7188693034725144	3.10475327713008	0.3458549110659644	1.9665134832632765	1.0213540019775118	2.904245682273968	2.7820598615381087	1.7462703557839745	3.232026898285285
2.2478000127310747	6.886095345705443	6.104813837912487	3.0290815205241612	5.506990107522648	3.5835336864326393	3.1413092133477356	0.30367420000413586	1.9299575470452948	0.8993529176266271	2.898135955256894	3.0326246157229217	1.8932989806883405	3.075976271208488
2.1560188585012408	7.100575299712611	6.233244644610777	3.0233495136030295	5.609508155753642	3.5859341847783415	3.0891693627780974	0.22260606619338819	1.9812620949053572	0.8605304762099077	3.1505694758984784	3.100543275195123	1.5357188557163717	3.618685983056249
2.3703878281303763	7.100575299712611	6.447613614240009	3.0233495136030295	5.609508155753642	3.5859341847783415	3.0891693627780974	0.22260606619338819	1.9812620949053572	0.8208502474243801	3.2646545417156	3.3056326270391896	1.7966669174255512	3.219966571456362
2.8422930531353456	7.150743251781563	6.791855409586299	3.2011808953308325	5.693090561107481	3.67569113613384	3.005586957424237	0.09576357338474586	1.9812620949053572	0.7400846115760621	2.9375677849024857	2.4115862188449246	0.9707248418454497	0.8532593861285157
2.9583008170223897	7.150509251326475	6.869455323054998	3.2393547452939835	5.691276289117186	3.7202169031969556	3.0576929629876854	0.013109994699291498	1.9299575470452948	0.7013708493721816	2.835535915838767	2.055935160948191	0.25647486610861275	1.4072246641824497
3.0408304905923353	7.199678614905361	6.90786425206296	3.3326448534347954	5.64210692553829	3.7204626412284294	3.006811848442663	0.03076501180482622	1.9295953727885806	0.6990083104862074	2.702525916657751	2.516846256103583	0.4910744700674894	2.1954177110511783
3.214874912803115	7.2712820379220355	6.9970986248336065	3.4890583258915626	5.678341054136457	3.5057506616909215	3.070114417852123	0.5522434100987562	1.8781087090282231	0.6201227034749388	1.1627882558573188	2.4973439518858758	0.10932590805266554	0.05697165961749628
4.04160831338907	6.908743012793554	7.050693088356064	3.899658237826466	5.766126168505203	3.3431232058680647	3.1177155713663804	1.3554639398659039	1.8245673370540925	0.41967880747156866	1.7206902683268612	1.7989588021094194	0.20217922215502723	1.6873765230582485
4.134057901035764	6.845774650637026	7.051037042903373	3.9287955087693387	5.8579525445003195	3.297400962221632	3.0254237645884	1.520810595888977	1.7226771340561353	0.3011224789410483	1.9144664544530963	1.965502728130857	0.4191674974272995	1.7489713027351594
3.607717064362951	7.343642988524953	7.016187350591828	3.9351727022959584	5.898819124423163	3.2189904653981007	3.2313893230333455	1.9718169020630307	1.621278055412576	0.18173600148629743	4.689317913693696	4.5977873751486245	1.6941092085215361	1.156006079342337
3.0777861516909595	7.511359606040671	6.764810958489991	3.824334799241703	6.035766576446958	3.172476511057184	3.17648146010897	2.0945617183889835	1.6858588043573102	0.1412875744855765	5.227977950663008	6.322788611604922	0.5054291813556475	1.2536157368695071
3.863579611054836	7.019549429355386	7.016995085463196	3.8661339549472227	6.173178406216598	2.735257166959795	3.329901934688575	2.9049155124078285	1.6858588043573102	0.1007845846247456	6.579389243009503	5.810558223799171	0.8856225026459909	0.18360474518473796
3.960893555389396	6.768470310031912	6.835921387760889	3.8934424776602987	6.362116909336507	2.7392497028179204	3.1867973014821662	3.065073413130376	1.7363092256573038	0.06022696195988327	6.7307551757666335	5.745565703518535	0.42451200981559095	1.747209199846523
4.976746699570574	6.265419033391311	7.187413034839713	4.054752698122091	6.290199703161375	2.447560590602285	3.59313392904638	3.854466635503936	1.6351534661793263	0.017940679947609752	4.91530516774539	4.083921443126946	4.470487080832978	3.5786826589220944
5.2569887089427825	6.013817331884665	7.238503335928493	4.032302704898883	6.146009760777205	2.500333226586317	3.8551101403652344	3.892808288823183	1.6578851255646885	0.020489256643415284	4.389679610290574	4.676613584496684	4.452609324207619	3.172909049338453
6.104504828118131	5.630687850190859	7.621249769054179	4.11394290925486	5.948476230992	2.4041781059336507	4.096543173287246	4.043234949893225	1.7083131140670154	0.10145815684587596	4.254777375419456	5.19335499182122	3.2352314301062313	4.089542942937542
6.399022532350768	5.415940931569023	7.58048287559829	4.2344805883214764	5.8464331732147725	2.4914867899277064	4.28229160190101	4.084697003741143	1.5708595369898226	0.10141151867940602	4.348622514619587	5.084830393303318	3.0123255424302435	4.067577130289953
7.2224270017476115	4.822588452829019	7.878954585241728	4.166060869334979	5.73058463275162	2.382820058060587	4.635917968804929	4.231453671070521	1.5549542543678037	0.18227262111593295	4.960375200802581	4.771097564757639	2.2970623918177115	4.883537965363497
7.384635671723799	4.765446543884776	7.902821449641462	4.24726076596709	5.672417335259408	2.5753470245330377	4.742326119735354	4.077547527413274	1.454201488532422	0.2226210224209581	5.005419627752771	4.876741253003817	3.1582426313037524	4.867011645246804
7.529144110853905	4.592774158045238	7.90161336935216	4.220304899546919	5.376752085974219	2.771994741740814	5.371172938020882	3.9263945526307236	1.287194905701877	0.30465302546812784	4.211299998697769	5.495262736520961	2.6299266463296576	4.861066367765342
7.515101166426153	4.502286096204476	7.944182001875766	4.07320526075483	5.509025336588262	2.801240410499625	5.427845809494197	3.8481983311137897	1.1864529116549452	0.3447848961649072	4.308673494204831	5.555239994309702	2.4333408785307906	4.669301684085811
7.019710091561059	4.750079903949601	7.965497029509982	3.80429296600076	5.279686521109839	2.9516658994971294	6.198748892290839	3.8589364612700265	1.0459135618766484	0.3090058347817212	3.3949235421182737	4.403188472995062	1.2304221027564821	3.3877158317828386
6.877714286320933	4.717460908686953	7.846706722430368	3.7484684725775055	5.2407773779490725	3.0750880262193476	6.570470687774141	3.9101070592799148	0.6092620634353494	0.23314537680156025	3.2439367743548653	4.259983100498338	1.0396013397377126	3.402555788814471
6.930787276844495	4.3195179177376835	7.716910367757223	3.5333948268250572	5.3816251316287165	3.726553320521747	7.225871877784981	3.4618274834217013	0.2353570041868059	0.0324000177867544	1.5221642395530794	2.874655874116052	1.390111442038239	1.8260113741522275
6.782060657109425	4.368234282076922	7.792758368950465	3.3575365702356983	5.466609776711888	3.835988763268109	7.349014687495614	3.2654583142938574	0.16595830811328469	0.0324000177867544	1.3459024203619443	2.7073035972980377	1.2617210739991411	1.619909901022778
2.7647242417805167	5.781946465670925	6.311136489626506	2.235534217824871	4.854491159270732	4.062231907220701	8.695929747480687	2.2698722733262082	0.21617867903439533	0.6006416302047884	0.39065576829053045	2.045207106240892	3.2135912742992785	1.2576562765874117
1.485196430376337	6.096192100342384	5.632267314071739	1.9491212166472036	4.979937482329237	3.903445007229486	8.801302165928076	2.307771479026858	0.2716862310081184	0.7924465033294457	0.08037488210513963	2.1797536628509384	3.2466001272058085	1.7862406249362253
1.4462872928345198	6.011732775803102	5.7144185240100525	1.7436015446273077	4.93271379403053	3.8237147382391568	8.94476574780392	2.3045000323173603	0.3244731312054304	0.8715114662711765	0.2098262145988641	2.16519968492936	3.1140410697840992	1.9378531633175715
0.5706159906585496	6.863677766210888	5.85566121394486	1.578632542924868	4.839582085826958	3.7095089857266306	9.365772979391007	2.5160233386194477	0.3803229667666194	1.5865767444565797	1.5952555189366253	1.529957894311004	3.5044053014880787	2.794596320283122
0.6530842270988049	6.867348053848838	5.984952315115389	1.5354799658321385	4.708604976786709	3.882280321695885	9.552499712096575	2.3922666936444923	0.2939190748310889	1.8459074867996503	1.809894230805246	1.8663401261869648	3.456843078032457	2.774683298709979
0.7597610987391576	6.668045799527461	5.901658416258424	1.5261484820083795	5.053482619500932	4.1726903074752	9.432154490955467	2.302918288669127	0.31217252431814996	2.142391918316256	3.2400719283743658	2.8390423703344108	2.1121746159686094	1.8725749521563977
0.7216242707360417	6.463272623857511	6.000020272535154	1.1848766220585856	5.474499766518435	4.171680175549612	9.571625580411844	2.305426832542502	0.4563150063160632	2.2506749443436105	3.781752317040859	3.3217406656371553	2.0688104868019592	1.6518674371228186
0.8999827221256053	6.3505706468106835	5.995934783334607	1.2546185856016383	5.521215813709663	4.334487831679153	9.722368728454253	2.2644951307408485	0.4626465681942107	2.213435510325438	3.7064840972100104	2.9485333361519115	2.187004784075982	1.511524854443511
0.7414459159910427	6.983693296076198	5.3097164314052865	0.932530948679547	5.6492708949971995	4.14628915040137	9.962177365095746	2.4832024846871636	0.4315822531822909	2.413975239912318	3.601205984082944	1.2399938633331509	1.7319222984022762	2.5347221379032647
0.6057809274694711	6.722393734556997	5.348655905774799	0.7679569013133047	5.59816139562904	3.9339519904853186	10.209619652276155	2.617349331906409	0.5036043688135204	2.304840225110044	3.5451835842023196	2.063772460093525	2.3511478983082448	2.512349733450827
2.254639606668154	7.964205848423428	5.382028007678012	0.3275382340775721	5.717663266338905	3.7442621139972183	10.154433086887115	2.7945888741512204	0.2201916656873412	2.307982014721885	2.2430841332571725	0.24773673071214464	0.9007388077129773	2.78188639569549
1.5003287845535545	7.538122095152035	5.588340970628954	0.44945233996917183	5.506848971995724	3.7436585219741265	9.970292662032776	2.835622102355056	0.058502146834814396	2.309920164397389	2.7034256061584965	0.29552529269648603	1.0662414679879813	2.202752328971756
2.9803420665612848	8.207779457844149	5.595752335235483	0.3683149439522335	5.961071605043438	3.2165027666728436	9.362091854648448	3.127858286986453	0.6754163685554105	2.052891360144324	1.5304128285410747	0.025755022097462686	0.35163574939238945	3.2370207497144365
3.2114660101334502	8.36838220162118	5.615293134734484	0.4583769432472207	5.967435960164299	3.0943628489464254	9.252043610607398	3.2495640172168523	0.7932721946003224	2.020438233091439	1.4421846098584241	0.5622442773389953	0.040990564721701574	3.3273110123114913
3.920894533004649	8.913978182617138	5.884097018156489	0.8910133685438879	5.9367126796558045	2.974048444501106	9.069065860174737	3.124645207880078	1.2402245398918375	1.7898575218432484	0.7242034922467319	0.4269320568974806	0.08712379905947655	3.044095999279735
3.6962133504410803	8.881118634913888	5.884521007292863	0.6996157228202919	5.700406267597133	3.100326379589039	9.033107719176726	3.121098520675933	1.2382672075407946	1.6409439383341506	0.7026971755931566	0.19158754075742002	0.6254180055188705	2.737915218807515
4.166626014945823	9.077601861597074	5.975355895903964	1.0643800492528688	6.057914348510058	3.1384693848865184	8.85245483960425	2.9929373120686797	1.1773739996214432	1.2970491982667616	0.7576942368404553	1.6558641499965814	0.08445689325869232	4.060743567854986
4.240411820661754	9.071059968873035	5.97525541017928	1.1446072619681653	6.097007236139646	3.0973350598008054	8.704402356710503	2.9929373120686797	1.2757785652622995	1.298396520983929	1.3425138986225285	2.1562971125069237	0.28690608284991986	4.50641924153942
4.6732455088141265	9.156720722866348	6.0577587114336096	1.5742834973812407	6.235315937003008	3.100114224696583	8.592504870018823	2.7823083752167856	1.2743181616997281	1.3355063129739413	1.168189574192111	2.9334292160161435	0.026377463545174618	3.9516571065218904
4.788539845441598	9.111649599288967	6.099391751400881	1.7762819975539024	6.270188843596408	3.056868308896946	8.585748760242991	2.6200891629770786	1.112548763102066	1.2931140000772812	1.1308580549076264	2.9473020151318945	0.34282315595193624	3.759968655913681
5.051849842885705	9.026283679946086	6.099313991406596	2.1248801543462323	6.366983178943175	3.1407050442477056	8.426067173759174	2.288357325757886	1.25849654962097	1.2508902117742002	0.9201743214736322	3.6382464532296	1.0418583729390287	3.592393769130343
5.17122130733974	9.007467550796601	5.995207716941818	2.158961473484717	6.40103514189835	3.22388647378938	8.225730715359763	2.2863812479681966	1.3543457109517745	1.3661670089696256	0.8583645648422874	3.7282104197575827	1.4816566334021417	3.5091441020383773
5.213394425492133	9.007467550796601	5.95303459878938	2.158961473484717	6.359069884318334	3.22388647378938	8.219409963720599	2.2462966748574704	1.2566589936472778	1.3260824358586336	0.8837162409688463	3.6860373016051744	1.2015982888978005	3.5091441020383773
5.101173830854511	8.9374200743114	5.953281786922844	2.117035543465811	6.275327552504079	3.3506313115791775	8.303152295534806	2.1606022136439766	1.3052563399893733	1.0963748637731043	0.7556479115850374	4.256268838740889	2.6605129679180477	3.697421686968186
5.0991181544102755	8.873348144041918	5.89126553309739	2.117035543465811	6.275327552504079	3.3506313115791775	8.303152295534806	2.1606022136439766	1.3407008928500315	1.0963748637731043	0.5352556482465682	4.455488916553278	2.6018023237242565	3.8829098719441495
5.138958169423269	8.760387777022308	5.787095426856176	2.1656658192571197	6.197565363990002	3.391942894172344	8.333159234855241	2.15839023319339	1.4857245891004138	1.0194192706586271	0.7578185178735113	4.894951082777097	2.4930252820679115	3.8626931569057232
5.272750802096963	8.728125483805488	5.579187253589926	2.1238125718813854	6.155914787502037	3.5166079337751373	8.193667318858033	2.075578440966503	1.6801597376412338	1.0194192706586271	0.821359862419599	4.902203030364007	2.550921768125407	4.015605081365519
5.410192122086709	8.60014524610323	5.351692891707271	2.1617397676906376	6.067771046073267	3.5166079337751373	8.016738746534875	2.036478838823905	2.1786339157280334	1.0186414729173487	0.5776945020330884	5.286181102132478	3.3619411324405597	4.121812521511599
5.237465992545384	8.507949320157769	5.152914774771016	1.882431447158525	5.986824796264394	3.8430127425066236	7.964362345793199	1.9514551548151309	2.583196069216387	0.1704022025565776	0.8082090567361541	5.108932240526567	3.3647100514498085	3.8313421668606242
4.545041344998177	8.149193373097459	5.079536277006231	1.475384248907162	5.947271025729804	4.212068265480277	7.928552180255792	2.031567018401555	2.670033412109625	0.24989054267628102	1.8019152052583534	5.912134434180077	2.485516365014128	4.236229723877788
5.09715007072376	8.226629428863516	4.634948574492469	1.505469216352758	5.9797161349561865	4.383107161416826	7.933150426512885	2.021044121423526	2.6223514561127486	0.6830871461328338	1.5173541194688183	6.21996509131473	1.7039806304822258	4.770550966687223
5.473953100748507	8.336924276900323	4.579219261794703	1.716248085642712	5.969109635662722	4.3305441223770265	7.970507385569563	1.9707539688268705	2.5849944970559595	0.8403054912513103	0.7722584862892689	6.066443896300609	2.1406933229655722	4.666414170092793
5.885616027952026	8.393175664152182	4.505403348305971	1.9978437121058332	6.044835776485935	4.25193420549484	7.970507385569563	1.8434944000695161	2.5849944970559595	0.8403054912513103	0.7203706696366918	5.960520405341004	2.6629714439144596	4.664047518327692
5.812959857941756	8.426003351557538	4.610887205721711	1.9978437121058332	6.129443222999326	4.25193420549484	7.8858999390560705	1.8824713395169224	2.6841074198463932	0.9563441069434087	0.7792498969846942	6.066004262756756	2.8640565018089625	4.487372504526929
5.845721228232165	8.410247083931479	4.610887205721711	2.0463613500222917	6.134937475082001	4.294016519088074	8.077730931801444	1.9197711544129803	2.634656668599732	0.7257678023879067	1.0584277733474898	6.248422249905439	2.871454061685007	4.722836694845449
5.834725377520889	8.480757205518723	4.572017606786806	1.925985778788665	6.097122586066131	4.418723108471744	7.830163547930741	2.651489508751079	2.8470261473089935	0.5198450350795044	1.6671042079489253	6.292113333188319	2.388104667672263	4.881192518060655
5.834725377520889	8.432159277149173	4.530843850466867	1.9334099508382938	6.145720514435781	4.417750957625688	7.500896943319574	2.6134760738963267	2.9565773948565055	0.03285308097136689	1.5155284252806243	6.292113333188319	2.5170335091633675	4.881192518060655
5.79112826102913	8.432159277149173	4.57444096695838	1.9334099508382938	6.145720514435781	4.417750957625688	7.482848542124763	2.5308427312541846	2.8755086721901066	0.12581398204275962	1.4402383509908068	6.33571044967985	2.5461290787682396	4.810686141711456
5.79112826102913	8.432159277149173	4.615614723278369	1.9745837071583552	6.104136453756152	4.334494887712703	7.5340711026711045	2.5340996739595565	2.8164035227687645	0.5228157355297783	1.3652775996463842	6.33571044967985	2.5750078696724787	4.757992555136465
5.79112826102913	8.432159277149173	4.6074465678674095	1.9664155517471835	6.104136453756152	4.21540347436594	7.496628209790805	2.622477907840739	2.8399086629511783	1.3758151831443135	1.2906442701891139	6.33571044967985	2.603671431544925	4.757992555136465
5.79112826102913	8.507949320157769	4.6074465678674095	1.8906255087388253	6.028346410747532	4.21540347436594	7.543738066545475	2.5422978275067902	2.792798806196532	1.6045042375623222	1.5030809391604647	6.2773721631802655	2.3692624043994117	4.629239304650914
5.79112826102913	8.507949320157769	4.731570050392472	2.014748991263888	6.028346410747532	4.091279991840963	7.638142757682872	2.462111460716966	2.6983941150591995	1.6783384124449154	1.2437522942794332	6.2773721631802655	2.425377495807408	4.629239304650914
5.729434965770652	8.545940995435844	4.793263345650889	1.9767573159859	5.947271025729804	4.049389939036529	7.728521415587814	2.217239699277811	2.651099166893765	1.3915765982012571	1.3056547137127645	6.3390654584387285	2.363475076374126	4.734573204796564
5.729434965770652	8.545940995435844	4.793263345650889	1.9767573159859	5.947271025729804	4.049389939036529	7.775878174360476	2.0140783773245583	2.801648256518651	1.1884152762483264	1.2688843202493147	6.280861063355984	2.400245469837731	4.728842250572739
5.729434965770652	8.632659672230389	4.793263345650889	1.8900386391914428	5.860552348935339	4.0075631750672	7.823296800160852	1.9750275762054867	2.888830217688334	1.107537711159873	1.1703773021164852	6.280861063355984	2.8432841934945925	4.728842250572739
5.805628040052858	8.665288945927657	4.874467937827066	2.01480703195228	5.903636058675084	3.9246215462756964	8.113880446460005	2.0140783773245583	2.5407343589557834	1.4178948944024778	1.1188460411743073	6.237297262771209	2.657214049580224	4.728842250572739
5.838191533170907	8.69785243904575	4.916201379881891	2.0565404740069955	5.946657322223073	3.8828881042210237	8.300079710927228	2.095176774843782	2.29712798853472	1.575075089624659	1.0788910510346463	6.237297262771209	2.5721975844215237	4.78118719942986
5.736887920340276	8.64011262679996	5.009266279985382	2.1060415735259572	5.946657322223073	3.8333870047022547	8.300079710927228	2.1764965842024333	2.198179090375263	1.656394898983462	1.3888565823613206	6.057492308308307	2.184011735040654	4.8692112555655145
5.71179081388593	8.615015520345564	5.009266279985382	2.1060415735259572	5.9896162268417585	3.8333870047022547	8.257120806308448	2.2562585356287337	2.1487957665107347	1.736156850409781	1.4128216727758205	5.942771875045262	2.114597759139225	4.857277792628705
5.390784451470779	8.615015520345564	5.122262271258809	1.898031202384126	5.9896162268417585	3.9578070379001433	8.209034204607036	2.544386218617824	2.3803548679703868	1.7501045316214094	1.9233702524926275	5.5863627034418935	1.6278436765061737	4.566788644300778
5.290336653008823	8.59558326513066	5.123753609275488	1.8185069971533916	5.951479229700265	3.999194245989099	8.209034204607036	2.544386218617824	2.429899197626899	1.8264945350776354	1.8658010001363947	5.5181316945622285	1.6278436765061737	4.505816240991514
5.387794016666694	8.70350133969113	5.123753609275488	1.80804628625077	5.941018518797738	3.9574937631994715	8.257120806308448	2.7094787010446217	2.3818125959250698	1.7585247792348475	1.6341081989402433	5.187824102341217	1.6751339257914515	4.473797950016239
5.320016082688946	8.678509857115678	5.174565915068138	1.8160721406413263	5.941018518797738	3.9078304184248807	8.219936970917098	2.79235888769692	2.468601481129033	1.6457469338304627	1.6692277163533378	5.186557218188651	1.5717808362670527	4.508335988030881
5.320016082688946	8.678509857115678	5.174565915068138	1.8160721406413263	5.941018518797738	3.9511045030480294	8.219936970917098	2.7903836337652965	2.4335039769382973	1.5319831403589803	1.560767305904846	4.862067203866492	1.5082844418352042	4.620480491520558
5.320016082688946	8.71666269263147	5.174565915068138	1.777919305125528	5.902865683281961	3.9511045030480294	8.316330272247463	2.7903836337652965	2.421873986959864	1.4541373746016661	1.0390771069314775	4.436211792327405	1.5070363514675251	4.8089706207572585
5.345007565264406	8.741654175206993	5.133308367800971	1.7366617578583385	5.9444538918697525	3.9923620503153687	8.323032641535352	2.749084803073583	2.423310010514056	1.0280266150943085	0.9592853050686866	4.33094496565631	1.5953068097880208	4.775022880380644
5.087895944125029	8.612337328312584	5.1044135415211604	1.57997215733347	5.835306106764779	3.9980161146268838	8.41434683901218	2.7949399659270093	2.325230141848484	1.0647824768810203	1.2717074137922701	3.7330084838999573	0.3311132680546785	4.8416052079612415
