0	1	2	3	4	5	6	7	8	9	10	11	12	13
7.514064329441516	5.634097298900254	8.93517807380144	4.212983554540134	5.006362746053793	3.6716608567684887	4.430298070956941	2.591514195765136	1.2403773676315875	0.5733889111994154	3.1763096512404676	5.1099296403870165	1.074950291869432	4.512262967474235
7.369852421469645	5.722130942618914	8.895744496796217	4.196238867292475	5.350932175555787	3.594341335387357	4.120645468866674	2.502943849745107	1.2399952830590821	0.563049642925079	3.3867850588410993	5.323333339655733	0.8576147411113153	4.278807721534082
7.374056644601979	5.7110683058402785	8.880592149194392	4.204532801247951	5.428267878979649	3.5959648398911805	4.153309001846327	2.4596697651217205	1.2333408119306632	0.4443470212931896	3.383682913915072	5.371358905646871	0.8503812149972441	4.221776377715242
7.343476752898288	5.7000244899018355	8.879961054253746	4.1635401885463805	5.563607365868916	3.5067449026464974	3.982006012733424	2.4580380110849145	1.2194452355741627	0.4048818011160062	3.428192758665673	5.371384975485764	0.8396151267340463	4.273243782408272
7.347575037842776	5.738092047421193	8.823260571267227	4.262406513996699	5.649832423361534	3.423773617719159	3.8473439015955826	2.618764541956749	1.2187843138396548	0.322432931419132	3.4246316329664293	5.366940768238457	0.829591278803821	4.26850814545147
7.193818152273508	5.592154701528168	9.012644863446623	3.7733279903552037	5.844762036317018	3.383433391378342	3.934243331064033	2.322234487047449	1.1318848843709524	0.3281378786700307	3.2782240214968934	5.288538744072506	0.936624471695739	4.242145551110702
7.440770553564712	5.518421448670224	8.948696564442411	4.010495437792456	5.751087738330246	3.3840850428948275	3.8835242991899457	2.3638206700128226	1.181064683614946	0.3281378786700307	3.114380777613801	5.2797599740369545	0.920171535404906	4.187671825642315
7.598804876138806	5.407922666369632	8.898361438836448	4.108366103672113	5.75168589920661	3.3151547131038805	3.8471398366257286	2.5719502394652047	1.2174491461794055	0.3661785969615656	2.952113811235436	5.327893675186966	1.016830481090107	4.187671825642315
7.743532326360774	5.347241937526369	8.883802499991374	4.206971763895624	5.753162449381605	3.3214214469591306	3.8327853525423605	2.5762293900835185	1.2810201559731578	0.4444379855010051	2.8897323899852783	5.362678000092757	1.0136343860146326	4.146198583489977
7.6871073197520445	5.347241937526369	8.827377493382663	4.206971763895624	5.803975700153662	3.2800891547838265	3.7455876392060152	2.6175616822587884	1.3174046185376374	0.48646397148860215	2.8897323899852783	5.30625299348407	1.0136343860146326	4.098696613733031
7.743532326360774	5.347241937526369	8.883802499991374	4.206971763895624	5.8548633382839315	3.2800891547838265	3.7816849147522364	2.6175616822587884	1.3306148197204182	0.48646397148860215	2.937381199364458	5.362678000092757	1.0104243212121047	4.098696613733031
7.63358920104463	5.457185062842491	8.933145763742337	4.157628500144878	5.8548633382839315	3.2307458910330875	3.7816849147522364	2.6175616822587884	1.3306148197204182	0.48646397148860215	3.047324324680309	5.402044009789948	1.0104243212121047	4.100794469556962
7.63358920104463	5.457185062842491	8.933145763742337	4.157628500144878	5.8548633382839315	3.2720781832083365	3.7816849147522364	2.5762293900835185	1.3306148197204182	0.5260827339172626	3.047324324680309	5.362678000092757	1.0104243212121047	4.140160479254494
7.618934887214939	5.456692587324242	8.876386988906907	4.199240485632193	5.862795230209244	3.3635527975216837	3.85991428780093	2.5373767699531715	1.2943161835726216	0.5278362582543846	3.0966944779882875	5.345116819268895	1.0104243212121047	4.192437499556245
7.618934887214939	5.456692587324242	8.876386988906907	4.199240485632193	5.90472596710979	3.4049473308723353	3.8542181166414173	2.495982236602767	1.2923055626124975	0.5278362582543846	3.0442242230853234	5.345116819268895	1.0184558315385768	4.233970238143105
7.618934887214939	5.457292819677468	8.925718756957147	4.150508949935203	5.904125734756651	3.44015383788282	3.8903887525542644	2.4114439615417673	1.2561349266991417	0.5278362582543846	3.0442242230853234	5.345116819268895	1.0184558315385768	4.233970238143105
7.569668848991895	5.506558857900578	8.925718756957147	4.150508949935203	5.904125734756651	3.4816754523660793	3.8903887525542644	2.331014403818595	1.2060307773602894	0.5667442014939622	3.0934902613083	5.345116819268895	0.9712327969409144	4.275571977783357
7.520506669472957	5.457452872845459	8.8836483651476	4.09431117717088	5.95150626120054	3.608353290689038	3.9412763906843233	2.246406957305202	1.2060307773602894	0.5667442014939622	3.1426524408271996	5.345116819268895	0.9712327969409144	4.3172428465989245
7.520506669472957	5.408446803533199	8.932896237844266	3.9960572351618064	6.000512330512664	3.559105417992216	3.9412763906843233	2.246406957305202	1.2060307773602894	0.5667442014939622	3.1426524408271996	5.345116819268895	0.9712327969409144	4.3172428465989245
7.520506669472957	5.408446803533199	8.932896237844266	3.9960572351618064	6.0423831923367946	3.559105417992216	3.899405528860292	2.2074436086681763	1.2060307773602894	0.6057075501315139	3.1426524408271996	5.345116819268895	0.9712327969409144	4.3172428465989245
7.520506669472957	5.458219269040079	8.932896237844266	4.0458297006686035	5.992610726829967	3.559105417992216	3.863234892947377	2.2074436086681763	1.2422014132729418	0.6057075501315139	3.1426524408271996	5.345116819268895	0.9712327969409144	4.3172428465989245
7.520506669472957	5.5072266596443376	8.98207188387191	4.045661445245394	5.943603336225475	3.468343588999156	3.863234892947377	2.2490297916336157	1.2422014132729418	0.6057075501315139	3.0900947771333462	5.345116819268895	1.0237904606346042	4.3172428465989245
7.5551542001667	5.5072266596443376	9.01671941456573	4.045661445245394	5.943603336225475	3.468343588999156	3.863234892947377	2.2490297916336157	1.2422014132729418	0.6057075501315139	3.0900947771333462	5.3797643499626595	1.0237904606346042	4.275571977783357
7.498798164569952	5.5072266596443376	8.960363378968975	4.045661445245394	5.943603336225475	3.426819764967587	3.863234892947377	2.290553615665125	1.2763889277351954	0.5685570747688422	3.0900947771333462	5.323408314365975	1.0237904606346042	4.275571977783357
7.547960344088899	5.358431614746525	8.861939860244654	4.044452098590764	6.043236201604575	3.39768595463177	3.863234892947377	2.3790921083747234	1.2422014132729418	0.6075759111192386	3.088651922899419	5.323408314365975	1.0205054184840188	4.233970238143105
7.597226382311961	5.3582556094710005	8.861939860244654	4.093542131538377	5.99414616865708	3.3131526502157094	3.827000327206224	2.463625412790516	1.2784359790140745	0.6075759111192386	3.0393858846763964	5.284134770100981	1.0205054184840188	4.2317110438213446
7.597226382311961	5.3582556094710005	8.812619674567307	4.142862317215651	5.99414616865708	3.3624728358929654	3.827000327206224	2.50442409792045	1.2784359790140745	0.6064541294229034	3.0393858846763964	5.284134770100981	1.0205054184840188	4.2317110438213446
7.597226382311961	5.3582556094710005	8.77063326427747	4.18484872750546	5.952275306833041	3.404459246182848	3.868871189030378	2.50442409792045	1.2784359790140745	0.6461825500888183	3.0871929238673768	5.284134770100981	0.9726983792940253	4.190247178299917
7.597226382311961	5.407431229276931	8.77063326427747	4.23402434731126	5.903099687027084	3.404459246182848	3.868871189030378	2.50442409792045	1.2784359790140745	0.6461825500888183	3.0871929238673768	5.284134770100981	0.9726983792940253	4.190247178299917
7.597226382311961	5.407431229276931	8.77063326427747	4.23402434731126	5.903099687027084	3.404459246182848	3.868871189030378	2.50442409792045	1.2784359790140745	0.6461825500888183	3.0871929238673768	5.284134770100981	0.9253975137342424	4.142676463352365
7.597226382311961	5.407431229276931	8.77063326427747	4.23402434731126	5.903099687027084	3.3631296172112544	3.868871189030378	2.545753726892266	1.2784359790140745	0.6461825500888183	3.0871929238673768	5.284134770100981	0.9253975137342424	4.142676463352365
7.597226382311961	5.407431229276931	8.77063326427747	4.23402434731126	5.903099687027084	3.3631296172112544	3.868871189030378	2.545753726892266	1.2784359790140745	0.6461825500888183	3.0871929238673768	5.284134770100981	0.9699006834832149	4.142676463352365
7.597226382311961	5.407431229276931	8.77063326427747	4.23402434731126	5.903099687027084	3.3631296172112544	3.781972101770164	2.545753726892266	1.3653350662743569	0.6461825500888183	3.0871929238673768	5.284134770100981	0.9699006834832149	4.142676463352365
7.597226382311961	5.407431229276931	8.77063326427747	4.23402434731126	5.852286436254942	3.3631296172112544	3.8327853525423605	2.545753726892266	1.3152907262074627	0.6089873461734359	3.0871929238673768	5.323408314365975	0.9253975137342424	4.103402919087383
7.502013890572454	5.467961697393236	8.735951240654254	4.23402434731126	5.852286436254942	3.3631296172112544	3.8327853525423605	2.545753726892266	1.2810201559731578	0.6089873461734359	3.1477233919835017	5.288726290742793	0.9253975137342424	4.103402919087383
7.502013890572454	5.467961697393236	8.735951240654254	4.23402434731126	5.852286436254942	3.3631296172112544	3.8327853525423605	2.545753726892266	1.2810201559731578	0.5692555243348433	3.1477233919835017	5.288726290742793	0.9253975137342424	4.103402919087383
7.586044619467657	5.368665663482559	8.721252489794857	4.2334577931554875	5.809521003818255	3.4125103916938	3.9254981136174387	2.586608054385542	1.2310124801531295	0.5284011968418239	3.1462696151223204	5.323408314365975	0.8775025853230508	4.103402919087383
7.586044619467657	5.368665663482559	8.721252489794857	4.2334577931554875	5.809521003818255	3.4125103916938	3.9254981136174387	2.586608054385542	1.2310124801531295	0.5284011968418239	3.093598873956913	5.284134770100981	0.9746764962377414	4.095036919600909
7.642400655064435	5.368665663482559	8.777608525391594	4.2334577931554875	5.809521003818255	3.4125103916938	3.9254981136174387	2.5847700838518985	1.2310124801531295	0.5302391673753507	3.1415736174180493	5.340490805697775	0.926701752776129	4.142676463352365
7.642400655064435	5.368665663482559	8.777608525391594	4.2334577931554875	5.809521003818255	3.4125103916938	3.9254981136174387	2.5847700838518985	1.181064683614946	0.490558938589216	3.1415736174180493	5.340490805697775	0.926701752776129	4.142676463352365
7.586044619467657	5.368665663482559	8.721252489794857	4.2334577931554875	5.851494818245666	3.371242992120826	3.8835242991899457	2.626037483424952	1.215381350371466	0.490558938589216	3.1415736174180493	5.284134770100981	0.926701752776129	4.142676463352365
7.586044619467657	5.368665663482559	8.721252489794857	4.2334577931554875	5.851494818245666	3.414376351202877	3.8835242991899457	2.6218649216027883	1.215381350371466	0.4888000717696297	3.093598873956913	5.284134770100981	0.9746764962377414	4.184130824390529
7.543807493458682	5.368995986898568	8.868975710164081	4.043827770193305	5.949757656435588	3.3230091664303307	3.9198445936887802	2.6218649216027883	1.179061055872601	0.4888000717696297	3.0487962814268283	5.419109675777918	1.0735690806244917	4.188627676361811
7.399428591933185	5.38191378065582	8.967861603220358	3.8134807693685935	5.99590650753027	3.3151547131038805	3.9705093196686865	2.49618595117917	1.179061055872601	0.4888000717696297	3.0633691189589074	5.463368780744015	1.1687276139244116	4.193113619914063
7.364712752455108	5.235920524020835	9.102444528280854	3.4981887481949925	6.14189976416516	3.228712227081027	3.9705093196686865	2.4133296726634876	1.144744389116526	0.45159814132915943	3.0159209157650495	5.507848624386036	1.1717461233810345	4.197588403695184
7.364712752455108	5.235920524020835	9.102444528280854	3.4981887481949925	6.14189976416516	3.228712227081027	3.8836527420750393	2.4133296726634876	1.1817130177487452	0.45159814132915943	3.0159209157650495	5.507848624386036	1.1717461233810345	4.197588403695184
2.8633214308499735	6.4123702336101465	8.045277448741068	1.2304142157187647	7.016395337246713	3.3743486293123137	4.171738892905906	1.3455951649068707	0.9933230632384512	0.33299924657888463	3.635223454051684	4.383351832550351	2.6909284689461743	3.604204814320268
3.4414720518151296	6.336280337429946	8.133296209776178	1.644456179468834	6.690736241674425	3.2904132995505964	4.121415950390567	1.5588123945162027	0.9095835594414592	0.29453024555049123	3.2776523404076294	4.559753461763131	2.650092850693721	3.6944984980226754
3.220214395557218	6.778827004028874	8.178128981225614	1.820912418360578	6.497270803480489	3.280688602482664	4.121230852171285	1.6016018832466816	0.9598426486250669	0.37405229835135717	3.7020050074140376	4.67914877461028	2.5688196781733845	3.690639783742304
5.892561130004563	6.013373361880565	8.962448640375571	2.9434858515096463	6.0337757259373825	3.330321081454925	4.026651865479846	2.152895259737457	1.0806159175107455	0.37405229835135717	3.600662461783516	5.4781512389408755	1.5121973535026252	4.106447845484928
6.859369396863282	5.762814794976083	9.134489398270116	3.487694793569383	5.795258675770905	3.3349363061398556	3.9764175463812337	2.403737607846785	1.1152249738390594	0.37151226553444583	3.4377375918743645	5.6637871586211865	1.2244517606740741	4.17347804795674
7.274715719172296	5.75100719080727	9.118999412459843	3.906723497519778	5.606640502514162	3.322081857173322	3.7885513050453743	2.365579635980854	1.1511078808867585	0.4512584459869615	3.273706244784045	5.5970008557499975	1.1645407047022458	4.163485686074362
7.337068926263418	5.8491125126585946	9.13893587123158	4.047245567690326	5.560640290463432	3.2737945070278993	3.687268033724348	2.4071055729249236	1.2008612970460466	0.4512584459869615	3.2724060717743155	5.5304390073604255	1.2061854461221784	4.1111653421497305
7.439822045826924	5.689554054369637	9.082130532506179	4.047245567690326	5.704166302310673	3.3595216511251964	3.557594476231203	2.282475814278244	1.1870088426923302	0.49016106053606995	3.2570122614287875	5.618420118260468	1.2871269735540534	4.098436130408822
7.552202821912559	5.639683677130968	9.060112036268634	4.131774462774913	5.747645595932451	3.353318062285016	3.51530099290449	2.283094555780193	1.1365584213923172	0.5310101919547977	3.302841671631544	5.591793373398322	1.3235925085835627	4.186119805321401
7.812652606799301	5.47801917910133	9.018179201737604	4.272492584162836	5.690642258828359	3.4393164352033723	3.510010534827492	2.239029017393146	1.2187843138396548	0.5707936692458865	3.4291696529950997	5.828555504827276	1.53482362784708	4.470232863696522
7.82151397069971	5.427090575379602	8.884729447895538	4.363875098183857	5.682829072714391	3.4824711016017003	3.5047300192760478	2.2377358924605635	1.2665246937931058	0.5707936692458865	3.476912470406914	5.82923350319894	1.5264701218215946	4.554696047744256
3.406673603325735	8.998174645924674	4.5389571948044765	1.0525438477943965	6.663710726945278	2.8380717103772994	3.9594410377978666	1.0549190727782973	0.8209195843222338	1.0105216114264461	5.853958115243187	2.839266993518375	4.065745105979108	2.612270544149671
3.793839136142022	5.712388391640851	7.78334535444596	1.7228821733369926	6.578554282138106	3.0728446168695394	3.965075816932641	1.315565854493823	0.8418882471265502	0.8537899447907839	4.566841524470884	5.766171365879877	2.348638299516854	3.3267375762082105
6.653848757168608	5.048442226037731	8.248662497607562	3.4536284855986916	5.877732920996898	3.386947050170265	3.712999835385391	1.7775473256266865	0.9614476528663494	0.6956958053188975	3.8897457487930427	6.745284818173172	2.418821139685163	3.951698540631125
7.0623762958894165	5.042301923914642	8.329660920987395	3.7750172988166604	5.741267873755435	3.4795536818759922	3.6537597210987225	1.7799729738828491	1.046622224210632	0.6971577764490625	3.5884654224819164	6.568754927340902	2.6667493420970847	4.56760702170827
7.492274946541174	5.276912635942064	8.360173608116137	4.409013974367062	5.506195227588353	3.4385864921866163	3.3335755182907034	1.9020415045815084	1.10999579687865	0.5789357465474854	4.349933759271998	6.522959647174406	2.6996292614514084	5.663322890192323
7.528171022506756	5.270415144874407	8.189605755891026	4.608980411490058	5.801401445937143	3.3153281335239457	2.888810940670667	2.023601704113969	1.2632537827308832	0.501427977471816	4.986459555307107	6.52368968442916	3.593935099010943	6.655951165438332
7.4876666770370575	5.471762822475082	8.149101410421299	4.810328089090781	5.797107462434144	3.232804627147424	2.691757246572877	2.144828079354467	1.3476981166663335	0.4604107385502665	5.0943498170178	6.569307651340697	3.764335402448627	6.572831461769959
7.34296289831756	5.621957318201961	8.250808075969513	4.714112140550046	5.729344283866357	3.083064092037769	2.7479215376771933	2.138588103204329	1.3954097415670035	0.4194542594905114	5.36434241420986	7.265933083764826	4.315074340842266	7.6426704855508785
7.338281680645786	5.619252135592288	8.285164573807261	4.672369242430667	5.721453110826154	3.034512432960239	2.7572510212361836	2.0559264753791626	1.379118921114708	0.4575461720979327	5.313578626622199	7.254107906895665	4.162446028241391	7.6077715586995325
7.156923936837193	5.767293046244942	8.396953470436053	4.527263512646156	5.707341113805642	2.8775011746723567	2.6751037449278994	1.9715727305536288	1.4292829102415312	0.49696033498643594	5.482134200178584	7.889051221124298	5.813638276131143	8.12981863213374
6.975331813155282	5.768597821917773	8.267032367102805	4.476897267970331	5.757707358481758	2.961613292132475	2.638783450429042	1.8874606130934604	1.465603204740094	0.49696033498643594	5.370911526362379	7.8980650029929444	5.9290800073584595	8.054374191732357
6.808010678164409	5.8173352447666185	8.153352177319464	4.471993745611554	5.616132350560852	2.9902769068228574	2.73162103550079	1.8051560531953859	1.465603204740094	0.49696033498643594	5.259581728365893	8.758057403499649	5.88442077364756	8.517270387826382
6.630670030848784	5.920346515284753	8.079022800521818	4.471993745611554	5.616132350560852	3.0734888436327457	2.73162103550079	1.6816046052695806	1.465603204740094	0.5001877046762961	5.362592998883933	8.820016537538162	6.297811284588152	8.511709135619116
6.306932689785236	5.98160797616656	7.864455049351778	4.424085616600108	5.616132350560852	3.1082499041670983	2.782221486612838	1.5989354157237807	1.4310498249129346	0.5001877046762961	5.371342735378004	8.36789603067121	7.685742457248041	9.081186449165003
6.080652595056068	6.092657730323642	7.7508479106464465	4.422462414733219	5.617755552427796	3.1082499041670983	2.832886148953402	1.5989354157237807	1.3803851625724515	0.5001877046762961	5.374684911252968	8.392726632470414	8.600152821883642	8.967041828016965
6.042633164675703	6.142932821864744	7.712828480266167	4.472737506274423	5.56748046088675	3.1496753579421872	2.832886148953402	1.5575099619487627	1.3964796274873212	0.5001877046762961	5.485291913524965	8.449699271919618	7.9128359004941835	8.821277589789547
5.624308215298839	6.40842303494693	7.655597636650769	4.377133613594969	5.515753600106393	3.095557611534071	2.8846130097338305	1.5143396555490787	1.3964796274873212	0.5018718648041566	5.809477198121775	8.479495001504088	9.012612173761243	9.308089308940048
5.377074778923271	6.5100249216660675	7.560241178535535	4.326858522053888	5.514376002917692	3.1371045401841093	2.936265698463453	1.4325640910861357	1.3964796274873212	0.5421005006175106	6.0175756399459654	8.369727733654031	9.18406790676609	9.534010170381505
4.873102046997313	6.809564149639665	7.439884408601491	4.242781788035506	5.465806549013455	3.171377974073647	2.936265698463453	1.2254699673447587	1.3622063572131446	0.584583185922159	5.989826082166379	7.9022034312839295	6.986999659194179	8.339784051234215
4.594674289121741	6.9687747429466835	7.364948278663827	4.198500753404578	5.467506317006226	3.170587843216434	2.936265698463453	1.1836788315633526	1.3622063572131446	0.6636799662617521	5.815019625711922	7.886896858541518	6.976744665201009	8.816744381896104
3.7319421386941842	7.314017532662367	7.109119930702782	3.936839740653482	5.467506317006226	2.9926926198275705	2.936265698463453	1.0613076443000935	1.4126216937513805	0.7815877159614004	5.052462970255917	8.187434684885458	5.984742475260748	7.884708642700393
3.5047324818837393	7.411918427429662	7.157562200762983	3.7590887085504114	5.4748312746769	2.947439961141163	2.941086946520398	0.9371740481620994	1.4489627848754036	0.9012186562238188	4.389786777579488	8.049727944003738	4.579149557434238	7.22396534416703
2.7801976832246793	7.750388513980607	6.809545214854245	3.721040982351101	5.426343977825342	2.987383032993069	2.890400527878372	0.7706275063787371	1.5501249022703136	1.0210020895327556	4.255831076245828	7.775334259511576	4.220012839876598	6.273343015916376
2.633577554073827	7.746654023264798	6.758548420679037	3.621683156659707	5.478049838913607	3.0238636026362307	2.890400527878372	0.6864949721329485	1.6006609932206908	1.0210020895327556	4.009094980037316	7.726964649818944	4.15109155286728	6.185092322047417
2.3565874576229673	7.840690287697136	6.57719559903203	3.620082146287768	5.479650849285517	3.1510810066425914	2.890400527878372	0.4793026119290473	1.6512575060472487	1.1009770457297958	4.3053743250103045	7.143427588471555	3.172083996528828	5.133883900844807
2.2160449553859425	7.790849538801766	6.43665309679522	3.5702413973924103	5.529491598180931	3.1936107568106	2.926763375303707	0.4367728617616717	1.716269067087959	1.1409121561944444	4.290523164245709	7.056641214635172	3.190352060947951	5.006284395093769
2.1734745567829736	7.708239475767036	6.354855092107073	3.526858940443128	5.570653937361881	3.2781906435777737	2.8856010361228246	0.30881051804501575	1.716269067087959	1.1808990941319184	6.470191883247424	6.484990785080996	1.1123034462865369	0.2525049968019666
2.255954117362417	7.46709847334137	6.240311981668013	3.4827406090355977	5.61898309045045	3.3251802409736704	2.8856010361228246	0.3046449982258391	1.716269067087959	1.2194459033764622	7.319781078684355	6.486249474022735	0.001502077341752065	0.0612426910493565
2.445726220254836	7.46709847334137	6.43008408456059	3.4827406090355977	5.567404498128791	3.368021495586628	2.973478264592686	0.2618037436124968	1.6799704309397736	1.2194459033764622	6.091437294671986	6.833625628755054	0.5410773204669672	0.17489401001617957
2.9201506961199066	6.993047933921744	6.456486394663665	3.4567122353780415	5.524933394242695	3.418005291701804	2.9630620114518633	0.13290421681423964	1.6799704309397736	1.0994965670327903	3.4084120136098557	5.578340562946652	0.2562010624391187	0.9329279470250866
3.1080082775874165	6.707955639653845	6.404377658221075	3.4115862590198223	5.6221681070432385	3.4282792116931926	2.9630620114518633	0.1747390332663192	1.7307483843991027	0.9402874705667413	2.8468550659713174	4.5488678167428285	0.12634420382976763	0.8067638033434062
4.184916125118406	6.119202251193226	6.83253514066914	3.4715832356424876	5.539764364307419	3.3970953824462375	2.9576074521827183	0.214360173276651	1.8178855115200054	0.9402874705667413	1.755952705985057	1.086974569325045	0.7816794570175463	1.1807976109346225
4.050439833911783	6.29717250227935	6.962631176814596	3.3849811593765007	5.496938132221819	3.3522615668755114	2.9989762388662498	0.17113446718067785	1.8687845681365196	1.262558235964837	1.497940461618862	1.884431962966546	0.7923175504756645	1.103363338261736
3.7585407523606844	6.464164720068533	6.920649957075917	3.302055515353383	5.454032037141672	3.3979318727906174	3.091084495797061	0.041076016759892225	1.8181199057959507	1.262558235964837	0.2665392271384537	1.498221968277666	0.4801883916058253	1.2553599032846616
3.6446145998789206	6.6790923484776705	7.009441070525456	3.3142658778311507	5.404842555892352	3.396165074166983	3.039272501118837	0.00598963379050015	1.8690795558713493	1.2225995716224238	0.27563119912165657	2.1029844003612403	0.08797460157632706	1.1700055126886917
3.635646662502764	6.831617270035842	7.051650872814365	3.4156130597244307	5.407344578075624	3.396165074166983	2.9861522135307763	0.03402288527352209	1.869370910414881	1.0223277169583773	0.09702065110461537	1.9229177755743236	0.08136589546887533	1.1831036120748308
3.510128834080715	6.95896043595622	7.140741942736911	3.3283473272999653	5.41610618655504	3.3522864935943133	2.9755652675530535	0.011189604100936546	1.920451829582346	0.9823926064930008	0.612647139020899	1.9571585357004766	0.1750385127246851	0.6019925044270843
3.50123242544694	7.214078528069136	7.1828649902227895	3.532445963293436	5.264137633572533	3.3522864935943133	2.923435184542382	0.011189604100936546	1.920451829582346	0.8206427713039766	0.9320162007932943	2.1381175660531477	0.01993400857583969	0.47687164161326145
3.4593005932967036	7.391240344904833	7.266851707425847	3.583689230775642	5.212894366090179	3.3538957628675554	2.923435184542382	0.012798873373071886	1.920451829582346	0.7810206349464851	1.4178361013752594	2.058349067958635	0.49522285418384626	1.0864236171205168
3.547208563958426	7.43097496130161	7.336402787539225	3.641780737720794	5.110144500081023	3.3092374038036607	2.923435184542382	0.02726757015016504	1.920451829582346	0.7780566611697397	1.5382782581231103	2.100466193818502	0.19937093832742456	0.6674098622074104
3.6091047421214193	7.493990210913998	7.4166558562506655	3.686439096784767	5.110144500081023	3.3977012974837693	2.8871159912652873	0.056604407980832855	1.9567710228594184	0.937133365842617	2.2358344484925112	2.1079628808095205	0.9752254770588067	1.0142901689579615
3.733251761914258	7.493990210913998	7.540802876043369	3.686439096784767	5.058014417070279	3.311701909368446	2.93924607427611	0.02939498016030713	1.9567710228594184	0.937133365842617	2.7205476685021597	2.414324459249629	1.0969400557607412	0.47087830225797145
3.482057754588178	7.758758666487255	7.468359604236036	3.772456816839509	5.1094332862066105	3.4053950652074008	2.93924607427611	0.11320485699451971	1.9567710228594184	0.8970669223437943	3.082212980779992	2.449611344623594	0.011830508013340998	0.5675557422077341
3.002539007743379	7.968007887005166	7.307393375151421	3.6631535195970604	5.211108589140694	3.4061427124268544	2.9768909935241323	0.15688385792694431	1.9371419975825659	0.9368397818450349	1.927868532276194	2.9415088649455274	0.2864950005331482	0.8426692771232784
3.390413710701155	7.735893868829621	7.272156157933361	3.854151421597654	5.260881692704822	3.2834701326447733	3.1833319743957165	0.676039507654975	1.835306836239846	0.8547232152920078	0.5523125625197083	2.5746183177681425	0.4988812453716103	0.06050433844093537
3.4800452430559896	7.684148284649889	7.280387362265284	3.8838061654405567	5.30017527577912	3.2432786875023374	3.245212577615376	0.8871803207492595	1.869370910414881	0.7749874506228454	0.435936241408575	2.8848041662112607	0.33627706460432116	0.07845611797437868
3.6493335423268154	7.67938609024743	7.385840044710712	3.94287958786354	5.535454897470379	2.989924760492305	3.1116045895731204	1.3921827222496401	1.9200998269033045	0.6557357354370542	1.0790927901055456	1.517835821266437	0.07706770209887068	1.0951979699564398
3.840294585563491	7.615712124533923	7.477243387872455	3.9787633222248973	5.5855667143942265	2.9927099153749985	3.147881426500057	1.554168548867268	1.8838229899762038	0.4980872696441772	1.2242517523048424	1.561877453669335	0.07685587199396433	1.0871408284142927
3.8249519540949644	7.566949058259338	7.413301243050803	3.9785997693035795	5.874238641029514	2.836442183160566	3.158091616927532	2.089769940998695	1.832802718944378	0.41512849230025145	2.8299298804829247	1.0564914208639113	0.6239118387548056	1.985294662009033
4.13920552789237	7.426181048183732	7.559289733368627	4.006096842707464	5.973692821557849	2.9235378134379375	3.107448753807949	2.1700144725849304	1.832485931988654	0.33543338965046393	2.9733056602667767	0.8675670187195702	0.6894885017566107	2.5444052315284416
3.3344033373087156	7.436109356204491	6.723310778391055	4.047201915122176	6.216554219030542	2.732178246270408	3.1083336091323885	2.6582647676827427	1.8830647247499228	0.3347173097776898	5.040193905882713	4.897884412446317	0.32464641862927385	2.366677255340006
3.0583554211073403	7.385626378293494	6.411064382990245	4.032917416410798	6.40672958441089	2.7752278333375475	3.015599951701208	2.738818258390686	1.8830647247499228	0.25506663478175784	5.619958860860509	5.719358028443185	0.08249605265895166	0.46843940612184093
4.207655178591331	6.771036392086066	6.8653332580730835	4.113358312604375	6.440574237100314	2.590634686266973	3.2720963637282674	3.294193366371523	1.8321656681332128	0.13775558223349016	5.253400085468117	6.2753825222232695	2.0200104855213192	2.359368927776369
5.52314144805643	6.157624286854721	7.497948178696258	4.182817556214826	6.376367812951564	2.419449856158011	3.5828049577750414	3.9186683461611875	1.867877959873582	0.05788930862363422	5.039864398108511	3.474807965802641	2.9088774693899424	3.3454154880212497
5.722935576784596	5.859903978759563	7.42152826661036	4.161311288933831	6.414705595369667	2.4306353144017545	3.734101882645572	4.077523073497528	1.8171605154835124	0.05597756304697543	4.4196611604316	3.427390043924355	3.0363894605687722	1.914202516168009
6.8258142800045984	5.260532069510923	7.772498646845954	4.313847702669628	6.304350756942938	2.658996344845158	4.034727229011484	3.9916310704106586	1.8513131712188164	0.2952150417068584	5.0405907907590946	3.94625043246119	1.2223821582723293	4.575872604336876
7.140532421444977	5.151774875004111	7.883383123692808	4.408924172756341	6.066266566102145	2.783271097836568	4.225768381799682	3.9153897494531886	1.7501083459663063	0.25631545737050215	4.990251730520482	4.291584484492648	2.01655579675892	5.1683658109116735
7.10622003924109	5.057769080796862	7.849070741488897	4.314918378549048	6.019247728211191	2.7794424607358845	4.366793013897831	3.919218386554213	1.7501083459663063	0.25631545737050215	5.046326912265985	4.587415025676839	1.9122887335320762	4.934800523840057
7.430672031309266	4.84881175912518	7.94404318988531	4.3354406005492825	5.854510306903477	2.9313809414969882	4.7219219282656075	3.8368977723206443	1.5481362246994996	0.2577534417546591	4.882224837948423	6.123864692749757	2.8967130513536996	5.635745328785939
7.545885950816179	4.69840324897352	7.881858356286919	4.362430843502804	5.889042955595025	3.05291024308284	4.778161031991014	3.8331304661054615	1.5481362246994996	0.2577534417546591	4.824872327691464	6.139236856614305	3.0451888412767945	5.678946250400933
7.85940372010756	4.433892304644353	8.012230570872859	4.281065453879061	5.7033888698571475	3.384143602306659	5.448883067701625	3.7602638475597763	1.432820718611416	0.29936591718271394	3.309897884216337	5.0627867676858695	1.9276628204035706	4.473159888379517
7.712428999647326	4.359836103531102	7.904029629060579	4.168235474117797	5.787481259566806	3.54065508095247	5.656086941150713	3.729137707801513	1.3178511310407517	0.33807967938435673	3.1693553634357383	4.685652357570549	1.8070405226111033	4.4771773185677395
7.4564830601519105	4.255133172711486	7.791260966825813	3.9203552660374563	5.600892915300304	3.8624318694231223	6.459433843859986	3.6671446002054444	1.158545479222177	0.30108381133520196	2.099434205571475	3.874779971645159	1.1714029300170987	2.1823860534962587
7.34902000486011	4.265614352761526	7.779014357821379	3.8356199998002216	5.602174357770745	4.033418222692894	6.564492412197227	3.554360623232034	1.0448706739741371	0.2657479778520399	1.7886202531771718	3.868917007666253	1.8205270450322801	2.0543711668483198
5.217040278424524	4.978926036621046	6.513854218119255	3.682112096926442	5.33141212811508	4.197816274555279	7.583147872450896	3.3509344915726533	0.39483711771717983	0.27188477581558584	0.016299907044335323	2.417126162873575	3.510589552374249	0.4942878746811416
4.623438742918437	5.013228689175132	6.0445820959263905	3.5920853361672744	5.386463619936509	4.320908603214953	7.7831168998243765	3.286412683033432	0.208274891806497	0.2749890159724825	0.621222208429698	2.3546800584453784	3.5439293052696383	0.8002037906815831
1.4324580360791228	6.635240513482872	5.491973022706623	2.5757255268549555	5.091311486428	4.3748656486743895	8.554363185591818	2.469968568025287	0.018222989123056064	0.030245923890175896	0.36572446044149376	0.20983775228957033	2.652610859704813	1.0421163061637104
0.754236984894517	6.888047076840196	5.482710753335757	2.159573308398757	5.13058904484417	4.2542224033834835	8.707515531986106	2.2619851805227618	0.12312730829379932	0.22243917733538202	0.29153152532621607	0.25568201338089047	2.3264173953653438	1.1725017552195434
1.3459364986768334	6.897336143505914	6.038479296466559	2.204793345716031	4.68197625428509	4.516570857421979	9.318040445303405	2.1779557007420602	0.14217453990792825	0.7211946816687077	2.6862875757439864	1.6677807262833	3.302147740662908	2.2650632606352676
1.5689057222456322	6.74765901680631	6.195476431617264	2.121088307434765	4.766681464419388	4.60279193730693	9.329611258326565	2.051595217610953	0.19488492802873966	0.8727688814900374	2.4349626287610358	2.4333381434162926	2.9538762332058566	2.4199499607030974
1.608625694636513	6.537735721271935	6.330971579313677	1.8153898365945826	5.0200215430980055	4.559839828845739	9.527730001412452	2.1748713295869306	0.23152723608832845	1.549048123769886	3.247287896192218	2.737338098640359	2.9833412433282454	1.6147225637829832
1.631618732584681	6.386275691725803	6.380016815133665	1.637877609177121	5.14683495775704	4.427953519498982	9.582294211538967	2.2577124031136675	0.05018750100226647	1.7702071870696476	3.327325976321105	2.761158970621264	2.9177763826952785	1.6977802334652985
0.28722154621453594	6.63755286676545	5.25500747998766	1.095323840562324	5.310279656695491	4.146858381762512	10.027574229674421	2.3490767486466524	0.09370901417952796	1.9222952855767206	4.087747634168845	1.4836057424749283	1.7875780040425806	3.1722939542632083
1.5379394183548507	7.699370386536245	5.190469864521673	0.9709611036596597	5.305683312142474	4.065246592663723	10.240931500069385	2.3512885393022476	0.18438225105594283	1.9568120937403148	2.9658650067443983	1.184296043543518	1.6959432461321486	3.3606960444980056
2.728230386204294	8.368882845069283	5.279699205984196	0.36095325288127417	5.556981432910652	3.672090626798693	10.598693695394577	2.730793472044757	0.3228985510028438	2.0408850437967248	2.0016227034067673	0.025097050511027882	0.9009425160224973	3.515147411827732
2.1214993167902003	8.439159637267801	5.758927598728125	0.5587327217494977	5.270794325197627	3.462448157396919	10.62217251583059	3.0215156609547655	0.2331627995131446	2.0797635631486977	1.9925513980872689	0.3262958768730018	1.4071992307158085	1.6336958273208875
3.474966869909807	8.965392996359036	5.546514835742641	0.05608870928757832	5.67938281920371	3.1370470851485672	10.00483242711962	3.1835999718189205	0.3586586266060234	2.044375235688381	1.5759403684317126	0.1645781409551911	0.5278823838572709	2.970560717251371
3.669948360569049	9.037003930444675	5.586405319467318	0.21934974959281567	5.845947882536332	3.0145979357224935	9.558469656596877	3.2643780548703716	0.6509604869726826	2.1246193354431266	1.9678738295901896	0.35605116878784443	0.5109745399020954	2.700922306723835
4.336017021195827	9.339107075634004	5.674936866903122	0.6718468124648717	6.07958739106248	2.92730486580658	9.3718851124732	3.2610524261336695	0.7966083759025662	2.052041472434373	1.5646296955341765	0.6523018017183269	0.37503973300863347	3.1257076960061685
4.024337590093704	9.234270265905135	5.801843673152626	0.5919109973410088	5.871601418797352	2.887055910772547	9.348203592985607	3.3403333758445495	0.9137456465107417	2.1281319305393778	1.852649212175447	0.5674601357187209	0.36375090339078087	3.0945765352220262
4.220521732554198	9.13410843837621	5.823606196048752	0.9100194902271241	6.061912563524456	2.887055910772547	9.096683541366001	3.3403333758445495	1.093177066577563	2.1281319305393778	1.2421760292241908	0.1638548998733744	1.1146476527387712	3.817186767534573
3.835667204496158	8.833106517647057	5.907458803377777	0.9100194902271241	6.061912563524456	2.930620771462298	8.997069522007935	3.33574545460238	1.043511003945041	2.130050406558706	0.2067403676020997	0.33043355091364496	0.3572689394222628	3.7943100863586823
4.693465396048737	9.335234339335614	5.8655780870308725	1.223809143743907	6.248221400598502	3.092003739886731	8.67939366263089	3.2132844507993306	1.0582552961271983	2.130518298773833	0.676027567410579	1.8399094033867909	0.5408752239283936	4.380444925279822
4.9896510067392095	9.381924545062034	6.017652732633243	1.625379194310646	6.351108430941504	2.916727221194445	8.672590957225449	3.091818953881294	0.8269639609051579	2.1285671017541343	0.5232345821833524	2.1791731677619506	0.2399032084370461	4.405396827789797
3.8710226952762596	8.847542429325532	6.321787275413574	1.3452675413643504	5.947123554410706	3.212582569227332	8.494133139389376	2.9294149877923896	1.1701128929404587	1.602660585447424	2.1954957625485583	2.2785471333088605	0.39311156146196874	3.467549701953194
4.2981911372035055	9.15344380933933	6.3221978313192695	1.466945159183445	5.9438896989352275	3.3779894435011686	8.43919667346917	2.6811877052911965	1.2318344450184233	1.2611336839025602	1.4683501635053298	2.9770123855057284	0.5231952481566897	3.8707524247941594
2.4005406758494288	7.87565787410206	6.665541031210409	1.1904238329576784	5.957065323810618	3.7102229856357085	8.300326093470817	2.517336468120132	1.475431698142985	1.0280979708746636	2.948663091897143	3.0703622730685503	0.6965702350623695	3.0348836992880583
4.185744066905447	8.800535315926696	6.239429366489014	1.6246381174679643	6.0600650393019375	3.7145259438112137	8.330802299510587	2.1836671761233823	1.5222923391898866	0.8332104741254491	3.4046185115989425	3.882165279017747	0.8923399108570834	3.5634578675598294
4.25644018913007	8.767480467929563	6.1356783962673385	1.6246381174679643	6.1029116763579845	3.7145259438112137	8.191581489858581	2.2239100059933605	1.6677061300126428	0.8734533039959451	1.881932933810153	4.504588113683767	0.8817636939270488	3.686200222314692
4.552171150636364	8.794929666599058	5.997055828769042	1.7542973128061272	6.141505137096946	3.7083036786755237	8.14348686972743	2.1390665365288806	1.7158007501438322	0.525328341505004	1.3971175236617228	4.486746832817531	1.4142750058068432	3.75016629414258
4.439842617770603	8.701168931690098	5.935428233704598	1.6741019197851932	6.1029116763579845	3.749905610957958	8.095453826342073	2.1390665365288806	1.519237758859395	0.7189145346384171	0.8868445077939252	4.909033294001938	2.7894521825960807	3.9280062765634036
4.8243366668945455	8.677046494477457	5.725671169372547	1.8729613417895397	6.17646605137745	3.6251180862382864	8.100733497287981	2.1001473658598715	1.6888711630300353	0.6772744942174327	0.430210147688229	5.24182098526118	2.9004744582547852	4.247493532620285
3.787157960764866	8.163213616998828	5.835495724314643	1.4594400680807322	6.133620625042456	3.9953076922647544	7.962938760954935	2.1044929824724465	1.981223609298519	0.4087653498496346	1.1034600549352152	5.490228407112959	2.983136744926666	4.023933083407703
3.787157960764866	8.201675999766929	5.794534152494192	1.380016113491918	6.095158242274407	4.079600931767499	7.745662535898487	2.022120569532843	2.2475997370898684	0.25552969027413425	0.7123823822443535	5.59982015726012	3.2284192783032424	4.061284697559547
0.5421695367643794	6.470778423835043	6.793252725653546	0.8646438385824743	5.866926322454113	4.410371193839388	7.739848871761349	2.501445883109671	2.210567974892173	0.4341775112791907	5.405719567491359	1.504170657080467	2.5029634937823313	1.0221961590167399
3.3271865652758077	7.525041308229137	5.26882174341918	1.0709670004660312	6.02628074547047	4.320619794179208	7.744778647987924	2.2977419328898767	2.1980002250711763	0.7699892542477703	1.86084279216256	5.301197724328354	0.5511939624725929	3.9273587767171407
3.2746254681896536	7.430581531007378	5.186368520541227	1.03041245772325	5.984312981611426	4.404318176045528	7.786746411846881	2.2545980937661025	2.135026972880174	0.8468935234574063	1.3063123481251795	5.084224355401038	1.059166141436901	3.5036418627299413
3.352076658146853	7.466044048154292	5.1038948401493025	0.9899274501417522	5.942407797926249	4.401659344503016	7.876425670193161	2.338371891572455	1.891856974649325	0.6962698969418171	1.1364360323417175	5.2433355243318465	1.408941774777556	3.58029009986281
0.6320172193796199	6.222238838053524	6.13603251863103	0.5458108999564043	5.5822663269575035	4.612034733274618	7.859688615525824	2.3400359605109857	2.18145139422936	0.543569449031197	5.59943269542968	2.428968062937592	3.187367113208916	0.692268787021599
0.8024427637850522	6.364853109779193	6.197326116720111	0.6349157707263284	5.460759126654099	4.5718404140961715	7.4825165325606235	3.7957993062597746	2.401400951810904	0.07699373088592154	6.162680269438206	5.318914248944132	3.225904180433243	1.9995412401007664
0.5703532681714487	6.389567535174385	7.230342427607205	0.27042162426228505	5.017717957852256	4.787495076049699	4.6415475757980795	7.2319765332024994	1.3364469117721425	1.7908937625092232	7.902157906657774	4.292393001969716	3.8456613387566967	0.6077753076739942
4.185588105256369	4.871246825226709	8.374915271106929	0.681919659376734	4.29288265914706	5.269808540927588	2.5873168117288485	7.975454589148933	1.4255424893812312	3.327175921923583	7.565782465472916	2.182544275138805	5.361654573049739	4.242985164914082
4.276761141336182	4.869266513681765	8.305083887999457	0.8409437670185587	4.295417052006083	5.3880954698359655	3.9564701887192095	7.365629203279427	1.3143742037267494	1.0889795525753538	7.529206600337492	2.9099806466075644	5.1879598935849165	3.510865206757082
2.8775888452439076	5.584421793466956	7.82185861657525	0.6401520221356567	4.458995525145664	5.309305088336856	6.481529170847144	4.400071542555059	2.944379879755914	0.14981253538189998	6.994971935431862	3.2636257524644408	3.9067664951411665	2.701614377764686
2.3008135080589978	5.868866717351545	7.570055488866713	0.5996247365433597	4.499522810737468	5.309305088336856	7.518943562406752	3.3791938519018334	2.69495411530497	0.5219074026228625	6.902724652271583	4.141371112931552	3.7034933004335384	1.749946081864986
3.0925828591096844	5.108958390342203	7.632735853748322	0.5688053957030691	4.624833932820824	5.318943348049651	7.3398473793770656	3.677904724862723	2.3988999086581018	0.32956269474273936	7.17984927026855	3.7519196980038556	4.468429263243372	2.158143066169292
4.111700043638724	4.783258169770906	8.176275915574575	0.7186822978350356	4.593199036401684	5.437185353761861	7.321129716616736	4.148396582291732	2.7943825568966862	0.06893542328513116	7.3025858385968645	3.5015868667488266	4.769593622423565	3.016817217045108
4.282816208431399	4.781215998509619	8.304766561447913	0.759265645494003	4.5526156887433835	5.395354367539102	7.311812224216924	4.277255673486581	2.852679292429204	0.27416749789521644	7.326280951940692	3.718078956907424	4.781882591033222	2.9288157727599757
4.737344283196364	4.604899656564092	8.383966032395975	0.9582779073646094	4.471238733192238	5.51298967385908	5.442533405363273	6.289526469986166	1.6171636302988739	1.224254690523706	7.194452529780759	2.8013709241279345	4.907747466370022	4.0065314612557
4.659839418212882	4.688874661139894	8.310564700938096	1.0381493784150664	4.472149903685672	5.552067255949218	5.091688386496867	6.595249304910589	1.344707947022604	1.0835676839977617	7.177951573025534	3.3156519165498004	4.776839543556111	3.457926719465869
1.7153002700907185	6.122395034857817	7.1988728640280994	0.6388224409205052	4.675417543810119	5.356007958579353	7.401367375032256	3.5338870042716297	1.8969781478939105	0.7638512639922402	5.872574828548495	3.896757874287888	2.121223556851069	1.6928502174631241
1.7034455742897436	7.530183951000125	5.986713320588932	0.15997494388009717	5.080069056150184	4.876941181845533	8.154348262790492	2.5790406345304397	2.1431782019404584	1.1426793887408142	4.815113725398989	7.328065276131868	0.2287909657907044	3.334531798652966
1.5914254565241042	7.155825419191379	5.924656654342779	0.36025669167634505	5.159644922616896	4.7562353005151525	8.05864270673539	3.1218375339138236	2.0917038994895565	0.7061592992266815	4.7439846383311375	6.661573087704105	0.255165938706727	2.850802157801619
1.4796028101259278	7.044002772793302	6.005474411047753	0.4410744483809473	5.159644922616896	4.63371248435652	8.05864270673539	3.2444082428271526	2.0427646667877952	0.5871183995482274	5.2719683326491715	6.496183561829672	0.9466489107780978	2.6149415136216203
3.894788086570284	8.14144446022706	5.209892168126639	0.9632357944700716	5.3967393241162345	4.348645539766864	8.10646445354746	3.118657877309799	2.079148127995223	0.9010446779616229	3.7003559819787633	6.787721987506333	0.9765480492886611	3.9335770886099817
3.5125448879466687	7.785420225858205	5.275390130440302	1.0025147925285034	5.4777883487851255	4.390350599220385	8.0540122671627	3.196434841457485	2.1250360572717764	0.7071191285844587	3.5829918297814056	6.680309341452317	0.7481413526691361	3.7606664802424805
3.194595363539211	7.678518026255144	5.445502501575472	0.9615798388592873	5.5639096334844	4.346366887768621	8.148524237533564	3.1977073584275075	2.028487361626499	1.7127440527320308	3.49635320007132	6.6058137992137445	0.6495283540851046	3.5286756513990154
4.240184154838297	8.271553985975197	5.231334926755443	1.1999650956184442	5.762190824392757	4.222786320460902	8.287718899568624	3.1559271801900186	1.847456113997444	1.8601931922056678	3.150060020175028	6.718691374843142	1.353510715947638	3.8673217832954196
1.652991909760836	6.246264686806244	8.018928616541125	0.11967201997304512	5.289619071644979	4.705964339236057	8.191614693736913	3.322152309768049	1.9435603198291491	1.863241019507867	5.761290228636236	5.360747503012327	3.6370188522980937	0.18311489352734345
2.197632045252321	5.88507356211434	7.923005528051259	0.1597000793117771	5.129918992329646	4.784247078097652	8.14365538922472	3.4826928531961445	1.9915196243414197	1.7111796098891998	6.2008152140457335	4.6512936987594955	4.548716741705381	0.6582112962908496
0.2179187830336141	7.1609310891423235	7.07209943343139	0.12908712731996444	5.249796953053699	4.530750311988303	8.529064479355313	3.4422597867928313	1.6551093922219382	2.317889688441595	4.488271921889355	5.7598921863278765	1.446755333233255	1.4517865076806196
1.9725041113379527	7.730253782144787	6.196713556256261	0.43896388544989295	5.442058559856872	4.37016700899157	8.583069661926496	3.359193486472707	1.6563138974181286	2.4246584141156373	4.10711728734629	6.466220874269039	0.42255147945941124	3.194084375793483
3.0840130747687318	8.196548036920861	5.870771472141131	0.7582365099883539	5.5996395951192515	4.208475419714606	8.583069661926496	3.359193486472707	1.7404758646797611	2.537950258018906	4.402008012642774	6.589104491449416	0.07243657842745883	3.753317852733469
