0	1	2	3	4	5	6	7	8	9	10	11	12	13
8.072846114752345	5.886560367931778	8.788850185396925	5.17055629728707	4.720970467882516	2.252850943942125	5.2157376090022245	2.9046030212107574	0.705254847296364	0.13755264833235137	3.898749023244694	4.856632611946927	1.1397080289182508	4.594746723056731
8.617836927526307	5.4693365077237885	8.971773053309802	5.115400381940199	4.998600956534654	2.5609474410577433	5.204880537229759	2.861082744747483	1.1212009919001922	0.13755264833235137	3.6949750523369818	4.988020473305857	1.2470986612684984	5.191389985810018
8.725822310646318	5.422935325266805	8.957133692804517	5.191623943108679	5.053623336418075	2.775263253350111	5.204880537229759	2.818562128253884	1.365160804152521	0.09700339358016231	3.649141840771043	5.091705831015135	1.3015530702614124	5.291941396471389
8.837643711420851	5.211506782329645	8.884991820464723	5.164158673285843	5.211645219771404	3.0360198327030528	5.116760367532422	2.7289658764851312	1.5060697196385888	0.132576272905172	3.64804831407033	5.163041795043145	1.2020948168483943	5.230875956643687
8.837643711420851	5.159019215035364	8.884991820464723	5.111671105991556	5.253890846526192	3.0360198327030528	5.127002308071995	2.7696241187657447	1.5060697196385888	0.09191803062727023	3.5945629210031758	5.163041795043145	1.3038374102139096	5.27902017363419
8.837643711420851	5.258518940700918	9.035410777119663	5.0607518750021425	5.154391120860561	2.9288749606711963	5.0917107945104085	2.7263500341422278	1.5413612331999718	0.09191803062727023	3.5945629210031758	5.163041795043145	1.3038374102139096	5.322945751553287
8.780680926980219	5.217368238060207	9.050500397531879	4.9475487675084056	5.2587269188063	2.9722744094341422	5.1969257004967515	2.7263500341422278	1.4884130855245037	0.09191803062727023	3.60412291977886	5.221530864218113	1.4097292650543904	5.411018546363595
8.780680926980219	5.165351153364999	8.963928460040202	4.982103620304884	5.310744003501384	3.1020576254474124	5.1969257004967515	2.642480513340327	1.4884130855245037	0.1718287047000709	3.60412291977886	5.16858744929211	1.3625064512066893	5.463961961289589
8.780680926980219	5.165351153364999	8.963928460040202	4.982103620304884	5.310744003501384	3.1036243441275957	5.249939125535183	2.68157203694053	1.468610585508742	0.09191803062727023	3.550444201467845	5.16858744929211	1.4161851695176406	5.415797681228793
8.780680926980219	5.215810057125307	8.920755674500693	5.075735309604822	5.302343605797017	3.232902102954789	5.207880619479191	2.6338832291650314	1.5545514092884243	0.014300023563127914	3.496667477675734	5.115570087218502	1.469961893310315	5.376516479981697
8.817036164694382	5.215810057125307	9.007055277192753	5.025790944626941	5.344325528761426	3.1414339139454555	5.201135687749425	2.675407053196542	1.466523377286411	0.02485128878471174	3.498236129151973	5.151925324932631	1.4683932418336396	5.376516479981697
8.817036164694382	5.215810057125307	8.963946649078165	5.068899572741461	5.344325528761426	3.184542542060048	5.201135687749425	2.675407053196542	1.466523377286411	0.02485128878471174	3.498236129151973	5.151925324932631	1.420134317761015	5.336836733643287
8.817036164694382	5.215810057125307	9.007055277192753	5.025790944626941	5.344325528761426	3.0999723522120965	5.201135687749425	2.716868614929939	1.466523377286411	0.02485128878471174	3.4997989935094926	5.164994442119566	1.418571453403148	5.279922630648491
8.817036164694382	5.215810057125307	8.95711091221479	5.075735309604822	5.292168876530582	3.1499167171900844	5.253292339980183	2.716868614929939	1.4996121648459506	0.06395213316861012	3.4997989935094926	5.164994442119566	1.418571453403148	5.279922630648491
8.817036164694382	5.215810057125307	8.95711091221479	5.075735309604822	5.250170233238693	3.1499167171900844	5.295290983272171	2.716868614929939	1.446911494551119	0.1009325963439371	3.447783308775942	5.12511997841325	1.4696338925454173	5.276025776078884
8.870425382368072	5.162420839451447	8.95711091221479	5.075735309604822	5.250170233238693	3.1499167171900844	5.295290983272171	2.716868614929939	1.446911494551119	0.1009325963439371	3.4479668850385576	5.12511997841325	1.3679626045586466	5.276025776078884
8.870425382368072	5.162420839451447	8.95711091221479	5.075735309604822	5.198073361811009	3.106899959594774	5.347387854699831	2.75988537252516	1.446911494551119	0.1009325963439371	3.4479668850385576	5.12511997841325	1.3679626045586466	5.232327990792164
8.870425382368072	5.163979020386485	8.95711091221479	5.07729349053962	5.196515180876187	3.106899959594774	5.259137438426868	2.75988537252516	1.5351619108240524	0.1009325963439371	3.4479668850385576	5.12511997841325	1.3199432717190234	5.232327990792164
8.870425382368072	5.163979020386485	8.95711091221479	5.07729349053962	5.196515180876187	3.065502946407863	5.259137438426868	2.8012823857120153	1.5351619108240524	0.1009325963439371	3.4479668850385576	5.12511997841325	1.3670931309789895	5.232327990792164
8.870425382368072	5.163979020386485	8.907091289379343	5.127313113375127	5.144494728397346	3.1155225692433643	5.311157890905718	2.8012823857120153	1.5351619108240524	0.1009325963439371	3.449518270814982	5.12511997841325	1.3655417452027774	5.1887036040613195
8.870425382368072	5.163979020386485	8.907091289379343	5.127313113375127	5.144494728397346	3.1155225692433643	5.311157890905718	2.8012823857120153	1.5351619108240524	0.1009325963439371	3.449518270814982	5.164994442119566	1.3176027552689082	5.148829140354973
8.932488018310003	5.101916384444418	8.907091289379343	5.127313113375127	5.144494728397346	3.1155225692433643	5.311157890905718	2.8012823857120153	1.5351619108240524	0.1009325963439371	3.3874556348729423	5.164994442119566	1.3176027552689082	5.148829140354973
8.932488018310003	5.101916384444418	8.900146642451034	5.134257760303526	5.144494728397346	3.1224672161717044	5.311157890905718	2.8012823857120153	1.5351619108240524	0.1009325963439371	3.440831735467626	5.164994442119566	1.2642266546748242	5.105278017857466
8.932488018310003	5.0513684882256635	8.900146642451034	5.083709864084743	5.195042624616134	3.079390686276141	5.311157890905718	2.844358915607669	1.5020437481820914	0.1009325963439371	3.440831735467626	5.164994442119566	1.2642266546748242	5.105278017857466
8.986010395039383	5.049957777239803	8.900146642451034	5.1358215298282905	5.1429309588724	3.079390686276141	5.311157890905718	2.844358915607669	1.5020437481820914	0.1009325963439371	3.3354789519899555	5.12511997841325	1.3160570614224978	5.1451524815638106
8.986010395039383	5.049957777239803	8.900146642451034	5.1358215298282905	5.1429309588724	3.079390686276141	5.311157890905718	2.844358915607669	1.5020437481820914	0.1009325963439371	3.3354789519899555	5.12511997841325	1.3160570614224978	5.1451524815638106
8.986010395039383	5.049957777239803	8.900146642451034	5.1358215298282905	5.1429309588724	3.036251915210729	5.311157890905718	2.8874976866728908	1.5020437481820914	0.06395213316861012	3.3354789519899555	5.178021260470876	1.3160570614224978	5.092251199506233
9.08425538253223	4.987993877745577	8.936427730449543	5.1358215298282905	5.1429309588724	3.036251915210729	5.311157890905718	2.8874976866728908	1.5020437481820914	0.06395213316861012	3.2735150524958603	5.2143023484693	1.3160570614224978	5.13580232200374
9.025839489879376	5.0401976520540455	8.878011837796652	5.188025304136725	5.048619253816193	3.036251915210729	5.353265821653393	2.8874976866728908	1.5020437481820914	0.06395213316861012	3.2735150524958603	5.208714185776507	1.3160570614224978	5.082974592043798
9.025839489879376	5.0401976520540455	8.827829965330167	5.238207176603207	5.048619253816193	3.086433787677131	5.353265821653393	2.8874976866728908	1.5020437481820914	0.06395213316861012	3.2735150524958603	5.208714185776507	1.3160570614224978	5.082974592043798
9.025839489879376	5.0401976520540455	8.871044528939747	5.1949926129936275	5.048619253816193	3.0432192240677356	5.353265821653393	2.8874976866728908	1.5020437481820914	0.06395213316861012	3.2735150524958603	5.208714185776507	1.3160570614224978	5.082974592043798
9.079494666878677	4.98820711986069	8.871044528939747	5.196657257799715	5.046954609010336	3.0432192240677356	5.353265821653393	2.8874976866728908	1.5020437481820914	0.06395213316861012	3.2198598754964514	5.208714185776507	1.3160570614224978	5.082974592043798
9.079494666878677	4.98820711986069	8.871044528939747	5.196657257799715	5.046954609010336	3.0432192240677356	5.353265821653393	2.885207343126251	1.5020437481820914	0.06166178961387174	3.2198598754964514	5.208714185776507	1.3168461920962846	5.082974592043798
9.079494666878677	4.98820711986069	8.871044528939747	5.196657257799715	5.046954609010336	3.0432192240677356	5.353265821653393	2.885207343126251	1.5020437481820914	0.06166178961387174	3.2198598754964514	5.208714185776507	1.3168461920962846	5.082974592043798
9.079494666878677	4.98820711986069	8.871044528939747	5.196657257799715	5.046954609010336	3.0432192240677356	5.353265821653393	2.885207343126251	1.5020437481820914	0.06166178961387174	3.2198598754964514	5.155886455816502	1.3168461920962846	5.13580232200374
9.133265945336301	4.934435841403115	8.871044528939747	5.196657257799715	5.046954609010336	3.0846111801956884	5.353265821653393	2.843815386998538	1.4493746817112845	0.06166178961387174	3.114354577394634	5.1957820178846825	1.3685802117402752	5.095906759935483
9.096948259384648	4.88213681052137	8.79151227937848	5.187572790527381	5.099253639892077	3.1278257438051216	5.353265821653393	2.884467380615374	1.4493746817112845	0.10231378323161652	3.0609843219759236	5.159464331933123	1.470842169167623	5.095906759935483
9.11904551227649	4.88213681052137	8.813609532270329	5.187572790527381	5.151290403949484	3.1278257438051216	5.301229057596058	2.884467380615374	1.4493746817112845	0.10231378323161652	3.0075176960105163	5.128639204405544	1.5724881656061522	5.148829140354973
8.998559124594905	4.944134129027849	8.755120463095391	5.187572790527381	5.151290403949484	3.126073762988355	5.301229057596058	2.8862193614318783	1.4493746817112845	0.13929424641273788	3.015951850115428	5.070150135230511	1.675348096721006	5.192453527085898
8.944804464809136	4.997888788813791	8.755120463095391	5.187572790527381	5.151290403949484	3.126073762988355	5.301229057596058	2.8455673678150477	1.4493746817112845	0.09864225279133627	3.0697065099012404	5.110098380117116	1.675348096721006	5.152505282199157
8.944804464809136	4.997888788813791	8.71198158817127	5.230711665451564	5.151290403949484	3.2107270398633743	5.301229057596058	2.8040529658642397	1.4493746817112845	0.09864225279133627	3.121430950997524	5.1501205722058705	1.6720439428358695	5.248089519252872
8.944804464809136	4.997888788813791	8.668918252038681	5.27377500158411	5.151290403949484	3.2537903759959943	5.301229057596058	2.8040529658642397	1.4825220735514397	0.09864225279133627	3.121430950997524	5.190216877845152	1.6720439428358695	5.251845090832081
8.94014438340412	4.944134129027849	8.610503510847941	5.27377500158411	5.151290403949484	3.2537903759959943	5.301229057596058	2.8040529658642397	1.4825220735514397	0.09864225279133627	3.0676762912115736	5.131802136654343	1.6720439428358695	5.295770668751192
8.94014438340412	4.944134129027849	8.610503510847941	5.27377500158411	5.151290403949484	3.2537903759959943	5.301229057596058	2.8040529658642397	1.4825220735514397	0.09864225279133627	3.0676762912115736	5.305585014419911	1.720544307772761	5.262080788599125
8.903641878608942	4.944134129027849	8.5740010060528	5.27377500158411	5.203403750079311	3.2537903759959943	5.249115711466141	2.8040529658642397	1.4825220735514397	0.09864225279133627	3.1194976260035276	5.309497579729869	1.7173035447797638	5.313694147712303
8.935675176329912	5.041889435976543	8.702413902887356	5.275150709419197	5.198275689240582	3.189894657319748	5.102617238835593	2.717697858906182	1.4825220735514397	0.06166178961387174	3.1175448154654837	5.3281496036285905	1.9567774923588304	5.539312509923866
8.931397106648653	4.987901358706307	8.644147755935629	5.275150709419197	5.240240727851365	3.189894657319748	5.060652200224681	2.717697858906182	1.4825220735514397	0.10071222714630114	3.1676855640360255	5.363482569988951	1.9489081128529937	5.582924598277371
8.865146946754862	5.046317745070354	8.685747386667304	5.225717305157833	5.294578343106133	3.1331868545051544	4.86765156824055	2.6746141491665227	1.570826981987806	0.10071222714630114	3.2802632442226876	5.574387345229661	2.286862026974151	5.631418527640542
8.865146946754862	5.04439316731647	8.735530711812057	5.174009402259276	5.296502920859956	3.126424792908594	4.86765156824055	2.6315928856183395	1.6039135573025571	0.10071222714630114	3.332669880756036	5.6976217556806885	2.434090014896415	5.598703603660837
8.911363969401988	5.050367084993436	8.735530711812057	5.226200342583471	5.38037152630618	3.126424792908594	4.731592022470321	2.669903328771534	1.6039135573025571	0.06304217644498628	3.602364449571572	5.863001674521964	2.82730881779169	5.47137106510656
8.929180039300258	4.995940614468925	8.649136986040908	5.275983667728087	5.474541633724895	3.1762081180531956	4.637421915051719	2.669903328771534	1.6039135573025571	0.06304217644498628	3.600634174484645	5.951232670244263	2.980228413752923	5.389810631223299
8.845224260634364	5.110671667703299	8.67741307304655	5.278482855291133	5.4748218823777695	3.126424792908594	4.584859153691048	2.669903328771534	1.6039135573025571	0.06304217644498628	3.8235718581351645	6.181501933883959	3.3921730140593764	5.598030280251003
8.787180842298937	5.163045906714281	8.619369654711146	5.3308570943021545	5.475086805094586	3.1680109758740285	4.5322199919634345	2.628317145806078	1.6039135573025571	0.06304217644498628	3.8772696658824515	6.292875311224707	3.4436646390101786	5.61576187938045
8.546062755548757	5.286096507060587	8.553213882075442	5.278945380533905	5.530005662589308	3.119675201520064	4.426594451916498	2.6269444241527853	1.6568234576161667	0.06304217644498628	4.218326922058259	6.486881511445228	3.9344125154114886	5.9225892127524356
8.425436200163187	5.396698976483921	8.594585864236109	5.227549312411023	5.5350010453315335	3.063378954032764	4.409186017366838	2.5840477911733286	1.6214396970791538	0.06304217644498628	4.335337441723435	6.558442968221813	3.995840015830155	6.034553811258571
8.087428505012669	5.6401390000166804	8.586416746197722	5.14115075883169	5.587869872822307	3.01981484911014	4.356317189876048	2.5412133425165906	1.674050288594036	0.06304217644498628	4.472120028970489	6.909882530815837	4.273349776740675	6.777945979889194
7.903069491995933	5.766790936497617	8.572021128242945	5.097839300250541	5.682294293066879	2.9765033905291425	4.209075085636281	2.5412133425165906	1.7598646145716834	0.06304217644498628	4.599192509626452	7.028820670710492	4.344290386928213	6.906248846384568
7.653799419634223	5.836629457952456	8.384497555795257	5.105931321791394	5.8244775484860485	3.0751645760892026	4.1146886425613145	2.49844099084118	1.7598646145716834	0.06304217644498628	5.05272782500622	7.237123207641317	5.1056249758193335	7.310080877144141
7.447431064109183	5.892842115553753	8.225819241493076	5.114453938169807	5.875335028961857	3.1241943167660517	4.061627944324623	2.496379415512996	1.7598646145716834	0.10369094317046375	5.220376023788186	7.16662745211141	5.129754532053777	7.338223077708404
7.106621601004859	5.911057806064378	8.006380696254626	5.0112987108145735	6.0814639589155135	3.174030724074892	3.9557381506186773	2.496379415512996	1.865258984857481	0.10369094317046375	5.565869485468583	6.916814504645359	5.886002290795078	7.570145983054919
6.44860170400877	6.518630980172186	8.006380696254626	4.96085198792636	5.995968867881898	3.174030724074892	4.091679964540238	2.496379415512996	1.865258984857481	0.10369094317046375	5.831812214340005	6.167757417519134	6.285572098326214	5.983141842062449
6.176060752495008	6.688336919262773	7.949956109447336	4.914441562310464	5.962554244330311	3.2709944925586996	4.1752422563485005	2.415191467105146	1.8653044571544162	0.06304217644498628	5.9904479067680745	6.0429046896610465	6.250136804461477	5.683583328944408
5.9569959470530245	6.806040512885529	7.899881663340485	4.863154796598214	5.790494732142957	3.2782931986220585	4.448662980355247	2.457967207148706	1.8127231276598423	0.06304217644498628	6.095605652333536	5.942850047439798	6.188737408610556	5.517947338307429
5.950855198569236	6.920519432209544	8.007567454544121	4.8638071762347295	5.739767906399504	3.228218752515292	4.448662980355247	2.457967207148706	1.8127231276598423	0.02394421259210606	5.98832539825456	5.689476460157675	5.982773767156348	7.978409925339948
5.835482266167579	7.088191395492856	8.007567454544121	4.916106207116488	5.634489495608687	3.269935204314896	4.501642360264374	2.3756562728536577	1.7796972236569661	0.055798629160953496	6.046460036538411	6.260500293484992	6.404140204141293	7.8651952070993945
5.501203329612434	7.153059149047115	7.72931594325776	4.924946535401779	5.582097866714693	3.226383903706448	4.501642360264374	2.3756562728536577	1.7796972236569661	0.05807624800964289	6.116060320752193	6.638066092290677	6.746553919564835	7.7790474374863825
5.348553840011369	7.205543534248691	7.626675427214852	4.92742194704514	5.529613481513235	3.2191522323174135	4.501642360264374	2.332878970684607	1.7796972236569661	0.05807624800964289	6.173298842682928	6.822467914014921	6.833437290909259	7.507437831218135
5.291329926412428	7.306700576555851	7.619384435370202	4.97864606759808	5.428456439205872	3.1692193105630535	4.449020138655267	2.332878970684607	1.8323194452664675	0.09732867979703619	6.347097438583374	6.447904125171069	4.845648517198689	6.22337808326969
5.259480232121835	7.356147064196084	7.639015531910397	4.976611764407513	5.430490742396476	3.2109996192989003	4.449020138655267	2.291098661948592	1.8323194452664675	0.09732867979703619	6.282830048820756	6.2711647981072085	4.730732028308995	5.500433578951404
5.101745772970361	7.561390207089587	7.7306724181233974	4.932463561936557	5.385957854739271	3.174515885134965	4.543996270333949	2.333877437663639	1.8323194452664675	0.09732867979703619	6.071634573158383	7.126608960073053	5.932347171068387	6.9912463796003985
4.994946525784522	7.67622279562712	7.789241409147279	4.881927912264305	5.341481668380477	3.173514464524698	4.639008106365242	2.33487885827391	1.8323194452664675	0.09732867979703619	6.003400861905052	7.3237514674931745	6.371789478496525	7.280005245301168
4.93919589631878	7.765841649113555	7.858133098663867	4.846904446768443	5.289000623506146	3.1698777095461326	4.6035178804008074	2.251011102882191	1.8678096712306231	0.1366317629168214	5.459138519682116	7.240043646893675	6.0613916102241845	7.8599108364740475
4.858697542949793	7.8664202173284705	7.9660238162498835	4.759093944028241	5.236218747132872	3.1240953201317994	4.69178998273848	2.208982989556082	1.8323194452664675	0.17598555841836874	5.329655170356816	7.143883646615175	6.154308438246877	8.126277393915279
5.887124341968652	6.952736627764099	7.977212346114509	4.8626486236182185	5.166977991892022	3.159050800957995	4.607492716985902	2.124044167326725	1.8323194452664675	0.17598555841836874	7.0951734474816215	7.012115653522274	2.9256245379344987	5.982352599960613
6.185786955909619	6.712046573576069	8.01750282393211	4.880330705553541	5.053265380490402	3.020987829980205	4.565460275474441	2.1646386498220167	1.8323194452664675	0.13539107592513236	6.881551240617747	6.714310948578348	3.0664802149213632	5.751544491804567
5.450945179922649	7.290450941649085	7.999396695057874	4.741999426513774	5.053265380490402	3.009816462981488	4.565460275474441	2.0374787377806136	1.8323194452664675	0.1747956448190333	5.5919066636090795	7.519972827727485	3.528024054452755	4.947415984189775
5.270491107226965	7.442443991074281	7.920693630064663	4.792241468236434	5.097689702474137	3.009816462981488	4.470793911768196	2.0374787377806136	1.8323194452664675	0.1747956448190333	5.0887404726985785	7.433626431595227	3.7156705502720686	5.027647861071385
4.445410843675435	7.970235705376906	7.762003833448885	4.653642715603554	5.1395499576862145	2.913499802663381	4.428933656556114	1.9951966454659575	1.8849300367812296	0.1747956448190333	4.208718512007543	7.490987249788982	3.5379977310084962	4.226323804660057
4.143957030760378	8.132403689851724	7.667238070764377	4.609122649847775	5.192320216397979	2.8689797369077206	4.3761633978442385	1.9951966454659575	1.8849300367812296	0.13783645228440178	4.025633270579967	7.399174110615857	3.4732035824847833	4.182381245668855
4.220595115715309	8.146029999992129	7.707352918893947	4.659272196813422	5.195017987878267	2.911324980516872	4.323316079398075	1.9528514018567997	1.8518727072242065	0.13783645228440178	3.915339236179504	7.412826993295606	2.6014026751370225	2.245101567424713
4.301356856842163	8.099074394229117	7.688328704583571	4.71210254648756	5.14218763820407	2.911324980516872	4.287825853433677	1.9528514018567997	1.9400636034834862	0.13783645228440178	4.042336532934124	6.769439876964494	2.237222873429661	1.9404667409341758
4.398759311927781	8.099074394229117	7.785731159669261	4.71210254648756	5.14218763820407	2.953733470644363	4.287825853433677	1.9104429117291797	1.9400636034834862	0.13783645228440178	3.73198536931176	5.558796049268066	0.6504026398716876	2.346070691324458
4.498984997114982	7.998848709041842	7.785731159669261	4.71210254648756	5.14218763820407	2.953733470644363	4.287825853433677	1.9104429117291797	1.9400636034834862	0.13783645228440178	3.3746700717725555	5.589389691978294	0.6305943215273891	2.322502146155107
4.595883803266834	8.014243780903541	7.8896997095286485	4.720427874641773	5.142189276791229	2.951607812281816	4.23490139645241	1.8679710798517704	1.9400636034834862	0.17729518915322762	2.755547820501972	5.024504869182591	0.29631368774762207	1.5078648501116585
4.725319978558821	7.91362885181275	7.963501830835175	4.675446999536499	5.192328990339322	3.0419007206858177	4.23490139645241	1.782837009890505	1.9400636034834862	0.17729518915322762	2.7769349367116054	4.86816921947011	0.7488136961327235	1.383034335626124
4.775906706944392	7.966197276530962	7.963501830835175	4.778602152640168	5.0891738372357045	3.084563149259147	4.23490139645241	1.7401745813174596	1.9400636034834862	0.17729518915322762	2.3360673367149802	3.837596518668298	1.9408361190595786	0.6926885303470317
4.775906706944392	7.966197276530962	8.008246212057102	4.73385777141815	5.1309022218757105	3.0825449193364443	4.193173011812262	1.6974484300179669	1.9400636034834862	0.17729518915322762	2.145800235792495	3.5949334916636615	1.9975721580192158	0.5640158100957985
4.453635241611611	8.167876273356452	7.9324761008669995	4.689035414101176	5.1309022218757105	3.1232385873446806	4.193173011812262	1.6119324046927732	1.9400636034834862	0.2168048958658218	1.3686785971386581	3.1188657894967657	2.5793775239918535	1.3030608437442923
4.413269946335859	8.167876273356452	7.892110805591197	4.689035414101176	5.172553559020315	3.1232385873446806	4.151521674667799	1.6119324046927732	1.9069748159236912	0.2168048958658218	0.9724900773167271	2.881934370987227	2.5313922376489812	1.4245550909631552
4.453635241611611	8.167876273356452	7.9324761008669995	4.689035414101176	5.119666110836901	3.1232385873446806	4.2044091228511284	1.6119324046927732	1.9069748159236912	0.2168048958658218	0.30344441320056603	1.326503906169126	3.1868348143748038	0.7079747303742312
4.4442156893683515	8.117623213391644	7.922654086546042	4.639184816213905	5.119666110836901	3.073387989457326	4.2044091228511284	1.6119324046927732	1.9069748159236912	0.2168048958658218	0.06972514983806502	0.8584677375905385	3.158934459201434	0.037482175101627886
4.534894696192969	8.064290873273604	7.918138448393557	4.681047121073013	5.069823810656299	3.0754287674764087	4.257219770217359	1.6547222787185147	1.9069748159236912	0.2168048958658218	0.0083595028257759	0.8927282521772245	3.430730176330469	1.0925387150839845
4.575125928895546	8.064290873273604	7.958369681096171	4.681047121073013	5.069823810656299	3.1180911960496154	4.257219770217359	1.6120598501453403	1.9069748159236912	0.2168048958658218	0.06426411031373616	0.8645066291326707	3.6290880138034054	1.251225968204233
4.595883803266834	8.064290873273604	7.984130952820789	4.676043723719674	5.111435342571815	3.113087798696188	4.215608238301758	1.6120598501453403	1.9069748159236912	0.2168048958658218	0.1467521405600828	1.343955432790963	3.47420394502605	1.4575309029049508
4.595883803266834	8.061333175623112	7.939447529538677	4.717769449351296	5.15592801673602	3.157771221978252	4.1740732617882434	1.6120598501453403	1.9069748159236912	0.2168048958658218	0.18757681093448814	1.4330714921002734	3.361110939176875	1.6849675306919447
4.735929183784181	7.903148185846539	7.995551927565166	4.643525442065714	5.261415728572951	3.28431100556519	4.226770539727681	1.5694610490493452	1.9069748159236912	0.2563656336078242	0.33762766715436876	1.306934630718785	3.6839013155873297	1.5585355992789511
4.82398009102059	7.84851405800693	8.05059015622849	4.621903992799054	5.366413849345092	3.3676876770706725	4.226770539727681	1.5694610490493452	1.9069748159236912	0.2563656336078242	0.2726216728473695	2.7085907465338757	3.9185672123952666	0.3904329451846235
4.563379492999187	7.989386376416194	8.001606269386455	4.551159600028816	5.472785025284145	3.4557451119578624	4.279391506622627	1.5696513642259682	1.959765856690722	0.2563656336078242	0.10603387108046998	2.061274953908109	3.664156886380507	2.3137323312454434
4.660926771392112	7.937392041933871	8.055143877906946	4.543174935419061	5.472234626853164	3.49975478183034	4.331936239535694	1.5696513642259682	1.959765856690722	0.2563656336078242	0.03112772939586924	2.2782486081512094	3.971540165142175	1.3467110355554068
4.452942218395368	8.028832184882713	8.055670571862295	4.426103831415763	5.522814591609253	3.5379349661361803	4.384213947214637	1.5698411142523496	2.012349222591336	0.2563656336078242	0.3748747108888586	2.2052049168386776	3.99657964579293	2.462157257398653
4.267212589877177	8.124031658036253	8.01677394357465	4.374470304338775	5.522131622456788	3.5379349661361803	4.436530443444262	1.5698411142523496	2.012349222591336	0.2563656336078242	0.671297878522587	3.3763562243811482	4.195182894939607	3.3993314140763373
3.2175287042011402	8.732488732797835	7.737393071012633	4.212624365986412	5.6755284205562635	3.5817263992519295	4.48877101681288	1.5698411142523496	2.012349222591336	0.2563656336078242	1.1792850217805233	4.423360797535338	3.4827730879541954	3.9481867367804977
3.2175287042011402	8.630205974163097	7.693677047726422	4.1540576306379675	5.7256464502006	3.5828436193412965	4.576452206562525	1.6124399174492745	1.9768327618319887	0.2563656336078242	1.3666181710205698	4.385931712634174	3.4572029279746443	3.597244653725042
2.1354703061986955	9.12655918435301	7.412690943905852	3.8493385466457943	5.832597756361171	3.5828436193412965	4.721727911379433	1.6124399174492745	2.0293248348466553	0.29597746350952436	2.3555253285131594	4.635576567065693	3.1525345752590384	3.5326461952440513
1.8075319222245763	9.20103309510287	7.3103958335473	3.698169183780391	5.838248981626017	3.5828436193412965	4.867246048980153	1.653088684180395	2.0293248348466553	0.25532869677888964	2.5945287436412876	4.715789086523258	3.0461718292463393	3.3902993767121345
2.44347225446708	8.837193104010503	7.3490648179057585	3.9316005405716066	5.978739129798184	3.7546063932711573	4.877137262038903	1.8651386282727653	2.0623841011423836	0.21571686687568128	2.6186714317261686	5.601670986646228	1.8571062116154131	2.624428842297146
2.339909089575249	8.900514315359512	7.371953659109689	3.8684697458251467	6.0170511505702775	3.7071378831254753	4.8861300275932615	2.0281607842748994	2.11481114883544	0.09464967475872096	2.913181411123534	5.702323259212129	1.072473198460396	2.6299654098293255
2.706372345014312	8.799308528702054	7.501966633176986	4.003714240539556	5.9672720323279735	3.750568113766156	4.921633510416637	2.070195930106444	2.079307666012123	0.023564092914649056	2.815314369035099	5.865131441559658	1.1410221892347052	2.7864195893235797
3.497563303548117	8.449314857514683	7.725824356958491	4.221053804104316	5.960377246619547	3.9989855983386664	5.0747901481507105	2.278470183627687	2.078882388255213	0.06431817365534075	4.409375533048214	7.02309158011925	0.5612986956655929	0.22957347339408085
5.431124834354966	6.675654975946341	7.715269311929586	4.391510498371637	6.085383508935347	4.163280482144917	5.283657051562461	2.815933655921832	2.2355023977919073	0.10751164589504075	4.990850786463346	5.901257123108664	0.930823972608984	2.698521983100222
6.010864448255398	6.0460650647396275	7.666532492380643	4.390397020614473	5.941770383050172	4.006035872881692	5.373030725945482	3.0219150847343164	2.1816726182236525	0.18595979396643147	4.7704078432116	5.217335604477844	0.7719351140255919	1.38336543025673
6.612031297385127	5.211837784215909	7.492171219455043	4.331697862146163	6.177167714725692	3.9213661171399363	5.568414741787139	3.5935084730182134	2.3373225482857887	0.10827754096559325	5.437618592316656	4.497690673964076	2.8248469112941894	2.4469973177939672
6.867699074427234	4.989182785866377	7.4061603784054855	4.450721481887998	6.028438818548115	3.930914451256076	5.663947436222732	3.714985433011683	2.493345474582375	0.07003151158850579	5.273587108271497	4.222369355733024	1.0358580014131864	2.237973086114529
8.055121701695096	3.940218977244029	7.238004431245788	4.757336247693252	5.929388526826371	3.7076647992014613	5.623984219730293	4.165788404054222	2.599211590956465	0.03011540999591582	4.266583584031748	5.410488332130364	0.1602548482227715	1.7439186754458542
8.244066790557675	3.685512340192414	7.118249369736781	4.811329761013284	5.917741275932112	3.7482682502992257	5.794763732096229	4.243525762061999	2.5834947027534274	0.12492139576400685	3.727636209977883	5.8789099968686775	3.098927701282564	5.688403284113596
8.467040772608827	2.7884583910896112	6.90271274738055	4.352786416317748	6.075496229638772	4.059668529595889	6.52394337409821	4.319861581542404	2.6361637692245403	0.12875316495086717	2.5518836136701877	5.902637720135543	1.133829382922902	6.049017916066588
8.545891433207299	2.563641116034335	6.827771916207378	4.281760633034185	5.833123126468832	4.248595917342464	6.9552010672306634	4.203578653067843	2.6720964543172396	0.20990019745216407	2.3890756745933563	5.76885841068617	1.6762766749959368	5.703507394349946
8.81946625774581	2.3821732401316225	7.126028822591208	4.075610675286341	5.962855183918157	4.4281151793573486	6.958221319737855	3.8477679185231812	2.8113424954194497	0.4520400632919414	2.079743451877331	4.28512500187873	1.339096287690374	3.998362172170698
8.87046587339048	2.4220197732168924	7.178770044643746	4.113715601963728	6.005334441809449	4.458880336599011	6.8796318916017585	3.774826309761688	2.847452665664086	0.49544767505039566	2.0946083529796433	4.176841321463307	1.0530593409366322	4.034527212217723
8.541598553850733	2.846150626878773	7.606602185438891	3.78114699529061	6.137819192993437	4.662689424443245	6.85449019537044	3.3797616600948883	2.8339909668671512	0.5338934067764735	1.7608651518926601	4.057183637618872	0.2729680934318626	2.0905392810872647
8.37973663276367	3.0839885384107744	7.715592464599463	3.7481327065749213	5.959014575362959	4.83790413508341	6.929286931063323	3.138139457020145	2.909835752435745	0.5723929761445913	1.7192723946351536	4.138265993712398	0.40541775186074924	1.8760676974081727
8.041493271493405	2.7720724594359694	7.192549912603236	3.621015818326207	6.335247254343743	5.458691490395054	7.260790333194276	3.1364708639391328	2.7711759175694883	0.4969691840856362	1.0874023532103014	2.4928158591326373	0.6227221813328152	1.7051401459367457
7.83140446006794	2.60429337213533	6.926529325793837	3.5091685064093556	6.598963252365077	5.657000248003169	7.358963971307132	3.2167569012031514	2.6478046529947945	0.4166831468211006	1.0874361806669839	2.220815372450955	0.37012682079016157	1.8468687467761642
6.525047176847198	3.4312283917692206	6.644967188178968	3.3113083804375414	6.423816693372275	5.379508344321508	7.539826760719858	3.1368715120469717	2.3502967601615	0.4154751422952655	0.18229515286897238	1.0925590550642703	4.245835175338112	1.0159822181590854
5.800499539026255	3.8499134897329785	6.402814072103472	3.2475989566560517	6.502767959299137	5.437699362188384	7.539826760719858	3.093922336325511	2.3502967601615	0.3374246128655274	0.07294088716883665	1.2465912455700516	4.288624927863238	0.41411263189654696
1.0174526402141129	6.664539974058573	4.131637573153528	1.5154497606909223	6.809080907227415	4.337093069990843	8.138307391979469	3.3671730117459755	2.0900230634248316	0.10447788910492613	0.6228273287419199	0.9191745923641462	1.3328122909975988	1.9140222650588001
0.5001007802516616	6.352176325152249	4.622230787648843	1.2298447572520557	6.829492324511541	4.819478364894492	8.45156850278689	2.9328552414946656	2.1082862330122123	0.10617900781175862	0.5460288159369512	0.39848692579939327	1.7132611053933982	1.7446868993687488
0.2323287995734766	6.249712693601452	5.0009631071909055	1.4810783859847305	6.851789820596915	4.867609966218639	8.226168979292547	2.9328552414946656	2.1082862330122123	0.10617900781175862	0.8999563395052107	0.01153838599119568	1.612294031701261	1.5921357536825864
0.23362064011001407	5.822765826512462	4.554501814975704	1.5018846516479714	6.0492958814342135	5.350074132728393	9.290254554124138	2.8226058591560075	2.196475478074412	0.0658498176448164	0.8376489413910879	0.34273996988874716	2.5917049783508275	2.6262575488370947
0.5680185202890523	5.298891690948765	4.5135390046815065	1.3533712065562515	5.8414167543255076	5.505777986079981	9.662823469825065	2.7864796655368695	2.2844301109538634	0.027198252031893966	0.9246434661656536	0.2855173163775807	2.8202642572848178	2.8358775565250647
3.6575766360757394	5.550561876558249	7.081632992862031	2.1265055197719667	4.4611029953256605	6.255825409496907	10.525915457145699	2.994298307748112	0.9490952904677995	2.65141770617315	1.5198734507344693	0.8101227616932559	2.707896889060619	1.476871410700547
4.091455140609445	5.661617758908335	7.477560519553213	2.2755123799645744	4.736282455687822	6.470367157482956	10.448098459328973	2.9604403585197496	1.4109447991880668	1.2925577639985821	2.1430698246815028	0.6444945067653357	3.391858418426038	0.5373663212330931
4.180789474317433	5.917710929350094	7.62055750913791	2.4779428945299258	4.790134496237728	6.685042298586447	10.362997829997866	2.9574004769645055	1.4613234915668007	0.612013311081004	0.07077695470212687	0.6327074513760332	3.5357327758255535	1.1991775068790111
4.0944157785447715	6.012392106009339	7.653190200783177	2.4536176837709145	4.983580159867406	6.811579572632474	10.316338788064915	2.9550983755763967	1.6101575311745095	0.33667421712077505	0.08280467528506813	0.3814134479825286	2.907759735832137	0.9112571191875217
4.067049360605674	6.093688003720829	7.6237496091402495	2.5369877551863462	4.756914121830968	6.794199797490148	10.48325753153957	3.036606486512665	1.847009865913194	0.016503027353601738	0.48732586540931583	0.5059388875514281	3.3129949741777014	1.0975827032448495
4.070664609727529	5.8822516715747835	7.661695897470586	2.291220383831663	5.033312295316686	6.74055322773388	10.439920553263644	3.077546880123991	2.03360040138929	0.05535964476390831	0.5781020359104406	0.46675630605799184	2.7754747966347795	0.08425243259863491
4.203459489075121	5.762078995819781	7.682216440824428	2.283322044070589	5.072011139771207	6.812928329153356	10.430197951888376	3.1161901182215193	2.1868976019802657	0.09400288286166622	0.2310469198534537	1.0094094632356225	2.0563086465299603	0.2972674383912706
3.5379030651196826	5.731558639080292	7.379209101217824	1.8902526029822173	5.38179419935055	6.646190067876536	10.362971198830662	3.2384424510011334	2.3372893666067305	0.1733668090908665	1.4406979272686087	1.235683422825868	0.8252840999072003	0.8909983076321688
3.6342874825742295	5.69216940140283	7.351160729843763	1.9752961541336507	5.383546180167209	6.64978634876343	10.310141800112138	3.2812491331140823	2.4221380925255565	0.2894495394470078	1.4779961330495786	1.0466297220098022	1.38940584341639	0.09958747991518777
3.36702592856146	5.473299755583629	6.970309888687125	1.8700157954579777	5.379554845370514	6.581377757518874	10.201075993775579	3.52739303333915	2.5850110097624297	0.14039065793689892	1.3587870883854318	0.7875967407336065	1.4474086998688969	1.5838379430266076
0.7301418045704197	7.127641141186002	5.200306605017343	1.197192731598639	5.656933918948612	6.229611195464762	10.144331702178462	3.440647029198139	2.5477927929272295	0.2574292653578735	0.13911036345671068	0.580957285528253	0.9212686042881189	0.7706459827238527
2.624851819484088	7.782452600679448	4.993923520265782	0.16367726093059384	6.017785492591981	5.636866703869226	9.915522903986403	3.56810735933688	2.612380071003446	1.335126445864059	0.5248326402158667	0.9480785809473908	0.10329568637950497	0.17846109460677603
2.9511139480959363	7.875625922211868	5.016094094632119	0.0915821205149401	6.052987949669712	5.498347426881569	6.018441415459943	6.546736109537145	1.9292585660510941	1.0386512403440247	0.49972597021527754	0.2915243256211253	0.4306207138250717	1.141066487466289
1.970884768822991	7.360497344777335	5.225504603081009	0.164107972874982	5.8186476101832865	5.5608670836939496	7.2328690856445235	5.520723388922755	0.5990986296509822	0.9688029627166846	1.512209911248713	0.6340339676561121	0.24468623752693233	0.5844021401594942
0.5605326050752857	6.318840302619325	5.290291908205562	0.46801578933752597	5.782793368156323	5.8314218651396335	7.471134285802089	5.086202932632082	0.859859944248977	1.0178321791567002	1.3607445874706432	0.35562691022358195	0.5213714619902301	0.8463142525942842
1.4239942544587882	7.5004888738322135	5.680508081727446	0.3959865376453807	5.744345969954112	5.764226224661551	5.918486618279243	4.9135802231054315	1.605720218282414	1.5131826386266543	2.0769263202479085	0.4299613330058704	0.06066627195612802	0.23721353089581348
0.020958241913017983	7.388123660103581	6.749775521917509	0.6593063800995632	5.7058319038049135	5.989032000966122	5.6960193797124825	6.1413328143920305	1.0393529636797192	0.7530608764193757	1.8098605235244571	1.1361467510433017	0.4036980513656112	0.8251013293545253
4.061698729118574	5.342608936199666	7.475192392572132	1.9291152727459744	5.667251031050016	7.018267887998519	6.4965404402870846	6.120679162157392	1.63268592537333	0.5874121419979931	2.508363071086718	1.244576570085968	2.3840301584959906	1.502587660532449
4.746369083645083	4.843146119529288	7.54164769776583	2.0478675054084623	5.667251031050016	7.056649072674228	7.6869469077579335	5.7550001076575095	3.0317927753990115	1.0205623465900502	1.6360136437986543	1.132756009344155	1.45266842562021	1.4676581087437062
4.927676538922857	4.700486482509711	7.471693176407907	2.1564698450246578	5.669505697323914	7.08650892300368	7.226787427916316	6.751244819227539	0.4175346624109498	0.6612275265361208	1.8971114793817527	1.132756009344155	1.9386335452455705	1.354020265553154
3.5514993557494443	5.711968552303011	7.235110891891475	2.0283570161609243	5.563751446013736	6.849741205946497	8.79395738120634	4.75367581646091	2.5648236153484567	0.3542612273400664	2.7200498871457626	1.3018085147845568	1.9625077468622245	0.9632167998425175
3.091157012694563	6.051079315618998	7.298302883893721	1.8439334444200748	5.518454511717909	6.577086785990726	9.140388522141913	4.254306731309508	2.646736677610365	0.48171840330764143	2.9826692096609877	1.4512833918950994	2.0373791891861353	0.7968712514901124
3.856665204591287	7.712408005809048	5.620258221861854	1.7645154206440763	7.16340141432306	4.85542752781068	9.03106060136732	5.328872678850928	2.225684539388619	0.4867303407666523	0.3861606503310666	2.6078624920263493	0.27122850116941444	2.189879136099633
4.638580748728221	7.909053248449672	5.424947580822948	2.154475081101369	7.288870483005588	4.712947618348984	9.21840262279133	4.945703400240504	1.9123334468085433	0.6621624851731253	0.16187519404257986	2.631403343352685	0.4158229312347762	2.3292832705831876
4.481641080579069	8.113723852213083	5.295485749912457	1.6634029782783881	7.158460440927822	5.07360967909418	9.21840262279133	4.646463183513554	1.9902199581355755	0.7464880300703847	0.04808123082853698	2.5600164680693256	0.7104182780200039	2.4154109150822065
4.002488899583543	8.007747161994006	5.491312571669025	1.486054309258416	7.051396514576239	5.187087921348879	9.204492273636541	5.1153949205075815	2.6819047080365817	0.5225763585052937	0.5996251095250384	2.385503637257056	0.44601139556481934	2.420767894694596
2.9959223833451425	5.549705426582952	7.90362662590479	0.6420011840233714	6.130884235331271	6.3946311353856755	8.193972213416272	6.751153077616163	3.508652684313645	0.052773091773277284	4.146543357174562	2.156970714243287	2.9113856907837623	0.1059198681425985
2.4717818825439397	5.70096862925693	7.565998061817019	0.6067524499837638	6.0524548161529665	6.3217360275875984	6.475370473347248	7.505144987823946	1.4619497876154002	0.2319896268178735	4.51063139281699	0.5417552934353944	2.5146785190619214	1.8593585069154002
2.9782405691697993	7.799830559804605	5.867288361491194	1.0456983708561165	6.612371113277585	5.353487713757841	7.846908041592462	7.280546943069392	1.9684742066039973	0.02633553868749289	2.531627401671802	3.852548454980786	1.4727407009606763	2.6388138325435624
2.812180904682528	7.491341585913707	5.829369413895542	1.150208732664025	6.522758563976786	5.200022344695575	8.45417037948019	6.5990928410634435	2.8419643190656325	0.5309730835625418	5.158144599297624	4.79548386048468	1.1922454882805988	2.6657735513135896
2.2142764284527985	7.510286983977854	6.185268601925009	0.8892580464000708	6.338672477817569	5.276886944800769	8.692891786827316	6.241155821354617	3.0306731446207067	0.6774950354480309	6.4697102753832345	4.924004322553213	1.8078545865204954	2.54305053062811
2.6795991479694794	7.635127981616748	5.910849907708416	0.9553210740617457	6.338672477817569	5.210823917139624	8.74082315515855	6.870050902432093	2.7513233007632514	0.0485999543716194	5.869217624941115	4.780690884624232	1.2176819956643699	2.742358872825377
3.671530426405043	8.034649879808992	5.618470766665615	1.2553513132616017	6.522758563976786	5.0948797640982075	8.74082315515855	7.097500647497754	2.653198998666043	0.14240590276335613	4.879273783006685	4.509609031036571	0.1326800704661747	2.5167338175754495
4.260475540808871	7.923787348894397	5.555038104819072	1.8917262967335686	6.8456548668424215	4.821997631340014	9.059228639201747	6.374936578277015	2.6556254415007796	0.10355243271182135	2.5566463248785105	4.543584089993526	2.4434930899119305	2.8411891604334394
4.6715389494618105	8.187361223882206	5.554648205160414	2.0388259307400283	6.953501223728124	4.782744354219198	9.059228639201747	6.877445341323591	2.6556254415007796	0.31279657506656056	2.2482149812211554	4.597504561439926	2.0362341183271515	2.9347528086593346
4.579517537993628	8.095339812414046	5.476209457132203	1.9603871827118486	6.953501223728124	4.861183102247498	9.059228639201747	6.96838676402679	2.8037255479846612	0.23075849407698515	1.1675778042929847	4.738601769320965	0.11158228669248765	2.9632065135335552
4.517863123217921	8.105521824075552	5.43709165345915	1.8494329526014321	6.924640509968527	4.900300905920406	9.112896771635304	7.013947996553245	2.75656707906525	0.27631972660492443	1.105923389517027	4.64443647427257	0.21464777973808755	2.8690412184853376
4.499985253929103	8.105521824075552	5.454969522747978	1.8494329526014321	6.965240528235723	4.900300905920406	9.266337775436638	5.80479852960012	2.9447628112584665	0.33124091697846886	1.4289093464022224	4.723486372322014	0.2795539041322482	2.930213247245884
4.71470381017626	8.332961581472125	5.494087326421011	1.8758295551250137	6.952519327086376	4.861183102247498	9.363735793768516	4.472959869202165	3.232132953724588	1.0934936404497533	0.834904302592678	5.1027886087270415	0.1807984594928661	3.124512886714839
4.8324395825721975	8.414790834159739	5.494087326421011	1.9117360748335446	6.988425846794775	4.904406749453441	9.461386038510799	4.219157997343962	3.319472681591565	1.1935388014718995	0.01653584316279538	5.343171258399145	0.7928971162323214	3.1312016533068103
3.8248424036722577	8.221309271808328	5.673965376576045	1.2774985084398347	6.669517918523769	5.136232561225253	9.467387604333313	3.7188217787602182	3.1194529359295493	0.8073351031397342	3.2356403745658304	5.602948754682369	0.6363873562900316	3.059066902362972
2.390745616766208	8.062841230047232	6.348335175397895	0.6762395621170291	6.375586884455028	5.362572684116101	9.467387604333313	3.799809568123397	3.1194529359295493	0.8073351031397342	3.9781274003491753	6.441341146358877	0.5414752844416136	2.9623223727380426
3.4873326932534194	8.457286747045213	5.910022966109707	0.9400689123180999	6.486281509312133	5.2094379587721145	9.553313866256048	4.131564041414316	3.01713361855117	1.179492022620324	2.8858192902105446	5.707505565431275	1.362336320620186	2.9643264693143117
4.0814120336848925	8.561376360833995	5.607126238789816	1.1271619116411535	6.59641076869927	5.132474218836481	9.553313866256048	4.256895593075955	3.01713361855117	1.2659014782681657	2.25320784243995	5.280384705647183	2.0644945241060193	2.942623647260403
4.298773191798843	8.56332520007019	5.5908879391284785	1.3263359308572364	6.71835534094106	5.055244771861934	9.602342013928274	4.340731342852856	2.9179410427645927	1.3107641917034423	1.6648475729202719	5.0785586404953404	2.6517174968426116	2.8799832112591512
3.78145534603904	8.356223289228621	5.597141112389704	1.0223731691997837	6.645284891664915	5.286137084242968	9.602342013928274	4.298785283842293	2.968105470878953	1.3077911690343555	3.053608381245171	4.528209942962929	1.76868814442267	2.274311183661849
1.0603302284517964	7.303395779317932	6.217413460697249	0.025652090171023927	6.216589664339875	5.824400463772125	9.524752735004366	3.8814861926112125	3.055254218699199	0.8111166130943588	3.05811920286398	4.652350172176446	0.5913379366895476	1.4901670831776463
0.5809459281406278	7.15222536257206	6.24632514248478	0.3249542919471897	6.0662035165381365	5.973316517747297	9.573862355262596	3.757830150547018	3.0564275841845037	0.6484365304257035	2.9553760828804805	4.54884396545604	0.5022612612935324	1.2980080084140482
1.1395655278024763	7.324925804767507	6.084883783822972	0.10047649314000685	6.179090025748828	5.821383647315388	9.573862355262596	3.798171731385655	3.106769890096098	0.6484365304257035	2.9144948892954026	4.163034029165284	0.8285118072688736	1.4941453785444632
0.8159940571089077	6.393887609470255	6.847168892195548	0.3627127743829146	6.028445034100954	5.932974936908676	9.47570642684979	5.44526918570995	3.003912405694872	0.08791611519389442	3.104557553155071	3.6744518354237785	0.5305087475931157	0.34933607715274
