0	1	2	3	4	5	6	7	8	9	10	11	12	13
8.639168480305687	5.42759752985503	8.987333148683154	5.079432861477576	5.431245863619395	2.9547080803646546	4.485490777133361	2.635851003136988	2.061821709830117	0.12692932505387863	3.609320270088856	4.902111182776584	1.2569947996847404	5.6251177931347565
8.729961600339239	5.268911916320974	8.750597075998307	5.24827644066191	5.294755028996168	3.22707969337497	4.726829723445378	2.6395902669228692	1.9759378502220453	0.2853549409917393	3.5576399187142305	4.939066800965047	1.349668269887445	5.533009386709301
8.895731573765254	4.992111275899214	8.648604345144546	5.239238504519896	5.294578343106133	3.2703278849458126	4.832229406171057	2.6395902669228692	1.8370570365884749	0.3250691384828862	3.3865131290488213	4.933381832124573	1.343575283264903	5.4799498162667115
8.950055936430445	4.885592531233174	8.562334031952334	5.273314435711144	5.3467727251072485	3.3565981981379363	4.832229406171057	2.6805256157374115	1.8039962099140292	0.2841337896687283	3.3321887663839136	4.986367122396298	1.3907898236014595	5.426964525995029
9.10362619099204	4.76893857407545	8.599250329356316	5.273314435711144	5.304841949616374	3.3565981981379363	4.874160181662096	2.6805256157374115	1.7510533312535275	0.2841337896687283	3.215534809226124	5.0232834198003165	1.3907898236014595	5.378948349782793
9.18339494374197	4.704447905922525	8.555411936769609	5.3324309128948615	5.200244201246675	3.363520293320717	4.926563548030558	2.7189800406537015	1.698171626975964	0.2059651672595464	3.0998230812759204	4.986367122396298	1.3412403541166156	5.334868516918122
9.245385018523267	4.642457831141237	8.555411936769609	5.3324309128948615	5.200244201246675	3.320365310133333	4.909075809786753	2.762135023841101	1.715659365220141	0.1266903541968552	3.0388027506106656	4.986367122396298	1.340270610000478	5.334868516918122
9.300110131046411	4.587732718618225	8.555411936769609	5.3324309128948615	5.242192190894421	3.363520293320717	4.867127820138958	2.7189800406537015	1.6628388192971184	0.12408206722673508	2.9319528646595394	4.986367122396298	1.3923953834280791	5.334868516918122
9.337026428450395	4.637999081188476	8.592328234173538	5.3826972754651425	5.244311980535885	3.363520293320717	4.814741667927337	2.7573795245750454	1.629627894274466	0.046176284737981785	2.9319528646595394	5.0232834198003165	1.3923953834280791	5.334868516918122
9.398912871981425	4.576112637657275	8.642347857009035	5.332677652629697	5.286166094589366	3.313500670485327	4.7728875538739315	2.7573795245750454	1.629627894274466	0.006720881418900141	2.8700664211286546	5.0232834198003165	1.4395322717569028	5.334868516918122
9.398912871981425	4.576112637657275	8.642347857009035	5.332677652629697	5.327943712705649	3.314820748348017	4.731109935757585	2.75605944671225	1.629627894274466	0.006720881418900141	2.871127257631351	5.0232834198003165	1.3899774815411563	5.334868516918122
9.398912871981425	4.576112637657275	8.692292221986971	5.282733287651811	5.38037152630618	3.264876383370173	4.67868212215708	2.75605944671225	1.629627894274466	0.04362923964795424	2.871127257631351	5.0232834198003165	1.3899774815411563	5.338865989842215
9.398912871981425	4.576112637657275	8.642347857009035	5.332677652629697	5.432875749650152	3.314820748348017	4.626177898813021	2.75605944671225	1.629627894274466	0.04362923964795424	2.871127257631351	4.983166208941839	1.341563190035475	5.335044444938081
9.398912871981425	4.576112637657275	8.642347857009035	5.332677652629697	5.432875749650152	3.314820748348017	4.626177898813021	2.75605944671225	1.629627894274466	0.046176284737981785	2.871127257631351	4.943123046726491	1.341563190035475	5.375087607153406
9.398912871981425	4.576112637657275	8.642347857009035	5.332677652629697	5.432875749650152	3.314820748348017	4.626177898813021	2.75605944671225	1.629627894274466	0.08568258330036865	2.871127257631351	4.943123046726491	1.341563190035475	5.375087607153406
9.398912871981425	4.52584627508706	8.642347857009035	5.282411290059483	5.483142112220356	3.356592730155013	4.573333368780422	2.7142874649051727	1.6824724243066056	0.08568258330036865	2.8191933783260485	4.943123046726491	1.3934970693404376	5.375087607153406
9.435753642858911	4.52584627508706	8.629169005051082	5.3324309128948615	5.483142112220356	3.3648403711834085	4.573333368780422	2.7944040728770627	1.6824724243066056	0.047337957137880644	2.8191933783260485	4.979963817603964	1.3934970693404376	5.331222348814337
9.435753642858911	4.52584627508706	8.629169005051082	5.3324309128948615	5.441399739562719	3.3648403711834085	4.615075741438188	2.7944040728770627	1.6824724243066056	0.08689521192230562	2.7661064827753754	4.979963817603964	1.4465839648905525	5.331222348814337
9.373867199327929	4.587732718618225	8.629169005051082	5.3324309128948615	5.441399739562719	3.3648403711834085	4.615075741438188	2.7944040728770627	1.6824724243066056	0.08689521192230562	2.8279929263064822	4.979963817603964	1.4465839648905525	5.331222348814337
9.410632644850418	4.587732718618225	8.665934450573587	5.3324309128948615	5.441399739562719	3.3648403711834085	4.615075741438188	2.7944040728770627	1.6824724243066056	0.08689521192230562	2.7761573960123904	4.97675998373334	1.4984194951848488	5.419108557179171
9.472519088381416	4.475488166794188	8.665934450573587	5.282072804601928	5.4917578478556965	3.3648403711834085	4.5622965503523965	2.7944040728770627	1.7352516153922348	0.08689521192230562	2.714270952481461	4.97675998373334	1.4500847387188762	5.419108557179171
9.472519088381416	4.475488166794188	8.665934450573587	5.282072804601928	5.449938820233255	3.3648403711834085	4.604115577975138	2.7944040728770627	1.7352516153922348	0.08689521192230562	2.714270952481461	4.97675998373334	1.4500847387188762	5.419108557179171
9.417779430333198	4.53022782484236	8.665934450573587	5.282072804601928	5.449938820233255	3.3648403711834085	4.604115577975138	2.7944040728770627	1.7352516153922348	0.08689521192230562	2.7690106105294707	4.97675998373334	1.4500847387188762	5.419108557179171
9.417779430333198	4.53022782484236	8.665934450573587	5.282072804601928	5.4917578478556965	3.3648403711834085	4.5622965503523965	2.7944040728770627	1.7352516153922348	0.08689521192230562	2.7690106105294707	4.97675998373334	1.4500847387188762	5.419108557179171
9.417779430333198	4.580585933135422	8.665934450573587	5.3324309128948615	5.441399739562719	3.3648403711834085	4.5622965503523965	2.7944040728770627	1.7352516153922348	0.08689521192230562	2.7690106105294707	4.97675998373334	1.4500847387188762	5.419108557179171
9.417779430333198	4.580585933135422	8.709096081495696	5.289269281972814	5.441399739562719	3.3216787402615067	4.5622965503523965	2.7944040728770627	1.6824628696035704	0.08689521192230562	2.717271129319377	4.97675998373334	1.4535688712999786	5.419108557179171
9.417779430333198	4.580585933135422	8.709096081495696	5.289269281972814	5.441399739562719	3.3216787402615067	4.5622965503523965	2.7944040728770627	1.6824628696035704	0.08689521192230562	2.717271129319377	4.97675998373334	1.4535688712999786	5.419108557179171
9.297347476167761	4.642457831141237	8.650536025336246	5.289269281972814	5.441399739562719	3.3216787402615067	4.5622965503523965	2.7944040728770627	1.6824628696035704	0.047337957137880644	2.7791430273253814	4.918199927573862	1.405392803272363	5.419108557179171
9.297347476167761	4.642457831141237	8.650536025336246	5.289269281972814	5.441399739562719	3.3216787402615067	4.5622965503523965	2.7944040728770627	1.6824628696035704	0.047337957137880644	2.7791430273253814	4.918199927573862	1.4524604856479295	5.419108557179171
9.297347476167761	4.642457831141237	8.650536025336246	5.289269281972814	5.441399739562719	3.3216787402615067	4.5622965503523965	2.7944040728770627	1.6824628696035704	0.04473662219875717	2.7791430273253814	4.971048590722455	1.4524604856479295	5.36625989403059
9.297347476167761	4.642457831141237	8.650536025336246	5.289269281972814	5.441399739562719	3.3216787402615067	4.5622965503523965	2.7944040728770627	1.6297353956110163	0.005284613561722782	2.7791430273253814	4.931132095465669	1.4524604856479295	5.406176389287466
9.297347476167761	4.642457831141237	8.650536025336246	5.289269281972814	5.483142112220356	3.3216787402615067	4.52055417769471	2.7944040728770627	1.6297353956110163	0.034116635122317655	2.725965009078168	4.931132095465669	1.5056385038958005	5.406176389287466
9.297347476167761	4.642457831141237	8.650536025336246	5.289269281972814	5.483142112220356	3.3216787402615067	4.52055417769471	2.7944040728770627	1.6297353956110163	0.034116635122317655	2.725965009078168	4.931132095465669	1.5056385038958005	5.406176389287466
9.297347476167761	4.642457831141237	8.650536025336246	5.289269281972814	5.483142112220356	3.2799694959471326	4.52055417769471	2.8361133171912005	1.6297353956110163	0.07346718426687467	2.725965009078168	4.931132095465669	1.5056385038958005	5.362377903344498
9.297347476167761	4.6927241937115864	8.650536025336246	5.3395356445430115	5.432875749650152	3.2799694959471326	4.52055417769471	2.7951884726865774	1.6297353956110163	0.0718422502445739	2.77770185127198	4.983886336985616	1.4539016617017224	5.3096236618243555
9.217492105824377	4.809306181424954	8.687262642706425	5.3395356445430115	5.432875749650152	3.2799694959471326	4.52055417769471	2.7951884726865774	1.6297353956110163	0.0718422502445739	2.894283838985263	5.020612954355739	1.4539016617017224	5.3096236618243555
9.217492105824377	4.809306181424954	8.644101011784247	5.3826972754651425	5.432875749650152	3.3231311268691717	4.52055417769471	2.7951884726865774	1.6297353956110163	0.0718422502445739	2.894283838985263	4.915030982875766	1.4068339793260172	5.319311727908259
9.217492105824377	4.809306181424954	8.644101011784247	5.3826972754651425	5.432875749650152	3.3231311268691717	4.467840293855454	2.7951884726865774	1.682449279450195	0.0718422502445739	2.894283838985263	4.862129700818215	1.4068339793260172	5.319797094354728
9.276015865378959	4.809306181424954	8.752644394174395	5.332677652629697	5.432875749650152	3.273111504033673	4.467840293855454	2.7951884726865774	1.6630815706613755	0.0718422502445739	2.8410069636099786	4.920653460372757	1.508286922728936	5.367934419934756
9.213922728157348	4.871399318646663	8.752644394174395	5.332677652629697	5.474541633724895	3.273111504033673	4.426174409780828	2.7951884726865774	1.6630815706613755	0.0718422502445739	2.9031001008315664	4.920653460372757	1.461141802198912	5.367934419934756
9.213922728157348	4.923681831354423	8.752644394174395	5.384960165337377	5.422259121017214	3.273111504033673	4.426174409780828	2.7951884726865774	1.6630815706613755	0.11109158283061339	2.9031001008315664	4.920653460372757	1.5093990024977537	5.367934419934756
9.213922728157348	4.923681831354423	8.752644394174395	5.384960165337377	5.422259121017214	3.273111504033673	4.426174409780828	2.7951884726865774	1.6630815706613755	0.11109158283061339	2.9031001008315664	4.920653460372757	1.5093990024977537	5.367934419934756
9.213922728157348	4.923681831354423	8.752644394174395	5.384960165337377	5.422259121017214	3.273111504033673	4.426174409780828	2.7951884726865774	1.6630815706613755	0.11109158283061339	2.9031001008315664	4.960527924079203	1.5093990024977537	5.3280599562284685
9.213922728157348	4.923681831354423	8.795817179713932	5.341787379797902	5.4331739488218345	3.2299387184942683	4.415259581976009	2.7951884726865774	1.6630815706613755	0.11109158283061339	2.9031001008315664	5.000476168965792	1.5577357477793015	5.288111711341662
9.155398968602762	4.97605607036533	8.737293420159288	5.394161618808926	5.380799709811029	3.2299387184942683	4.415259581976009	2.7951884726865774	1.6630815706613755	0.07422090327280242	2.9031001008315664	4.941952409411194	1.6061521659072613	5.331963588560209
9.2099755738403	4.921479465127951	8.787248791609844	5.344206247358164	5.422447643366996	3.2230087674927486	4.373611648420258	2.752163052237491	1.6963189909956689	0.07422090327280242	2.8485234955941103	5.11524762305704	1.6546483847144333	5.202593952833378
9.264670742262885	4.866784296705381	8.744064999597697	5.387390039370455	5.464019176507513	3.2661925595049914	4.279391506622627	2.7112929142138524	1.7489675996527598	0.033350765247722174	2.8456587339198505	5.1555134299582175	1.651394125247863	5.20632755874371
9.264670742262885	4.866784296705381	8.744064999597697	5.387390039370455	5.464019176507513	3.309155427671368	4.279391506622627	2.66833004604759	1.7489675996527598	0.033350765247722174	2.948346530998387	5.289262223897674	1.7438127565811319	5.297426359475584
9.20242833275477	4.876652467202363	8.70095637148315	5.378124428474105	5.516393415518279	3.3522640557859327	4.279391506622627	2.66833004604759	1.7489675996527598	0.033350765247722174	3.11511772203055	5.329772581510571	1.7373200797838735	5.345743814432311
9.143979476114215	4.876652467202363	8.69236576288083	5.328266180435851	5.4748218823777695	3.3024058077477023	4.268379673862741	2.66833004604759	1.8015509655531237	0.005895407305788113	3.2726438842118943	5.528042534683572	2.0222672338384307	5.360477195604599
9.143979476114215	4.926823488452305	8.699093529748948	5.371709434817632	5.424650861128053	3.3802932390515337	4.268379673862741	2.583714847875433	1.78220921973145	0.005895407305788113	3.325348812332979	5.704240131894181	2.1661548975825915	5.322175947503997
9.019728243345215	4.934401626955776	8.582420435483446	5.371709434817632	5.518843361163377	3.3802932390515337	4.226770539727681	2.583714847875433	1.8873629331883433	0.005895407305788113	3.384542618295497	5.8475249479855345	2.5715797854454485	5.516253117906221
9.05648772045285	4.934401626955776	8.6191799125911	5.371709434817632	5.560320388377622	3.3802932390515337	4.237942121170522	2.583714847875433	1.940176514329791	0.04519208438424007	3.4376406535825397	6.0206284732126845	2.72241985178289	5.563664129766847
8.873186284839617	5.009343282426438	8.560991153698337	5.321538413567726	5.621711660352739	3.3385784448680527	4.226721870445203	2.6254296420589447	1.940176514329791	0.04519208438424007	3.829740118797724	6.172243296206968	3.028436387492303	5.487332264844036
8.81507213912142	5.009343282426438	8.5028770079801	5.321538413567726	5.621711660352739	3.3385784448680527	4.226721870445203	2.6254296420589447	1.992998898851007	0.04519208438424007	3.9380495918887903	6.156323392031408	3.082577338938542	5.395009255667894
8.631440239055788	5.13493562587229	8.444837451360423	5.321538413567726	5.674485326107305	3.381416472807985	4.121299596033601	2.5825916141189564	2.0456475075082103	0.08453932647177179	4.118567859662476	6.395843906366703	3.4099617175742747	5.709462989094257
8.568463707705224	5.145629644515164	8.487893009637064	5.226200342583471	5.779617968859125	3.3383609145313664	4.068449465989423	2.5825916141189564	2.098530772480631	0.12393719403691533	4.181855018056961	6.524557924812187	3.4694047150253304	5.772356644698596
8.331695294711995	5.2610091859488275	8.357352012812106	5.235352467848784	5.780262126660775	3.295230527089121	4.0155227954800115	2.5825916141189564	2.065530988446877	0.12393719403691533	4.575796451518163	6.750998164158285	4.1327720686787455	6.800935808500337
7.9609307616779725	5.547054644590803	8.34106534893797	5.166920057330797	5.876006205090285	3.207447038763391	3.8149383588785994	2.497102333754962	2.065530988446877	0.12393719403691533	4.875079119576558	7.029112976733209	5.33000524877445	7.525536384619643
7.748097604311478	5.717563971740931	8.289690095813663	5.175971480238807	5.971180922772066	3.1639403085891913	3.6672054881149156	2.497102333754962	2.098530772480631	0.12393719403691533	5.051966479708045	6.970108120563556	5.245687958981664	7.6525249910945785
7.339057709567242	5.846565329767183	8.062209712177712	5.123413327156676	5.970468229998947	3.1639403085891913	3.6678929680694203	2.497102333754962	2.151114138381146	0.1633857475289674	5.464342969496601	6.868933543712743	6.175280631673119	8.301254570896186
7.209572450021652	5.90079561535186	7.98695473821662	5.123413327156676	5.970468229998947	3.1639403085891913	3.6678929680694203	2.456286834099887	2.151114138381146	0.16734710437429784	5.633330124270212	6.649496194313492	6.196594321102518	8.080247214355484
6.704761444185097	6.203929255862835	7.835532366939345	5.0731583331084735	5.9794751658554555	3.1639403085891913	3.7091410262613684	2.456286834099887	2.151114138381146	0.20684993388273526	5.880928786215563	6.543745322266455	5.700662675677657	8.77388506223487
6.613026198435608	6.207270464631024	7.7974855339166895	5.022811129150078	5.98849756608211	3.205659789555865	3.7504658299932583	2.414567353133347	2.151114138381146	0.2095056941010572	5.878526537103616	6.487665883023343	5.78260329593154	8.534172106941327
6.457330309689508	6.324842627177753	7.759361807717126	5.022811129150078	5.947095845538578	3.205659789555865	3.7918675505367143	2.414567353133347	2.151114138381146	0.24911396595103863	5.997803525272074	6.495268884492562	5.780898470309837	8.766717684702428
6.138548083877404	6.643624852989776	7.809132834752763	4.973040102114456	5.947095845538578	3.155888762520198	3.7918675505367143	2.414567353133347	2.151114138381146	0.24911396595103863	6.091907905397792	6.919072452668218	6.685326383700114	8.839906555064847
6.02720091604957	6.760409086736698	7.91063631735038	4.876973685435971	5.9463166039035285	3.1549490401069393	3.8451206852832476	2.3719145519796747	2.151114138381146	0.24911396595103863	6.261166032256506	6.913751038967453	6.958701055464582	9.80469182178599
5.854455421901586	6.812882979848387	7.737890823202336	4.929447578547641	5.852344430369999	3.1549490401069393	3.8866189657051238	2.410215069358658	2.151114138381146	0.21081344857119452	6.434350984491984	6.6480826555040915	4.951970113264645	8.015244542315799
5.669383041863413	6.824390755950912	7.607994501143201	4.885779296671252	5.757554319628967	3.1530637291529526	3.981409076446142	2.3684320984360103	2.151114138381146	0.17120517672165506	6.38759348980105	6.428190109390157	4.986797518227676	7.656517822129853
5.4869167550073925	6.927255130725645	7.5802306611391	4.833941224593975	5.759677199135363	3.1451937193914277	3.981409076446142	2.3265869156268333	2.065201274855784	0.13164792194294395	6.438596989149252	6.5886593143379315	7.093957651921237	7.348217707499973
5.356805353768533	6.97957282944724	7.502436958621902	4.833941224593975	5.706539832707119	3.1451937193914277	4.034546442874603	2.3265869156268333	2.065201274855784	0.05268622011938046	6.492314672709414	6.202770943411537	7.41844645502371	7.5962003517811345
5.19377161865528	7.239414238808588	7.593273627280075	4.839912230183852	5.664848888316113	3.192384703131282	4.076237387265565	2.285366937477134	2.065201274855784	0.05268622011938046	6.348534816871575	6.33154121366538	6.5866140623611065	7.169057644535659
5.136633631337366	7.407487370435363	7.651738688123999	4.892382313648884	5.612378804851228	3.2344161622890346	4.076237387265565	2.2841475053521805	2.065201274855784	0.011874193039863572	6.348158257627269	6.464174236158236	6.41426246423643	6.919950308122267
5.009591458514674	7.61272230196509	7.905670187154129	4.71664357332567	5.612378804851228	3.058049626211679	4.076237387265565	2.284775301106504	2.065201274855784	0.05132959634764673	5.910823514174005	5.070214558808437	6.993002041335952	3.223852615001702
4.992280420707434	7.780276133653959	8.047476607540748	4.725079946820656	5.5598165114891005	3.056079781707048	4.076237387265565	2.242619225743846	2.065201274855784	0.014373737441098064	5.851091915805588	4.813980919589875	7.182410363621517	3.568159586492308
5.091221625912859	7.627984705216537	7.979707544807555	4.739498786321631	5.498606261417595	3.052539982823054	4.034546442874603	2.1576766696663348	2.065201274855784	0.05132959634764673	5.938984423255406	6.807100169150163	6.624548966190757	7.0971893576399605
5.210447765737655	7.502662588138827	7.9706591890447	4.7424511648319125	5.445863579502882	3.0027496794185535	4.034546442874603	2.1576766696663348	2.065201274855784	0.05132959634764673	5.879524706237924	7.022261127023377	6.535996911968055	7.104660926165516
5.526549553973987	7.197412956008344	7.975727458314047	4.748235051668403	5.395714032537026	3.0430125727507265	4.034546442874603	2.0730481162052166	2.065201274855784	0.09083589491520394	5.89029129889468	7.439582702796894	5.4628247863913755	5.062043825608027
5.510619146210374	7.1873363655585365	7.9910636804235855	4.70689183134532	5.342883682862873	2.9912479627810646	4.034546442874603	2.0715057390470077	2.065201274855784	0.08952656681988919	6.076482646251502	7.345948060121756	5.0617929908704875	5.4138368651077275
4.781770808691535	7.61029484808983	7.63225100704192	4.759814649739515	5.384692919865125	3.0763824120333108	3.9398143874780147	1.9863712897946744	2.065201274855784	0.08952656681988919	5.282154371539633	7.72004725298032	3.822047550442841	4.566874758817653
4.508622700165337	7.762349855354876	7.511157905780631	4.759814649739515	5.384692919865125	3.1615172372133995	3.9398143874780147	1.9012364646144002	2.065201274855784	0.08952656681988919	5.555839838002599	7.757891869957911	2.9315880534504744	4.696135246718416
4.646777950376358	7.7769619329250235	7.655438432099488	4.768301451201934	5.331677480309591	3.116988599120147	3.9398143874780147	1.9012364646144002	2.065201274855784	0.08952656681988919	4.009028217645118	6.453152003591591	3.14331704325595	4.861062940540457
4.727357251731888	7.7769619329250235	7.736017733455015	4.768301451201934	5.331677480309591	3.159587683845691	3.9398143874780147	1.8995585863959226	2.065201274855784	0.048605360318353434	3.112861576660065	5.845919905469302	1.0595630176917399	4.261266336040362
4.778129420129986	7.72618976452693	7.736017733455015	4.768301451201934	5.373195060887963	3.159587683845691	3.8982968068998587	1.8995585863959226	2.065201274855784	0.048605360318353434	2.6084860011231816	5.565041862074833	1.2168715148083662	4.207040283839678
4.778129420129986	7.72618976452693	7.6862783802193695	4.818040804437562	5.384872902082439	3.2519894660771	3.8866189657051238	1.8568961574002165	2.065201274855784	0.048605360318353434	2.536572386843412	5.565041862074833	1.6225509428773508	4.14085244873549
4.554187052581307	7.72618976452693	7.506933502910907	4.773443314197354	5.426371182504373	3.250117843084355	3.8451206852832476	1.7732490836457344	2.1181143543473473	0.08952656681988919	2.6488417661820542	5.071196554319357	0.6806213148179162	2.7930813607959464
4.469207188177737	7.789180903042374	7.48494477702284	4.773443314197354	5.426371182504373	3.2929072425614625	3.8451206852832476	1.7304596841686304	2.1181143543473473	0.08952656681988919	2.778989202957511	5.325834610693375	0.40256819050041676	2.001210724282813
4.52899604135518	7.68324264509247	7.594481450210254	4.617757236237404	5.573730707693789	3.243159422551377	3.8036994180435983	1.7304596841686304	2.1181143543473473	0.08952656681988919	1.809513556346839	4.604548082243791	0.11158567118969735	0.8915581522258232
4.437340399384753	7.7339905573734065	7.553573720520584	4.617757236237404	5.61507513275933	3.286012448233527	3.7623549929781372	1.6876066584865401	2.1181143543473473	0.08952656681988919	1.7194113545659662	4.677824945260807	0.2276458402862757	0.47076268853600683
4.478248129074313	7.7339905573734065	7.594481450210254	4.617757236237404	5.561937837469691	3.286012448233527	3.8154922882677647	1.6876066584865401	2.1181143543473473	0.08952656681988919	1.5885202969785677	2.6189650956924364	1.6090513232414583	0.7742253531724878
4.5598077723183685	7.7339905573734065	7.676041093454256	4.617757236237404	5.561937837469691	3.3285468645359737	3.8154922882677647	1.6450722421842978	2.1181143543473473	0.08952656681988919	1.5885202969785677	2.3908939075204776	1.7836118531884344	1.256258102524621
4.50917137786793	7.834679203070814	7.725711447219302	4.618139133719611	5.470521710517799	3.2788765107709543	3.8568561639724255	1.6859934486911243	2.1181143543473473	0.009048105446181348	0.6449825468618005	2.129322334216	1.7081822249664673	0.5782447374931986
4.458646212902596	7.885204368036142	7.725711447219302	4.618139133719611	5.470521710517799	3.2788765107709543	3.8568561639724255	1.6859934486911243	2.1181143543473473	0.009048105446181348	0.4634354931003482	2.0154017020026576	1.5882882614188785	0.5138127846569144
4.288698625571181	8.033255083750634	7.7066748527190185	4.615278856602693	5.420302008876475	3.2788765107709543	3.9099361427304693	1.6859934486911243	2.1181143543473473	0.009048105446181348	0.2842723874795558	2.420388526176431	1.4808707125476548	0.10421831961191691
4.129037847427213	8.133311525331619	7.65204106085199	4.61030831190684	5.461685165102638	3.316376758291306	3.8685529865046653	1.643522656474421	2.0982308734087307	0.030458193017831314	0.1441597455957748	2.474608610614652	1.2407016290849189	0.19977579400178236
3.9665682550913255	8.243052838028902	7.65204106085199	4.557580032268322	5.5144134447410496	3.3587840225035257	3.8685529865046653	1.6011153922623642	2.151114138381146	0.06991359628523518	0.11160461437452801	2.328915941564694	1.9328876758705453	0.786039498951652
3.9665682550913255	8.190416366874357	7.65204106085199	4.504943561113696	5.567049915895641	3.3587840225035257	3.8685529865046653	1.6011153922623642	2.151114138381146	0.06991359628523518	0.07069993426731958	2.313853659946801	2.248144535382025	1.238060700474753
3.899219380691217	8.286404616339585	7.738179489004695	4.447444508025949	5.5666105536527875	3.310978459918211	3.9215371623739492	1.6439667153863209	2.151114138381146	0.06991359628523518	0.27326873640596056	2.4915290133090857	2.9189171247238423	1.9904748724377421
3.7681155629577225	8.346100170897632	7.7192245329750495	4.394991200880268	5.5776615935926515	3.268570534922634	3.9629394295795444	1.6863746403819497	2.151114138381146	0.08821363215999627	0.2534826848279785	2.4725740572795725	3.1977574131946183	2.0892461081164626
3.3889572047050027	8.627866884398369	7.689768756861069	4.327055332242587	5.681547317406036	3.3998549856034765	3.9633479441601724	1.6439667153863209	2.203632294310088	0.20734515827148167	0.6280275980938113	3.73246764663822	2.974146257755474	3.4325118722404886
3.1563236245965856	8.664040389224558	7.649302963319617	4.171061050501698	5.731917803348518	3.3998549856034765	4.104514283632426	1.6439667153863209	2.2210339111134063	0.20734515827148167	0.8776881884627495	4.002842506624909	2.704250580335021	3.7924606308263233
2.5333895619619398	8.925754771554312	7.4576965757572085	4.001447757759088	5.884783113920481	3.445637264371345	4.209832528466676	1.686754699282386	2.2210339111134063	0.20734515827148167	1.9990377400423731	4.056848858988684	0.15820436226934048	3.708277934583623
1.7006266249927648	9.130809393845613	7.136296016552236	3.6951400022862066	6.089156408808291	3.3962475366993368	4.262377261379882	1.686754699282386	2.2210339111134063	0.21022768507869136	2.223111286253964	4.095699145996301	0.6964224102045815	3.947550517026073
1.1532308302479888	9.279462218560475	7.103573672690033	3.329119376118306	6.43859823976778	3.4418050776919067	4.367238334959264	1.7294794366613253	2.2210339111134063	0.17041087590223525	2.6293080890148897	4.42655940215117	0.7248433612300471	3.8595445469916037
1.3445127745598267	9.240396523628913	7.117684113123286	3.4672251850654474	6.336154673618503	3.487122233139119	4.419554831188895	1.7721410202410326	2.2210339111134063	0.17041087590223525	2.5924269270631397	4.618071547404395	0.7924999924234077	3.6859958612613095
2.4642144125361343	8.865605523203001	7.448172110944438	3.8816478247946	6.434033703056444	3.8816478247946944	4.507272922850276	1.9421576711213209	2.21846530502283	0.16758347037157653	2.39333522029998	5.4602194927245264	1.0378838797004895	3.2303499167692826
2.8071934711627162	8.708656267672678	7.598328985866899	3.917520752968556	6.483899468980441	3.8827547052395737	4.507272922850276	2.0267894847743495	2.21846530502283	0.20734515827148167	2.2200300428515596	5.760982744414049	1.177181572803487	3.1742621750218905
3.337908938146877	8.280486229526796	7.495201512827719	4.123193654846	6.515084787910863	4.03376692804968	4.673825221057448	2.2791877809791825	2.185556392820771	0.20734515827148167	3.798353612095848	6.578034080234864	0.8838690290307771	1.6324520276778591
2.985319415340699	8.146320713616387	7.055909630807699	4.075730498149487	6.454800459626463	3.811587132637936	4.579339711788144	2.442107067250377	2.1316439077584635	0.20892294612693138	3.6561257364048543	6.165904185000272	0.2977559431142474	0.5162854715292989
4.417469177731446	7.081573213372478	7.219308933597288	4.279733457506553	6.285517114593948	4.0606943431154825	4.937949521561318	2.690807372884286	2.1502716927092576	0.20892294612693138	4.548168299379091	6.3973652795249905	0.24043835857274176	1.8682739731414417
5.348281993824443	6.412910415713876	7.489102103859019	4.272090305679343	6.3758513258709835	3.9371425721790034	4.844145018050436	2.8553876172825445	2.202413610232088	0.12652845937066162	4.1659108725931135	5.430023355682787	0.11394049925798223	3.744721581483458
6.314110298847519	5.499542560780458	7.425478704274453	4.3881741553536715	6.103585567888807	3.958915422457553	5.396309681134905	3.3883759088981287	2.4112423004131447	0.12097539535500006	5.913820835190486	3.9981590626995094	1.1194491812733351	1.269367951006887
6.622768606639633	5.243412135422215	7.534546065602168	4.33163467645962	6.049291290693634	3.8447116396465204	5.56033051601866	3.591447803950548	2.4997753861245644	0.12097539535500006	5.5296470413132415	3.7498204903575316	2.762201484296108	1.4979457527644269
7.5787860720050455	4.415402693286551	7.312020452752431	4.682168312539332	5.755849500353908	3.694156063457597	6.005411128303255	4.205889707712084	2.4997753861245644	0.19605392775072675	4.679621485929173	4.0586141822025485	0.8019681566375918	1.5464371976989746
7.859079292356236	4.106449359539387	7.252655642448196	4.712873009447373	5.706677726219694	3.7012675629714367	6.116726467570978	4.289031281297452	2.5355211702238196	0.15525122522446316	3.949140986142675	4.680004443872318	1.3217573588966693	3.5326085405407746
8.066142219321375	3.8607719942398133	7.2623936254587	4.664520588102376	5.506253906899491	3.863031756200892	6.5503474341973185	4.282132927098225	2.5874539699039696	0.19766720207027325	2.954609913380034	4.97848193674405	2.2149685000495585	5.320619305186343
8.0184598423637	3.7892286553043877	7.257826989410652	4.549861508257547	5.546160296612458	3.9413874945169507	6.7067443551323365	4.239564270212881	2.6762024292126476	0.23991469338735044	2.9610407780644525	5.274060135528109	2.4164007216771153	5.2315820763485394
8.099353280446323	3.0418315358784715	7.1158459038040185	4.025338912520814	6.179602012273163	4.152278365319983	6.774041015582919	4.206567520599651	2.8000098415841648	0.3252368528477256	2.8175730121467635	4.376538380344425	2.063056684320617	5.372281718041496
8.182847558827312	2.993792221908352	7.171610914972518	4.005028865763128	6.219925401061041	4.381552015517633	6.781215961026323	4.013414970198213	2.8549047968428196	0.4437083759509261	2.7161302528656095	4.487471766498671	1.966565686677769	5.367860249078293
8.047585150443515	3.1524109060935053	7.347445780714131	3.852550275823094	6.093253632650961	4.900326893567095	7.030103493400901	3.5367327293303843	2.8411655810494905	0.3674022244314034	2.239524564218846	3.849476977411813	0.8832628382784	2.9019531132577754
8.010544667859381	3.33821282315339	7.338850741917806	4.0099067490949984	5.9725856505711965	5.171255152169459	6.9527055277843495	3.220705194907497	2.9137837671504934	0.4075018537661251	2.441449365777442	3.748436865337652	0.7763522722709291	2.8631541851254236
7.753888348274489	2.651772557269964	6.8298934608541995	3.575767444690075	6.932044343049964	5.924454720962098	7.015261155320259	3.1323981546826887	2.8444303808346376	0.3274877605337063	1.112594651571498	1.857315426907417	2.1650102113669663	2.1641582687588645
7.7484778799508565	2.720226457721933	6.756135958749076	3.712568378923672	6.929226051039927	6.107388737789142	7.2972923695057	3.2114085646646937	2.388501370349444	0.24960557160923147	1.0914770954989141	1.6475505251457654	2.03508850509993	2.493969927757577
2.5908499005932564	5.372542663883179	4.927006609975857	3.036385954500442	7.134732242120368	5.411787493196458	7.212997330557803	3.261314719248141	2.1455390609356426	0.1334018567403593	0.29674304502255244	0.9577663642669896	2.761355932516807	0.3773009093169983
0.7724000753179432	6.03605439996253	4.598671399879527	2.2097830754009595	7.095457877457896	4.627035232745204	7.212997330557803	3.180189735937676	2.164391868664959	0.02291196247842661	0.6904996695644537	0.25095282881552494	2.267332509978449	0.3977587439268703
0.404965521667688	6.647503534660004	4.688194117451821	1.5543438955406144	7.300145029316004	4.893366921898033	7.805560998663688	3.019425106043585	2.0233751054508735	0.13961837103496116	0.6426051129600867	0.17282968011357835	1.4980486330350118	1.26233892231284
0.3284356805298457	6.120179546924052	4.970964075696833	1.4776511517571487	7.063108547161746	5.114981439320432	8.265869426756076	2.980634371620417	2.025966138732321	0.10076648857823339	0.7823361521134522	0.0736899759542525	1.2457305913718284	0.7506763660172447
0.1739668938525553	5.913887741846102	4.738494443815273	1.3493601918833784	6.970436400358962	5.033438545466384	8.448538004286318	3.023882736328458	1.9213838039124431	0.3331264411757819	1.1001009117626834	0.34054982486301144	1.5215653225431023	0.9414311991626941
1.1617867306712573	6.2239486922591505	4.4298259817830195	0.6323359798054704	6.201490278230248	4.917282167157897	9.69148497902726	3.033516503820139	1.9786365196161515	0.29096781231178503	0.07324187855155058	0.17332903012652756	1.5456800618248945	2.294983759096214
0.32973833797245444	5.836609942468593	4.648088136790647	0.8587834677071439	5.347747413731316	5.1080356618442595	10.300212339471532	3.0401991778384163	2.192614264619834	0.17854948890821862	0.2962265506729749	0.31325555274479294	1.2790862250394204	2.5002693459828382
2.2655071749903963	5.5827034657239345	6.562201039298908	1.2860096014149431	5.442337316230914	5.758151572713746	10.296057981112826	2.9579215281878377	2.3152888585608618	0.21718734592642078	0.5450244709271247	0.2948146137234914	2.8244322267252695	1.3993180425767187
2.9132797246383597	5.575500459198194	6.945927824809008	1.542852359027428	5.412434257072881	5.9865170035437565	10.191270347248832	2.955656246114365	2.434662628104941	0.062217040220768745	0.8428084913735685	0.04907084867667582	2.834661527738502	0.8865081347572653
4.308118343671186	5.659746265522672	7.791260140495467	2.1766044686982915	4.925183862754525	6.680429165292013	10.490273789549585	2.957052264434738	2.641758049606809	0.739208699875167	0.9151715174219641	0.5002196352905761	2.5226255422667228	0.002060648447419082
4.199066434970234	5.867092387339795	7.618887110772665	2.447271711537401	4.873857756976814	7.111472333637131	10.542949793537652	2.997298457220871	2.7747612665019163	1.2297466397673111	0.033911945191407604	0.4218685635021385	2.7566459769472917	0.6619493605279194
4.277535463999784	5.921810624596261	7.57847759086311	2.620868497733194	4.63252657347843	7.251189361040395	10.486660710015194	4.903169964317608	2.3094856236246106	1.322251391336522	0.34238636184340315	1.0012267008176037	3.429630262319811	0.7491853321499832
4.104771345350217	5.752189861868331	7.341749313649138	2.5152118935694583	4.577941470844235	7.255507993598253	3.5397556194655064	7.89843592565217	2.364091208399273	0.9518840041125326	1.1117456202128841	0.8719293284761778	2.361292897349334	0.45351912595737426
4.215247621735708	5.570456294789794	7.261602517646078	2.5241013988795356	4.659088864556798	7.263175450910273	5.647787613603209	6.965190670131299	1.9869541076993	1.0094302481677098	0.2105608379995774	1.0587006275182966	2.133448147013129	0.7827883299338838
4.42165888208378	5.432662483823707	7.3868050267826	2.467516339124798	4.9019743654877	7.2003746703408344	8.330060161553174	6.085650058898888	0.06737708841099496	1.0682279115423572	0.6252222545111772	1.0470195602371835	2.1711239389319994	0.05328791936846017
4.4164520311211275	5.454671158761316	7.407727924005163	2.4633952658771125	5.065212169507106	7.154119111435236	9.676530708304103	3.9586765292078216	1.5207349922985693	0.38264109071505636	0.21793181091706665	0.9952605321529614	1.7072743606234666	0.2208886059595298
3.497096236656717	5.484002278195536	6.957644976358256	2.0234535384938086	5.346839830095276	6.78567302940679	9.751601817120132	3.4992126402617805	2.273716379176226	0.4665599116515368	1.4619168732951773	0.7526099236801722	1.7250800175857346	1.5542916141209073
3.497096236656717	5.444592593236798	7.029943923001633	1.9117449068916912	5.429515799581033	6.7161012490111505	9.758646783312836	3.414174386543978	2.525647370299874	0.6144951903376271	1.35790438395416	1.4250359154140597	1.936983778422964	2.249525949813626
2.1918555653194933	7.2032453776020775	5.064210295615448	0.05282048332568678	6.279684859023032	5.682772682403541	9.957953219844514	3.3664090268010756	2.2630054986299144	0.7264688215324887	0.1314637516338646	0.3866095884147727	1.3156128608544635	1.6225469611119956
3.0947197578530083	7.47160866060635	4.9996342497006	0.622745346948144	6.503675771762889	5.335430485061117	10.084564712564353	3.366151287814738	2.1756825059464933	0.6855143360426684	0.3194622065670683	0.27228744804114474	1.1743888559816626	2.451512476302934
3.4314376549398995	7.50837549898502	4.921248369471526	0.8443105254263812	6.597671204458334	5.289951214780232	10.237235176851609	3.5321587972917508	2.172811021353789	0.6139476536326195	0.5202748108623574	0.22199086702294438	0.9141451052612258	2.3256647531419112
2.6620440102262712	7.653694622413619	5.509842158598729	0.5181915464105059	6.386842811429215	5.40524180076598	10.086603199177292	3.573224403162583	2.357452311886618	0.690968590867608	0.45840316066329423	0.43676643607454096	0.07413427635303414	1.1517452674424167
4.195215442993235	7.708422043346307	5.309249955455012	1.7960433551020503	7.080595083579572	4.862041592039335	10.127502526990822	3.6143456755209185	2.256920422335492	0.5372647905918888	0.5321821877496543	1.8008095579933567	0.675014584532514	2.721770196680551
4.422007404248695	7.676478986821882	5.354702788218686	2.1002312056453127	7.2375720785303725	4.711988248643939	10.027404259950304	3.738367482790221	2.3570186893758107	0.5790359311070439	0.5406814863032248	1.8418148099299496	0.4122515937208836	2.785018104029074
2.5692097595837278	5.458962591773671	7.585568845081282	0.44260350627575057	6.438921035509148	6.418094809633542	9.821401528195503	3.943582875116244	2.3716369580373704	0.7030591237075121	1.1090325511001986	0.3120318497991992	1.307358625784035	1.3819178404572532
3.815143049233553	5.207109005125952	7.582252531820685	1.4399995225384323	5.951723537092736	6.806451226887393	9.681308424766042	4.065981881547332	2.520855050270004	0.6681546991428267	0.6525588872718615	0.1241695709722417	1.7087908105889567	1.758365602622959
3.91381860460965	5.156388164649328	7.710853577550033	1.3593531917089094	5.8818149968614994	6.658695397860496	9.674986149079425	4.10636282877181	2.5703573152151584	0.7071722139263116	0.6602766187091093	0.3800973427988733	1.7159992439123906	1.6507485348369442
5.012079784682903	5.059146624946542	7.868458565869376	2.2027678437602547	5.63965227058452	7.179369064108224	8.709081011538304	4.604566574779	2.639254414940505	1.33512636765053	1.6264087458516323	0.8427370202070529	2.323121013802408	1.443762437510144
5.125062029781041	5.153640686743912	7.938711355517308	2.339991361007744	5.56436229613367	7.163447233318641	8.76480891326603	4.515586897143314	2.8236916218026633	0.6722909326494838	1.7982328051297387	1.1082436789901555	2.390550014551854	1.2963102047061
4.6602050504784716	5.24289827369167	7.796880820156177	2.106222504013934	5.555584764417031	6.962047686173514	8.908082003233385	4.388577057502837	3.0756235746810545	0.21042682283718833	1.8092544458440178	1.1535675017223077	2.2562909848531962	0.7101212037820249
4.786896940400256	5.12488830672725	7.731584225092405	2.1802010220350354	5.516752158146536	6.9571082073525	8.956708460242593	4.596163625850828	3.126952590029905	0.377928000614412	2.1539658904247925	1.0787523177336662	2.733158811451424	0.5362020031943763
5.0458352529936965	5.319692841494861	7.925172544328094	2.440355550160704	5.243024183870758	6.986841761361486	7.19937779320941	7.131227369669012	4.071055118296891	0.12065496608607498	2.907561377725863	0.833851608935194	3.133789706520065	0.5401251883346146
5.310359694071112	5.289952775867824	8.04920589200038	2.551106577938426	5.153746199533798	7.0515612889088075	7.8070847981105205	6.32399474651484	3.169310770550187	1.081513991391646	3.13739278401566	0.17843371344015746	3.3099085626479225	0.7079826282718981
5.478698558850572	5.249644849428865	8.1028271114069	2.625516296872696	5.114284114694752	7.129694968640833	6.79249122402174	7.272819937735275	4.086367849219328	0.6991001857266683	3.0290637867132393	0.3929244097994278	3.257639413466591	0.9214717214955804
5.548619960270566	5.311378304796111	8.134743564533391	2.7252547005332826	5.11285012552765	7.268895457140879	5.490188456428657	7.957424562880279	1.7673953134365157	1.0681189311064279	3.237147838067376	1.6743170082011463	3.3211478247115367	0.05950264431377471
5.644775961499829	5.2714884365228025	8.204738925338527	2.711525472684312	5.155965217342157	7.298291914101466	6.251142980396169	7.682045869969366	1.583037259367524	0.6314496538945397	3.1972579697940446	1.8631491336318422	3.4078066974495043	0.1879414480567796
5.786570845705853	5.232094982472058	8.19454223807826	2.824123590099633	5.195358671392866	7.450283485567704	7.307104303344157	7.597709847704131	2.5585249394812206	0.5729458889932689	3.395137356921083	1.52947852986962	3.495464071538818	0.03689465171324582
5.876909832720642	5.260015036771616	8.27189808342902	2.8650267860632397	5.233084366044956	7.488031553284599	4.19645813166166	9.119998869667462	2.4836577268973272	2.9771020577935583	3.379443445265005	2.063330692678791	3.6276232756855014	0.0714062447234139
5.762405146712457	5.220605351812758	8.240175788882928	2.7428347096422776	5.313460989559213	7.40524916182249	4.186073867042237	9.373829015746264	2.49635855931355	2.6736983320963494	3.379443445265005	1.838164952718665	3.60403941541295	0.07219616512134959
5.733216639038435	5.2703529698636835	8.245563440766592	2.7580061681354118	5.263713371508404	7.410785065935231	3.9004478988136375	9.431390245870354	2.302147564665573	3.1246350748769762	3.425153553338247	1.5964584514216105	3.6928169883649953	0.25554678146228765
5.703970617780939	5.2703529698636835	8.21631741950911	2.7580061681354118	5.263713371508404	7.410785065935231	3.2745234245535997	9.676696257226153	2.5463496826337484	2.979858199590258	3.5026546860578307	1.2408524081074586	3.7272506562057757	0.4957929300675286
5.703970617780939	5.2703529698636835	8.21631741950911	2.7580061681354118	5.222746432952922	7.410785065935231	3.1497607204541764	9.775268911292343	2.0801960971081983	3.117268983759958	3.5184120942793538	0.541434919740355	3.743008064427399	0.4989002335684762
5.703970617780939	5.2703529698636835	8.250951893008933	2.723371694635781	5.222746432952922	7.376150592435529	3.1084685747146223	9.824651934905972	1.9516417652071296	3.16909078539871	3.472808984592947	0.5127773280286201	3.740472419619716	0.5989923933818817
5.685318516378166	5.230339868025471	8.192286689767949	2.723371694635781	5.263713371508404	7.376150592435529	3.441154165338364	9.824651934905972	2.2415857003434936	2.9669222805529816	3.3872903293183523	0.7799015135008602	4.054080391915919	0.8050499832147554
5.655899023178547	5.269765642619486	8.162867196568294	2.762797469229721	5.224287596914362	7.376150592435529	3.8510481385206665	9.688468556118035	2.0058478564292312	2.5827681965793476	3.3872903293183523	0.5969064676850921	3.9221533519469927	0.5533653135244099
5.533126490311278	5.550927665881132	8.197560106282298	2.8864940499102474	5.189168249753236	7.34145768272143	3.8893004094975567	9.639196618635095	2.792452015850779	2.9830005481574284	3.5258974912104493	0.4483574641477917	3.6171434766356274	0.7196716962860108
5.248634927052517	5.59101635385214	8.13221629982716	2.707434981077445	5.187717164956115	7.28250412231522	3.681326755542391	9.657400162370536	3.005717151763875	2.8843921099315173	3.6056867931174033	0.07496704944852695	3.5313485503083584	0.5883492614392468
5.248634927052517	5.59101635385214	8.167203233150456	2.6724480477541674	5.187717164956115	7.287810212151553	3.5974815439966887	9.703954017255723	3.0895623633096254	2.999422923448374	3.651124528711362	0.18801987102796286	3.4473488388796034	0.6217629165278281
5.218823535673297	5.59101635385214	8.137391841771324	2.6724480477541674	5.187717164956115	7.287810212151553	3.891930202243671	9.703954017255723	2.9692266731630723	3.050043664874403	3.651124528711362	0.3351804778480824	3.360557042793721	0.6077865865776342
5.0787998370630385	5.59101635385214	8.032414251405525	2.637401939509739	5.187717164956115	7.252764103907131	3.6427231012081847	9.753401576045489	3.246426173003554	2.899415180799959	3.6056867931174033	1.1354842434521168	3.401911103285605	1.2890800058150795
5.022306115767005	5.59101635385214	8.02432286580221	2.5889996038168657	5.187717164956115	7.244715303627019	4.057479856010359	9.713048040632628	2.9189005965425485	2.9337010030207744	3.560346012892974	1.3880870984518636	3.3565703230613093	1.508722163294042
4.965871411557586	5.59101635385214	7.932822628967305	2.624065136442508	5.146627149349029	7.279780836252638	4.435372753061239	9.663600481842881	2.8450998733793527	2.9326728630574643	3.515101934648746	1.3569599189434465	3.311326244816978	1.302535568834151
4.886423373821925	5.630832699502588	7.932822628967305	2.584433444357232	5.1862588414343245	7.279780836252638	5.707981229959736	9.663600481842881	2.104420814201152	2.6811991923162752	3.5945499723845025	1.6438071202546456	3.311326244816978	1.0928305949175228
4.651347451443954	5.70980608615964	7.767900093665125	2.5932534439383255	5.225821753164713	7.368577891524914	5.441554144049941	9.6231863378823	2.281641720457787	2.49654112563962	3.4227450111510542	2.0405817554333545	3.020984985196122	0.7481993979488902
4.555608098523823	5.709655311935947	7.6765173058408	2.588746104618832	5.265316025807718	7.403564824848173	5.2651182309611855	9.52448477280027	2.5472838131999405	2.4109297521148263	3.277179874141904	2.23452495651186	2.988684834837028	0.6406719597376234
4.469021555692727	5.759350521611211	7.708366140270446	2.520005937033303	5.215620816132405	7.2851294475875665	5.893450740099299	7.6420136061171755	5.284374232757459	1.4571500389513834	3.2940441828994453	2.4124830770858874	2.8961862096816766	0.37612729633297387
4.412705157494919	5.79886067636518	7.652049742072604	2.5595160917874566	5.2172006769855495	7.2851294475875665	7.375805704618731	6.894492852695153	4.072312842816441	1.3345972249266798	3.4337054132143847	1.8099954472975541	3.035847439996693	0.334836293086003
