0	1	2	3	4	5	6	7	8	9	10	11	12	13
8.916061266909692	4.835510102076329	8.638391907045559	5.11317946194041	5.328632122539615	3.0562831428821644	5.149802434975696	2.9345506789922604	1.4394172712500863	0.3858633990691703	3.3184531034407163	5.268935280001111	1.479853585295165	5.132674245556352
9.112947500262651	4.982546259382342	8.942999720113736	5.152494039531273	5.2658932309861175	3.123145344546015	5.118621590641255	2.79836279675535	1.5388551308443217	0.26823764907904757	3.371545836885308	5.372670880790177	1.3798602698082028	5.024286986132354
9.247841197866192	5.027222988012964	9.087002101640637	5.188062084238333	5.209010433403505	3.1053972723229295	5.183017652087829	2.791104647633209	1.5184926875493732	0.11416726699126684	3.264214592977264	5.254426569751625	1.4329530032530235	5.031744613002486
9.240119586863734	5.034944599015311	9.137097803938179	5.137966381940962	5.209010433403505	3.0565495558829556	5.183017652087829	2.789856661775774	1.5843111899878206	0.07741454242132231	3.218746690725645	5.254426569751625	1.5362253222960724	5.031744613002486
9.240119586863734	4.93193873003225	9.043385231111047	5.128673085784919	5.353971507231085	3.1502621287099384	5.176123270231231	2.7871668943234855	1.5820683787014374	0.0012648457027485108	3.218746690725645	5.254426569751625	1.5362253222960724	5.031744613002486
9.294577915297321	4.877480401598625	9.043385231111047	5.128673085784919	5.3013374171636345	3.107363566364628	5.228757360298577	2.830065456668484	1.5820683787014374	0.03807902862192732	3.164288362291943	5.201420439698098	1.584876310687546	5.036707859952545
9.294577915297321	4.877480401598625	9.043385231111047	5.128673085784919	5.25936457932657	3.107363566364628	5.270730198135816	2.868300616869434	1.5820683787014374	0.11560757198717425	3.164288362291943	5.161249853833792	1.584876310687546	5.076878445816993
9.294577915297321	4.826948249588346	8.993223861576782	5.128302303308925	5.309896731336836	3.1575249358989192	5.270730198135816	2.868300616869434	1.5820683787014374	0.11560757198717425	3.164288362291943	5.161249853833792	1.584876310687546	5.076878445816993
9.34915452053491	4.772371644350821	8.993223861576782	5.128302303308925	5.351869569173914	3.1575249358989192	5.175538475630279	2.868300616869434	1.6882927038274156	0.1548505239898305	3.1097117570545	5.161249853833792	1.537824414109717	5.076878445816993
9.385771647564994	4.772371644350821	8.979603275239638	5.178540016676158	5.351869569173914	3.207762649266253	5.175538475630279	2.868300616869434	1.6882927038274156	0.19404310514420672	3.108643092323405	5.1577706752247146	1.5388930788406934	5.1169747514563015
9.323544639527066	4.834598652388667	8.979603275239638	5.178540016676158	5.351869569173914	3.207762649266253	5.175538475630279	2.868300616869434	1.6882927038274156	0.15727003263937414	3.170870100361007	5.1577706752247146	1.5876267817909906	5.165017634559648
9.323544639527066	4.834598652388667	8.93608445432685	5.222058837588837	5.404503659241465	3.251281470178972	5.1229043855628245	2.906481168778309	1.635287263369578	0.19545058455086803	3.223185212026289	5.104732176676075	1.535311670125667	5.1744905608111305
9.286927512496932	4.834598652388667	8.849164300451452	5.272361864434174	5.404503659241465	3.2599962884363403	5.1229043855628245	2.9480693773660684	1.6680446447106874	0.23458972019058555	3.169797488982764	5.068115049645898	1.5886993931699247	5.1744905608111305
9.286927512496932	4.834598652388667	8.849164300451452	5.272361864434174	5.404503659241465	3.2599962884363403	5.1229043855628245	2.9480693773660684	1.6680446447106874	0.23458972019058555	3.169797488982764	5.015002373020818	1.539965690219277	5.227603237436498
9.224581748732671	4.8969444161531435	8.849164300451452	5.272361864434174	5.446381795243831	3.2599962884363403	5.081026249560456	2.9480693773660684	1.6680446447106874	0.23458972019058555	3.232143252747415	5.015002373020818	1.539965690219277	5.227603237436498
9.224581748732671	4.8969444161531435	8.849164300451452	5.272361864434174	5.446381795243831	3.2599962884363403	5.081026249560456	2.9480693773660684	1.6680446447106874	0.23458972019058555	3.232143252747415	4.975022620757781	1.4928337501594582	5.132649396680762
9.283367243105307	4.8969444161531435	8.86451848756028	5.315793171697977	5.446381795243831	3.3034275957002848	5.081026249560456	2.9480693773660684	1.6680446447106874	0.23458972019058555	3.232143252747415	4.9806426669321855	1.4928337501594582	5.142475124141149
9.283367243105307	4.8969444161531435	8.86451848756028	5.315793171697977	5.393765418428309	3.3034275957002848	5.133642626375977	2.9480693773660684	1.6680446447106874	0.23458972019058555	3.232143252747415	4.940758523795302	1.4928337501594582	5.182359267278046
9.283367243105307	4.8969444161531435	8.86451848756028	5.315793171697977	5.393765418428309	3.3034275957002848	5.0804888254614875	2.9480693773660684	1.7211984456250846	0.27367867817016867	3.232143252747415	4.993902437847089	1.4928337501594582	5.129215353226105
9.283367243105307	4.8969444161531435	8.914810290826072	5.265501368432237	5.393765418428309	3.253135792434508	5.0804888254614875	2.989037630124015	1.7211984456250846	0.3146469309302075	3.232143252747415	4.993902437847089	1.4441775466454998	5.129215353226105
9.283367243105307	4.947476568163391	8.965025954667237	5.265817856601404	5.385052294040529	3.202920128593549	5.038669797838892	2.989037630124015	1.7211984456250846	0.3146469309302075	3.232143252747415	5.0338081151305785	1.4441775466454998	5.089309675942753
9.283367243105307	4.947476568163391	8.965025954667237	5.265817856601404	5.385052294040529	3.202920128593549	5.038669797838892	2.989037630124015	1.7211984456250846	0.3146469309302075	3.232143252747415	5.086899488404827	1.4441775466454998	5.036218302668454
9.283367243105307	4.947476568163391	8.965025954667237	5.265817856601404	5.385052294040529	3.1613941916492947	5.038669797838892	3.0305635670681874	1.668283786414614	0.2755579729487489	3.1798301198641643	5.086899488404827	1.496490679527972	5.036218302668454
9.283367243105307	4.945442264972854	9.015165574891036	5.213643933187	5.387086597231061	3.1112545714253	5.038669797838892	2.992386871435147	1.668283786414614	0.23738127731732406	3.1798301198641643	5.046972444046427	1.496490679527972	5.0761453470267694
9.283367243105307	4.945442264972854	9.015165574891036	5.213643933187	5.387086597231061	3.1112545714253	5.038669797838892	2.992386871435147	1.668283786414614	0.23738127731732406	3.1798301198641643	5.046972444046427	1.4479145322466387	5.0761453470267694
9.283367243105307	4.945442264972854	8.971776995802296	5.25703251227572	5.387086597231061	3.1961690874583515	5.038669797838892	2.9508609344909558	1.7010108482715947	0.23738127731732406	3.1798301198641643	5.046972444046427	1.4950514205753167	5.119485067764751
9.283367243105307	4.894999020951099	8.965025954667237	5.213340309389122	5.43752984125288	3.202920128593549	5.038669797838892	2.9508609344909558	1.7010108482715947	0.1982421416751734	3.1798301198641643	5.007119244396996	1.4950514205753167	5.159338267414184
9.338031320371286	4.840334943685044	8.965025954667237	5.213340309389122	5.43752984125288	3.202920128593549	5.038669797838892	2.9508609344909558	1.7010108482715947	0.1982421416751734	3.125166042598292	5.007119244396996	1.4465574668620484	5.159338267414184
9.338031320371286	4.840334943685044	8.965025954667237	5.213340309389122	5.43752984125288	3.202920128593549	5.038669797838892	2.9508609344909558	1.7010108482715947	0.1982421416751734	3.125166042598292	4.9673397232396646	1.4465574668620484	5.199117788571586
9.40039277382209	4.777973490234205	8.914810290826072	5.2635559732301935	5.43752984125288	3.210176887815811	5.038669797838892	2.993819839109647	1.7010108482715947	0.15905276829692977	3.062804589147426	4.9673397232396646	1.4452049203555546	5.199117788571586
9.341607279449342	4.777973490234205	8.856024796453411	5.2635559732301935	5.43752984125288	3.210176887815811	5.038669797838892	2.993819839109647	1.7010108482715947	0.15905276829692977	3.1161903334086496	4.908554228866921	1.3918191760942038	5.199117788571586
9.341607279449342	4.777973490234205	8.856024796453411	5.2635559732301935	5.43752984125288	3.210176887815811	4.98558105268576	2.993819839109647	1.7012754231135543	0.15905276829692977	3.1161903334086496	4.908554228866921	1.3918191760942038	5.199117788571586
9.341607279449342	4.777973490234205	8.856024796453411	5.2635559732301935	5.43752984125288	3.210176887815811	4.98558105268576	2.993819839109647	1.7012754231135543	0.15905276829692977	3.0639725321423334	4.908554228866921	1.4440369773603199	5.247138901616393
9.341607279449342	4.777973490234205	8.856024796453411	5.2635559732301935	5.43752984125288	3.210176887815811	4.98558105268576	2.993819839109647	1.7012754231135543	0.11981309712027359	3.0639725321423334	4.908554228866921	1.4440369773603199	5.247138901616393
9.341607279449342	4.777973490234205	8.906240460294484	5.213340309389122	5.43752984125288	3.159961223974713	4.98558105268576	2.993819839109647	1.7012754231135543	0.11981309712027359	3.0639725321423334	4.96150779929175	1.4440369773603199	5.194185331191629
9.341607279449342	4.777973490234205	8.906240460294484	5.213340309389122	5.49012842514437	3.159961223974713	4.932982468794338	2.993819839109647	1.7012754231135543	0.11981309712027359	3.0639725321423334	4.948333750024274	1.4440369773603199	5.207359380459011
9.341607279449342	4.777973490234205	8.856024796453411	5.2635559732301935	5.49012842514437	3.210176887815811	4.932982468794338	2.993819839109647	1.7012754231135543	0.11981309712027359	3.0118518565217713	4.948333750024274	1.4478250125328982	5.164012206906354
9.341607279449342	4.830451037446481	8.906240460294484	5.265817856601404	5.437650877931979	3.159961223974713	4.932982468794338	2.993819839109647	1.7012754231135543	0.11981309712027359	3.0118518565217713	5.001308647512814	1.4478250125328982	5.1543844829706345
9.341607279449342	4.830451037446481	8.856024796453411	5.316033520442585	5.437650877931979	3.210176887815811	4.932982468794338	2.993819839109647	1.7012754231135543	0.11981309712027359	3.0118518565217713	5.001308647512814	1.4478250125328982	5.1543844829706345
9.319550776500586	4.830451037446481	8.884183957345721	5.265817856601404	5.437650877931979	3.159961223974713	4.932982468794338	2.95284773007603	1.7012754231135543	0.0788409880937241	3.0118518565217713	4.979252144564043	1.4490959079813939	5.1497758550235595
9.319550776500586	4.830451037446481	8.884183957345721	5.265817856601404	5.532032657498856	3.20154740694002	4.8386006892276106	2.9112615471104712	1.7012754231135543	0.0788409880937241	3.0118518565217713	4.979252144564043	1.4490959079813939	5.193261237912843
9.31575090326864	4.77565222648727	8.832336314289556	5.259066815466397	5.532032657498856	3.237757296045977	4.8386006892276106	2.8273831161199587	1.7012754231135543	0.0013665417343518046	2.9570530455626582	4.960527924079203	1.450371046064666	5.24057676764863
9.352366299302206	4.77565222648727	8.9190045132391	5.209014012550402	5.532032657498856	3.1877044931301186	4.8386006892276106	2.8273831161199587	1.7012754231135543	0.0013665417343518046	2.9570530455626582	5.050065700532176	1.450371046064666	5.23135926520314
9.293878858075363	4.87865809547038	8.960395665143452	5.212141288402409	5.523372244611828	3.1294764764869525	4.74425523313149	2.7857325396321975	1.7012754231135543	0.0013665417343518046	3.008005778188169	5.084417070856394	1.4479145322466387	5.27422115778406
9.272079272279383	4.87865809547038	8.98842206120967	5.162315306540082	5.564907221125511	3.079650494624524	4.70272025661779	2.7857325396321975	1.7012754231135543	0.003947186521456608	3.008005778188169	5.2484191717505615	1.5451468830422745	5.180355144067965
9.209702322816636	5.041629116959944	8.95151554506494	5.2998158947115765	5.505771737748208	3.1582700514390214	4.60823795020579	2.7440194989625355	1.7542991408761606	0.043341612556307176	3.1751066634470555	5.543861761715017	1.6358508773234242	5.245953615737195
9.26460516551075	4.986726274265866	8.95151554506494	5.2998158947115765	5.505771737748208	3.242949475074767	4.60823795020579	2.6593400753265994	1.7542991408761606	0.08278665041860336	3.172712479524911	5.67815049913146	1.728653541717395	5.24850365737804
9.319627826406467	4.981862279512036	9.001170239906324	5.300319866012332	5.414154482956697	3.2351346142361597	4.596737819735994	2.61750024132397	1.7217070473425629	0.08278665041860336	3.1176898186290187	5.89493845316052	2.1716591883952985	5.303350894252438
9.316468484262918	4.926719509574829	8.849997504619235	5.393190489218482	5.372619506443088	3.32800523744247	4.585379046653066	2.61750024132397	1.7546841881454467	0.12228236018744593	3.1151537491882797	6.013254240181971	2.265767508770763	5.261959961405305
9.195698173334023	4.888852650628764	8.735451218147455	5.349099605815273	5.514564002866959	3.3843238739493438	4.596737819735994	2.6556845664395854	1.7544940007055823	0.08409803507406005	3.33610662113152	6.068490920432078	2.9643138034837113	5.6041683745799915
9.250946345348325	4.83360447861424	8.68557115812952	5.398979665833038	5.567337668621542	3.4761064317786965	4.543964153981528	2.572922799160688	1.7217070473425629	0.12495730453755116	3.386958873944088	6.110237770512009	3.012479840166398	5.746829378058683
9.067314938854489	4.959082674742321	8.677298007781502	5.349099605815273	5.620187798665517	3.42622637176084	4.491114023937262	2.572922799160688	1.7544940007055823	0.12495730453755116	3.779828499567064	6.304191506863283	3.4346275841441156	5.771461077768827
9.004394001619678	5.022003611977095	8.727102851107965	5.299294762488826	5.714516736380689	3.419265653847082	4.3967850862222075	2.530078673748026	1.7544940007055823	0.12495730453755116	3.9510550830502424	6.431297825535166	3.538381505191192	5.6902442048032835
8.825268377310541	5.082738742192864	8.660749377873865	5.247257741629481	5.769808211563913	3.412317387737529	4.290907160756295	2.487297218312002	1.7746007969391058	0.12495730453755116	4.2870625257227095	6.700800558226905	3.607649809957168	5.922763039475622
8.767338345096185	5.132901702306884	8.602819345659471	5.2974207017434845	5.719645251449924	3.4550362630023206	4.290907160756295	2.444578343047451	1.7746007969391058	0.12495730453755116	4.34291550450197	6.772837070456113	3.5662862638545287	5.938094018342551
8.406708162442705	5.325432826192966	8.487182287977857	5.244958700657766	5.783804075067763	3.4557851589138764	4.27921033822419	2.4438294471358533	1.8273945292062388	0.12495730453755116	4.649862001317568	6.87542836711106	4.195616434100595	7.061149164684506
8.230492755926763	5.391570860222772	8.42947521144195	5.192588404707451	5.836174371018074	3.498378132343044	4.27921033822419	2.4012364737067755	1.8273945292062388	0.12495730453755116	4.714827565099098	6.905582841785762	4.425684038221259	7.177237117198536
7.888538926443952	5.669609439938847	8.347384747555292	5.21076361882746	5.932347923896888	3.4542518061069374	4.078204488309302	2.3587057170265986	1.8273945292062388	0.12495730453755116	4.895609133157784	6.581778378624323	4.710846083296689	7.105390085641766
7.733055510008672	5.840459085418864	8.353638564188332	5.219876031239195	6.027793964288452	3.36896306967251	3.9302045888076043	2.4005530067627445	1.8273945292062388	0.16450374629314976	5.128659757363167	6.5348593729049504	4.625565503556501	6.917773631415136
7.287397020226685	6.003512434575952	8.114550335457258	5.176359119345214	5.974369750185577	3.367293447514665	3.983628802910597	2.3587057170265986	1.8273945292062388	0.20410098010119287	5.407367822945278	6.772992263748718	5.633897217251972	8.447776663244287
7.036094945420067	6.071190431510477	7.931313896691832	5.175971480238807	5.983320262362232	3.417064474550097	4.024836956875867	2.3587057170265986	1.8273945292062388	0.20410098010119287	5.584212137718781	6.557728955147672	5.892023778294509	7.993756298359767
6.9403134156676725	6.020939577742319	7.87911480619855	5.082138187211538	5.9922860694594275	3.330951278611088	4.066122003546765	2.4012364737067755	1.8802487180460914	0.20410098010119287	5.584212137718781	6.416693003340583	5.953302209160933	8.044110486821403
6.635474499336097	6.3134054146075504	7.960743240561507	4.988136673382139	5.853050757532719	3.2872929830402726	4.255700533732197	2.4012364737067755	1.8802487180460914	0.20410098010119287	5.933800033639891	7.003434015139889	6.839249500128105	8.183832525275832
6.2501624779158576	6.824002250186762	8.068162466721674	5.006002261380968	5.706084350499422	3.1571552598259403	4.297256602981306	2.4438294471358533	1.8273945292062388	0.16450374629314976	6.056271104204245	6.775734245064394	7.441391403588862	6.966166355419118
6.159242151614365	6.982690679205886	8.074035572689086	5.067897258131509	5.60030260428314	3.1132685103602125	4.297256602981306	2.4438294471358533	1.8273945292062388	0.12221431934294429	6.109177787007341	6.875999852720565	7.277246078732077	6.964508084105984
5.929537776745694	6.982690679205886	7.844331197820361	5.067897258131509	5.641858673532275	3.1132685103602125	4.255700533732197	2.4846887166029368	1.8273945292062388	0.08135504988065152	8.137653194849268	5.606086796592729	7.265825282829913	7.039151467519991
5.827748164473642	7.030342008524351	7.739455365360412	5.11863480763777	5.58277947035462	3.1060410211742173	4.214221724788286	2.4420957431738626	1.8273945292062388	0.08135504988065152	8.57624236846362	5.03508467945665	6.060598794311624	6.888508432450038
5.79990068866412	7.18617667649101	7.817302843969235	5.168774521185885	5.532639756806551	3.1060410211742173	4.214221724788286	2.4420957431738626	1.8273945292062388	0.04191358776740372	7.849946077722775	4.8946541727452155	6.187921804520851	6.26799617419003
5.75530313298249	7.250401616164131	7.836930227960688	5.168774521185885	5.532639756806551	3.1060410211742173	4.214221724788286	2.4420957431738626	1.8273945292062388	0.04191358776740372	7.614742983053621	4.934509911364775	6.505855602455739	6.529457899985893
5.358764241489194	7.683750587069643	7.924292073380534	5.118222755178363	5.5083436054608	3.1544884885100415	4.286061295190473	2.443468738453145	1.880223338772392	0.04191358776740372	7.203511733587613	4.505437169944744	6.347059914561353	2.701570744494098
5.309358605017421	7.800638019885822	8.042099366771925	5.067897258131509	5.558669102507771	3.1537989422299684	4.286061295190473	2.444158284733402	1.880223338772392	0.04191358776740372	7.190286577377226	4.243746877933495	6.488242372214338	2.743876540458416
5.200409629994685	7.801533753680581	7.972558365486391	5.029385018188762	5.460793228517878	3.1650137710882547	4.434355828740394	2.444849875492333	1.880223338772392	0.04191358776740372	6.344231258929558	5.961037411310948	6.5326697581190585	4.241283563442483
5.201730346864916	7.751021750974734	8.0179763993598	4.934775698479797	5.5113052312239	3.205857329890427	4.434355828740394	2.359908999686976	1.880223338772392	0.04191358776740372	6.223988853599657	7.264870596977615	6.667958893987009	6.7013080109342065
5.314373984026817	7.662430185094856	8.032668006424306	4.944136162697301	5.449507384083159	3.1543933008033602	4.33984251014037	2.3171862266485523	1.9329872381699529	0.04191358776740372	6.7696687529432005	7.853106822251887	5.324990731313555	6.906021169682097
5.370411579030436	7.600325612737213	8.017733402205549	4.953003789562161	5.396378621357165	3.110132164942172	4.33984251014037	2.3171862266485523	1.9329872381699529	0.04191358776740372	6.9707046710448735	7.8770695359686025	5.037178951552458	7.584222188943688
4.787210542025136	7.95752301041464	7.791265310344491	4.9534682420952	5.399203385201913	3.1024073712019664	4.286608716983046	2.274966443609448	1.985841427009982	0.04191358776740372	5.61058729715981	7.953456147395288	5.322005867215328	5.304343677903624
4.656761795157104	8.008257806585076	7.75589901330284	4.9091205884393485	5.399203385201913	3.100342464779828	4.286608716983046	2.232683696375746	1.985841427009982	0.08135504988065152	5.181473703556454	7.812731058861458	5.499028198015243	4.957855441917135
4.063613899083475	8.460805040981754	7.698171179104049	4.8262477609613175	5.3519768829570955	2.9595929296346353	4.233297395792757	2.190022580607705	1.985841427009982	0.12364447682697752	4.587786350699178	7.572780666637021	3.9377719912820597	4.684382358801722
3.6616395073387724	8.709645650116451	7.589408692891594	4.781876464563811	5.3968506603753585	2.907438748544021	4.191058359039937	2.147676306568407	1.9330775276123995	0.12364447682697752	4.4949085620520055	7.697751898914271	3.5272940536444026	4.649679843715283
3.9645420440519263	8.50076663467822	7.630231075369564	4.835077603360651	5.343649521578459	2.94984808365885	4.191058359039937	2.105266971453838	1.9330775276123995	0.16324171063739026	3.66049954877726	6.684334155760511	3.2909922527708635	4.230694403724056
4.246515995963281	8.350212838155823	7.711620700093945	4.885108134025109	5.2936189909138545	2.992320574244247	4.191058359039937	2.062794480868488	1.9330775276123995	0.12644930869612797	3.7108830625874103	6.3903707445228	3.04103949348245	4.261305667510284
4.600065094916104	8.09697143770821	7.8119283985990675	4.885108134025109	5.2936189909138545	3.0348563146988843	4.191058359039937	2.020258740413659	1.9330775276123995	0.12644930869612797	2.790874138085283	5.47630950973469	2.2439929423405687	3.2570748886700103
4.945261460884905	7.892346599869507	7.952499926729385	4.885108134025109	5.2936189909138545	3.1200544841497004	4.191058359039937	1.9350605709628392	1.9330775276123995	0.12644930869612797	2.3464293389312125	4.452334228129736	2.061793479530838	3.9084218379568547
5.061333367275098	7.9060189303039925	8.132274694218559	4.835077603360651	5.343649521578459	3.1627169131457795	4.191058359039937	1.8923981419669722	1.9330775276123995	0.12644930869612797	1.5129332994649751	4.259617641580348	1.4632798810637246	2.940610910623486
5.061333367275098	7.959313146968897	8.12718517430647	4.893461339937592	5.2903553049136125	3.2105323003050117	4.191058359039937	1.8496722747196161	1.9330775276123995	0.12644930869612797	2.3860640027977564	4.479246159027312	0.16876653570683128	2.4744572091321917
5.0812333762475	7.959313146968897	8.147085183278843	4.893461339937592	5.331891806265129	3.253321699782256	4.096757958290825	1.8068828752422632	1.985841427009982	0.12644930869612797	1.8299094211813969	3.1326084488902874	1.047889835142735	1.0114923967880827
5.029931515751533	8.010615007464846	8.147085183278843	4.893461339937592	5.331891806265129	3.2961747254643265	4.149521857688388	1.7640298495603823	1.9330775276123995	0.16610120953748814	1.960897312124368	2.6384046703875823	1.3842969074345943	0.8747389088970713
5.113853459614459	7.946936987912117	8.16732910758906	4.893461339937592	5.320020748731391	3.339091471320738	4.1613929152220726	1.7211131037037475	1.880223338772392	0.16610120953748814	1.71740010032177	1.6497555970469295	2.0689745542134026	1.0292880029616098
5.15391338064066	7.893642771247202	8.207389028615216	4.84016712327267	5.373314965396407	3.339091471320738	4.1613929152220726	1.7211131037037475	1.880223338772392	0.16610120953748814	1.7273801023901816	1.4549171773266905	2.270053103879416	1.423968929179575
5.125489789762406	7.892346599869507	8.17748103885422	4.8403553507778145	5.323284434731805	3.289249168161127	4.1613929152220726	1.7211131037037475	1.9129804191582018	0.16610120953748814	0.9136414472666433	0.5530422975867708	2.2716821873039525	1.0036662483181134
5.189078493933819	7.828757895698203	8.17748103885422	4.8403553507778145	5.323284434731805	3.289249168161127	4.1613929152220726	1.7211131037037475	1.9658045894694447	0.16610120953748814	0.6173138008473779	0.5973517418916724	2.1518900184564145	0.4064505022248713
5.189078493933819	7.828757895698203	8.17748103885422	4.8403553507778145	5.323284434731805	3.289249168161127	4.1613929152220726	1.7211131037037475	1.9658045894694447	0.16610120953748814	0.43177950551865957	0.6862720129840867	1.9663557231277193	0.3175302311321121
5.086489712200428	7.931346677431476	8.222311690898898	4.7955246987329705	5.323284434731805	3.2444185161165255	4.196581485692476	1.7211131037037475	1.930616018999112	0.16610120953748814	0.3051275098322382	0.800225801626729	2.2194205993755327	0.1658704069445986
5.035365591465783	7.929275361680058	8.272084271634833	4.6925566815110535	5.376479871217954	3.1946459353806076	4.196581485692476	1.7211131037037475	1.930616018999112	0.20580409793370597	0.2992906753453086	0.8902870737896545	2.2914092774876	0.1537805423669361
4.610598532986766	8.233654853041982	8.151696704517818	4.6925566815110535	5.417881591761416	3.2801596747548447	4.155179765149045	1.6355993643296034	1.8978889571418276	0.28536307816784534	0.20881057408165435	1.1732699670068814	2.4266196833435494	0.29964442018890214
4.1966100307102785	8.441358449961058	8.051524592378843	4.586443888292398	5.523994384979944	3.3226290429807195	4.155179765149045	1.5931299961034597	1.8978889571418276	0.40508545898124215	0.41104113253686914	1.4619489434608417	3.0279670920134834	0.6884955087822128
4.087059954979775	8.43533998089311	8.041428655859459	4.480971280013225	5.526538733563379	3.3153400253383483	4.208413353199522	1.550724342101107	1.8978889571418276	0.4483502261284214	0.41930297607493244	2.8825283250586065	2.840163060566855	2.096956401073724
3.6761011055867767	8.664220546313592	8.08687635286505	4.25344529903554	5.724409988467807	3.349903570782835	4.273266921660467	1.5513596390439706	1.8978889571418276	0.4483502261284214	0.9804569384644541	3.644940772542306	2.9939130179467504	2.950364026470317
3.527579354859088	8.708057598216259	8.041076550246922	4.194560402828269	5.717482474879563	3.338029071668316	4.196972807880564	1.50908008445102	1.985841427009982	0.40828437470107065	1.029024832867327	4.086561264212301	2.9212278654857	3.3702722067480093
2.681076110031234	8.722432883217309	7.674434456202108	3.729074537046273	6.024530744042929	3.338029071668316	4.3554104044989685	1.50908008445102	1.985841427009982	0.4483502261284214	1.4816515370004626	4.269549399551596	2.48003831540242	3.798143280357096
2.3882838985226584	8.770657451692388	7.633269325918149	3.525672024296597	6.08126935439237	3.338029071668316	4.502074306899151	1.50908008445102	1.9530538947183524	0.4884676232850968	1.7469919214213672	4.453030963316753	2.598645233588992	4.094573580592902
2.3882838985226584	8.872940210327238	7.588700021975335	3.672524086874457	5.926459968645192	3.3825983756112534	4.554600934011604	1.50908008445102	1.9530538947183524	0.5286366262999733	1.8150812216967604	4.412610447665946	2.5618409188736666	4.054153064942084
1.3261610434801911	9.106706817092622	7.319913011738428	3.11295484883461	6.292206335385769	3.524343370770308	4.7944934856622	1.4661037891009654	2.005752914176171	0.5286366262999733	2.7201591965165037	4.747402541578895	2.1821141059463107	3.7640554654558347
1.387141206220187	9.10171077075053	7.028484357215808	3.460367619755022	6.186015614360135	3.793144534052313	4.950811581954503	1.6329726390384995	2.058697724337599	0.3701545076676928	2.979214394158317	5.136664145146911	1.720928570476927	2.7210927327906287
1.4660220929129877	9.146744267009074	7.064891283765035	3.547875076157045	6.186015614360135	3.7528591474600113	4.898177411843052	1.801675369230469	2.111331894448812	0.32924462047069086	3.2360754197064616	5.2289962548125235	1.505811781575887	2.2066361133691887
2.2234177736641176	8.84893853804534	7.252162748318795	3.8201935633907445	6.122180228786535	3.9048253770436543	5.012052766801163	1.972067596265176	2.111331894448812	0.32924462047069086	3.8540724916397906	6.069515772426923	0.1635665495690088	0.7013856930861174
2.771862099462843	8.713167288078143	7.451618314770885	4.033411072770175	6.122180228786535	4.033411072770175	5.012052766801163	2.0566994099180906	2.0583870842875505	0.32924462047069086	3.987767393450652	6.43748551110264	0.3266945396332202	0.03064299253548963
4.8210826767235275	7.290387227192172	7.654803228138697	4.456666675777037	6.207260458693752	4.318879402513247	5.125227038093223	2.3927411843811828	2.0583870842875505	0.2860869763266465	4.518685320094597	5.376760229163851	0.3098972060178939	3.8555087765267517
5.465509378873055	7.038227249828001	8.039001642737441	4.464734985963607	5.952395367705082	4.110973191099537	5.208491694761337	2.5592810766392113	2.127668695695564	0.2860869763266465	4.3391478903802785	5.483510030057617	0.5623627545363173	3.867180796065331
6.173994379308212	6.181296901669233	7.970541533376985	4.38474974760038	6.128093864147645	4.1913464038691295	5.314289728171129	2.8894282645884153	2.198153528591749	0.3595725131857463	5.8417947829278924	5.028842226705999	0.021993340493315826	2.4869286841826463
6.298312947432214	5.92322360519847	7.878607922654862	4.342928629975716	6.167022653810268	4.043499633071648	5.321617476810039	3.093801544254481	2.2502446167833385	0.27982560807569673	6.198844021199986	4.0945863016520265	1.671848154944471	0.5451864072890494
6.869350101536043	5.1852739118185704	7.469626642044324	4.584997371310345	5.9590809404527665	3.9327164577429916	5.629512825232804	3.751778483459311	2.493542030946593	0.3148334776340075	5.450074102893656	4.148604798931939	3.1556578277880836	0.25916934448153645
7.343947068535227	4.655891672691048	7.391627269336279	4.608211471889981	5.907137679683521	3.8633370025579388	5.844002265120179	3.9906761553195502	2.4772999679240506	0.3514613402091058	5.0746725100784715	4.134974840091854	3.7594757019922693	1.2171423922708346
7.329052941299776	4.609864243706752	7.3068249704023955	4.63209221460423	5.953634720436267	3.900993603127998	5.893383039602747	4.034597560790188	2.4772999679240506	0.2705809291317219	4.801216007825685	4.055887775829275	3.9512584968972377	1.7602554171712839
7.935131080253108	3.9930742355951234	7.153628751110539	4.7745765647375356	5.7965234304393585	4.039664111686342	6.208149886413699	4.190830491876374	2.565773702716194	0.2719127742855428	3.450923588610189	5.0228316552197505	1.2196970169591965	4.745592006715215
8.221213552936282	3.772625659640885	7.178317545668441	4.815521666908739	5.649618089807057	4.049716237967932	6.402613828625453	4.228419109431906	2.6186271381158504	0.23375606589630352	2.819751312533579	5.148118875336566	2.2692722738783377	5.5260791575864
8.640334029758673	3.059754251502498	7.274707375908909	4.425380905352089	5.956180589877668	4.466258217031398	6.716578824768412	4.032257765063385	2.743097789692686	0.3548032133107033	2.5747742533455735	4.964349158782547	2.206514560620817	5.443845843336908
8.57472723305249	2.850518745110839	7.176491343956621	4.248754634206826	5.995839648804358	4.600566041749974	6.857631439249819	3.9222088527433256	2.935847620549864	0.4377567522533078	2.631867165116867	4.62267537233054	2.355622474981517	5.4745339478104595
8.669904842930604	2.9752546494184733	7.4074236351017175	4.237735857247316	5.734600584563724	4.760867830434168	6.954906987309322	3.6882915159155707	2.9366967886153503	0.4760671954050335	2.101052501793334	4.147532510475201	0.8541971976285818	3.1726484787811318
8.178058325315739	2.4179824827352103	6.970028343939834	3.6260124641111715	6.528506292421858	5.4008343522955755	7.372750642118944	3.648350963585944	2.778229619618283	0.3998767187013077	1.1950175555109077	2.8943073741956513	1.0892030288764867	1.7730171812794906
7.913618760988209	2.45564948992673	6.761104618426491	3.6081636324883526	6.682883418749759	5.628214446091982	7.475413072363066	3.608350629980411	2.5159809052075084	0.36043525658474307	1.0598277304776837	2.7853065153491174	1.3550593686677574	1.7708181604775188
6.862589711509793	3.0862861762156113	6.5825647232662075	3.366311164459224	6.538355637460778	5.714336669578562	7.8014332868339835	3.4122825169542703	2.2546394656936077	0.20088384165017678	0.844974121968315	1.4456562191175077	5.157819304922351	2.166843657371188
6.399822778012253	3.1002007325840752	6.404125213686226	3.095898296910033	6.488395969411862	5.831046271555103	8.208116096546881	3.343467023580316	2.1168951654586063	0.04606143967559866	0.4424330152882943	1.9057836393512728	4.328974830422781	1.3552350404871025
3.2264614783663084	4.897973992226213	5.681325146405341	2.443110324187018	6.655850457345834	5.571221243438502	8.354403167209218	3.261830171693164	1.9632495224624158	0.1079778210767362	0.661342964102218	1.2936791170372124	2.9575302783378943	0.4310211034667291
2.2034660320956534	5.2420389890904024	5.154994256064146	2.290510765121657	6.553526487982366	5.318547999552241	8.363698823562403	3.2664708194906202	2.0513973554422074	0.1451426003794746	0.99011892797087	0.24401160366419408	2.4283713997922476	0.7131389171681396
0.7304122721114518	5.470481764741454	4.647318413659156	1.553575623194023	5.468554202150913	5.251415873131511	9.958292175352277	3.192120076671313	2.0749651939239926	0.02891862549252374	0.4213497538940181	0.12834197119493726	3.078902476448561	2.094429425707349
0.7285042391870533	5.480016615758345	4.6857710539533715	1.5227498009913798	4.959359678756382	5.308028286663808	10.48465463033437	3.1945997693690504	2.08017964749578	0.09004043846947461	0.7168024829517551	0.09810925365344558	2.958946722790182	2.0837443085157217
1.051396805773011	5.79788333868131	5.537816509500801	1.3114636349533981	5.166075801743661	5.7253867405136925	10.641081017276049	3.1945997693690504	2.2935168478974184	0.1291412828376669	0.25322278200031245	0.044249531312969353	3.00987515499157	1.8012926724018878
2.418406816476105	5.258804134990016	6.085443030339475	1.5917679211267712	5.0793337555058455	5.919159416048759	10.597926034088623	3.19195629078492	2.3273428799070213	0.02873203115665673	0.8359178604919595	0.6826723120897853	2.7593009270955178	0.7811238045223796
4.048917002059411	5.673060217770694	7.5386953899216	2.1832818299085144	4.73121351083049	6.498577922296842	10.03839405086425	3.314451863207016	2.9970343998566085	2.3366524265003297	0.38017498354956775	0.5190035121990452	4.668313780602295	0.8022599171029225
4.317094386224899	5.7157915103842365	7.617790531373825	2.4150953652351954	4.735727566694562	6.567844729239768	10.102152965601832	3.314450703449668	2.960156879892499	0.6700330362383916	0.6133147020590718	0.591969718658484	4.621040344251929	0.7050657962821548
4.243216363673579	5.708539535636492	7.351151819180633	2.6006040801291883	4.99175851144884	6.884457561941391	10.02828092432583	3.27582458909093	3.028029350548811	0.04543677041450761	0.036624208752042094	0.8287210204232467	4.533417241365238	0.4069278337603773
4.122636663709878	5.822366927091948	7.300409452562449	2.644594138239377	5.002404785070802	6.897325919824603	10.037633802702656	3.27582458909093	3.0103894031554628	0.11066441086839232	0.20543349477411782	0.7525888116156403	4.218309152754201	1.0563583819155782
4.148294716815993	5.743518600137815	7.257677016980174	2.634136299973543	4.893709044485602	6.987384621895421	10.257147323087604	3.234938863001654	2.940947623167673	0.14573672947428853	0.20902599629966961	1.1271183579330564	3.7235791854906664	0.6378696632449281
4.369149694571317	5.674230401713809	7.389912886326215	2.6534672099589183	5.048913466141773	6.9988249833697544	10.148642569247759	3.395712582269588	2.851576531841238	0.5739172105872523	0.7116411120442703	0.9831436052353895	3.277747113932832	0.19972574511552946
4.425754469230598	5.603346209394342	7.4465176609853625	2.582583017639382	5.078218133976724	6.958181966964624	10.139188856443667	3.4363555986746945	2.7484867986012165	0.6110254832433571	0.5974864702291492	0.9695843689784864	3.518202666827209	0.40444836456986705
4.559141393211403	5.464546241992419	7.507019648415989	2.5166679867878905	4.90809556174526	6.971432258806356	10.063680520202212	3.8025620438538916	2.9497293152341544	0.8562228796976765	0.3984652299799235	2.338127724004397	3.662504584891921	2.8323753886506506
4.650230016665326	5.4768501251391655	7.61141947459675	2.515660667207732	4.835166318417513	7.104109211468757	4.494823376441209	8.029055117246251	2.643943763378026	0.6186539325444508	0.1769448965184728	2.532955518746069	3.795386507276476	2.3445716609874783
3.907085575880667	5.330145709192492	7.218174252671377	2.019057032401513	5.04420703340448	6.773326503123452	6.597420503812274	6.154702989723567	3.6279398738626103	1.480282676756835	1.065294614678674	0.9777933051945685	2.5140214049132457	0.5467087348126027
3.6607668750644526	5.393523283352307	7.329690147991119	1.7246000104258319	5.083790632784709	6.518453080527499	7.604036138840877	5.316840485241511	3.8855009316666624	1.5181194242938925	0.9772639370904582	1.3675988856968024	2.6178364512525314	1.2385390449081566
4.240603735540526	5.392570457569872	7.832392210085884	1.80078198302452	4.881237224782668	6.514530977178962	8.407779269871194	5.357360961808852	3.3426398073402526	0.17031700469598066	0.5011345965428494	2.3647477055417743	3.1823581895866973	2.607536247518396
4.589237399627063	5.351945543080972	7.958349173033145	1.9828337696750418	4.840647907606785	6.6561234101714275	8.628520868653386	5.225407613801884	3.605999358680137	1.2294901332116583	0.8633433673207119	2.7364233962059714	3.4932001700241475	2.377277725124384
4.641493444425808	5.382188185214838	8.051230132320702	1.972451497320045	4.770034626610174	6.575387679884183	9.092718726516038	5.181938710995334	3.521122455106738	1.5343801949301563	2.280351544271312	2.4084557122287933	3.4808195356866896	2.054912140407973
4.712648697824818	5.565312781923218	8.1573204295056	2.1206410502423396	4.811324369011926	6.5632238015235025	8.628520868653386	5.3884606118591725	3.705205071357719	0.937202068204269	2.501704284160835	2.2611662098989864	3.9762704685986785	2.429254139226641
4.7361708942078735	5.646305676489968	8.157760909378082	2.224715661319819	4.770034626610174	6.666909552521871	9.189144757352551	5.3426810023573355	3.4586102967578767	0.9889303015623394	2.1273422386817558	0.9069383270273279	3.3234881789263864	1.7073205405867098
4.627179724752687	5.560823841007086	8.235560633255282	1.95244293250464	4.973365961722292	6.511468727277324	9.353336772247347	4.792146235681409	3.351498067423429	1.3783971134570197	2.4683466870983946	0.8675985258091818	3.37808528017405	0.5251179574952696
4.609525810810386	5.51061658262583	8.428454245278294	1.6916881481579902	5.000752285195124	6.278480444225788	9.577115591956744	4.621970670003698	3.2019192734630977	1.2839255381485672	2.4606266935188295	1.0766680542497178	3.190469757543063	0.4904887828180939
3.1153325228523605	5.707969362612957	7.994310670423572	0.8289912150423099	5.431042745434149	5.803105441860095	9.77906255005437	4.496484427550488	2.9570037858770477	1.1969393032205098	3.369695206039196	2.459585124288061	2.8508830915631402	0.752265757397817
3.4224085060889	5.796003140947745	8.187565916040189	1.0308457309963799	5.306609925446302	5.883234702755375	9.787757052079886	4.411581873209195	2.9078308031426765	1.1537295425446867	3.562958492476536	1.8088067985450507	2.6732587479120107	0.06732904428834224
4.32809469942105	5.757432768611233	8.538887238564103	1.5466402294680772	5.269786415544813	6.28162768604726	9.74721785061716	4.6607646430517615	2.9578644508097915	1.3227726269190763	3.9798655946267383	0.8930606774924111	2.855580623125802	0.8457617305159196
4.638598090459845	5.796253075915576	8.643336057677393	1.791515108698037	5.316338863977266	6.408893960938635	9.573862355262596	4.784794724916513	2.5745248413791857	1.3294667491764434	4.319568900539926	0.28001630209992223	2.876965601518319	1.1814714601940306
5.074094924318463	5.791122858878308	8.819792715086317	2.04542506811033	5.202598121414131	6.636713542448483	6.610589918286958	6.657051852911548	1.623972640797957	0.6592232323933696	4.862770299753356	1.3065651827370315	3.20786173281949	2.490308187060558
5.113232323171984	5.83055995968525	8.78417044287431	2.1596218399831866	5.207740650637635	6.715276698553974	6.210692628282542	6.793833158981155	1.699041921315825	0.8210745707680056	4.8709617242729735	0.9434081085269731	3.369398752478148	2.2489347091595495
5.209177885333355	5.7913388467888485	8.734388859256857	2.2661278728654466	5.291463402581086	6.8217827314362305	6.397802281997454	6.3907989279619475	4.513118045575636	0.030427920400698763	4.846096434326653	0.29486438806090515	3.4078553522899386	0.43342959872305675
5.28787218195577	5.712644550166336	8.628421379997214	2.3720953521249193	5.291463402581086	6.927750210695812	7.926246572502616	5.51229065634817	4.323146508115722	1.1711156994159968	4.767402137704217	0.15755499977400747	3.4078553522899386	0.6083153867466798
5.28787218195577	5.712644550166336	8.59321798504914	2.407298747072968	5.291463402581086	6.962953605643927	8.83665796707998	5.077391144277277	3.9645145496328964	1.3311149439963008	4.828985010531103	0.06956358001322038	3.355601352519267	0.2530792738844631
5.463330162405532	5.593969427700313	8.650000843032714	2.407298747072968	5.291463402581086	7.00300972658271	8.98247168098015	5.080065120155366	3.6844118024789467	1.369163913317118	5.071373039080152	0.7041823847553783	3.0933664494513597	2.108920187070531
5.59971334613484	5.5144274892205045	8.706842088282293	2.407298747072968	5.291463402581086	7.045894745613931	8.98247168098015	5.037180101124072	3.5502002874728467	0.628819038944416	5.162544119641094	0.6771567349041345	3.101566632204676	2.0533153538512705
5.652684548432472	5.372990108384951	8.61837590974436	2.407298747072968	5.291463402581086	7.045894745613931	8.98247168098015	5.037180101124072	3.449720851212002	0.9212072902500085	4.9863896386528275	1.751945014794143	3.093910198350556	2.5366115886586416
5.680143900119858	5.372990108384951	8.645835261431747	2.407298747072968	5.291463402581086	7.045894745613931	8.691409884944443	5.6467819764064595	3.8412620835084477	0.8615585819555193	4.9863896386528275	1.6814946079245034	3.046559898400223	2.133803554995768
5.424101275888678	5.4529507512240425	8.469753280039606	2.407298747072968	5.375191520603136	7.045894745613931	8.752929849057885	5.5161481212529155	3.7463421304702744	0.7795976746326964	5.031838736919347	1.9262999462946564	3.0189210792869012	2.346546377703545
5.481333114127443	5.4529507512240425	8.491841065892322	2.442442799459032	5.375191520603136	7.081038797999946	8.318876764901233	5.90962566273845	4.029587649268832	0.8986192240455382	5.092762655251256	1.9170286104853662	3.106754739229366	2.3150451167224197
5.281910490959727	5.493247962677758	8.32369380005568	2.4514646535818687	5.414512743142989	7.129381874662695	8.069642320581016	6.0860278916393735	4.0286537180206	1.1191158792064158	5.124714669798495	1.5993437426478376	3.1060057420766207	2.003175493099295
5.199911757432226	5.533272797328487	8.320973178299646	2.4122113764609137	5.453766020263764	7.129381874662695	6.992061327357866	7.210078949522082	1.8961691471245694	0.5581737379345445	5.217200180969036	1.6623133636892822	3.119213141475637	1.9915249893878804
4.923501008508314	5.634070050505639	8.145359682553012	2.4122113764609137	5.496457690505479	7.129381874662695	6.62780490772672	7.661763588420402	1.249351477282146	0.6414384278389529	5.020906429985237	2.677252392687966	3.2436921364604174	2.152313828479715
4.778084122010878	5.683565391753942	7.999942796055516	2.461706717709169	5.446962349257145	7.129381874662695	6.857191958181742	7.4854457179763	1.4676966582939315	0.46022920716355814	4.927078129249039	2.754813547214233	3.0835367294821636	1.8210102815435791
4.558616548357114	5.683753225860403	7.89017342641697	2.352196347800608	5.486163752828358	7.059072908324922	6.995549362489024	7.385374076207796	1.6006134928004994	0.29450137445193264	4.8264675498206175	3.241589824097291	2.9891748881329385	1.9103722144873663
4.333470520935272	5.6839244835909986	7.739576139644801	2.277818864881659	5.525297554042661	7.023829226620356	8.074539979684879	6.614078835835448	2.9372632768231157	0.9776414097632736	4.833395865085223	3.566006180658536	2.890616846517144	1.685924190514044
4.439309161856218	5.694015371670511	7.7708660399160765	2.362458493610815	5.475901607018135	7.019012698205541	8.698860164560148	5.291750226719432	3.7910504640618212	0.9533860416291192	4.747790787958206	2.843854469109095	2.7782408484923624	1.630463184236021
4.42495101931781	5.642669450118818	7.655833428168709	2.411787041267831	5.4265730593608055	6.979012364599958	9.03941179135144	4.650341086902289	3.820312291109924	1.1396855605768905	4.600913797244171	2.6347983000636	2.732038326987109	1.6164082238775506
4.627280778059108	5.5414490821014635	7.717777437046416	2.4509524231141766	5.428449134255485	6.979012364599958	8.998370334610337	4.566186916497652	3.8377497908820075	0.7786991586512121	4.520842233716014	2.696742308941432	2.6605162036029095	1.809299511103312
4.7992570736512485	5.461924946758034	7.739920630957281	2.521261389452093	5.4710820537165	7.049321330937775	8.95573741514938	4.8617157987795325	3.7364276978244173	0.953121283254504	4.409316515983583	2.5538166559746664	2.946165035563074	2.1531280718873673
5.011083003069155	5.4205318800547895	7.831820176573852	2.5997947065500018	5.433653595854964	7.049321330937775	8.865793646751165	5.031837589990803	3.6003120931090327	0.16321554317033873	4.303467915253421	2.034363487936442	3.094827980165954	2.070425215238077
4.949877819275597	5.4205318800547895	7.770614992780378	2.5997947065500018	5.4748196308632995	7.049321330937775	8.861561543382294	4.989221703439055	3.3787453663599796	0.7618249707406757	4.303467915253421	2.329845957901839	3.139485120608687	2.1536713048525513
4.949877819275597	5.4205318800547895	7.770614992780378	2.5997947065500018	5.4748196308632995	7.049321330937775	8.812803300362493	5.074510548032083	3.3436055436455905	0.16620381718133867	4.303467915253421	2.422976676627386	3.139485120608687	2.1448596183466733
5.020658066347723	5.380384759654096	7.766182586826206	2.634860239175716	5.4748196308632995	7.084386863563413	8.812803300362493	5.074510548032083	3.29337101706406	0.8871447334181246	4.034807083917461	2.514110326307327	3.0443332184281275	1.7493849912809682
5.020658066347723	5.380384759654096	7.766182586826206	2.634860239175716	5.4748196308632995	7.084386863563413	8.812803300362493	5.11724064484904	3.29337101706406	1.1663467518262056	3.898840821016851	2.6767530919666163	2.9967697467439547	1.4626955970799533
5.020658066347723	5.3703619309098505	7.766182586826206	2.6248374104314833	5.52606976446414	7.084386863563413	8.771575995505952	5.11724064484904	3.29337101706406	1.206071709196269	3.8537076190978317	2.642337432523945	2.821480163296802	1.4148827885095439
5.020658066347723	5.3703619309098505	7.766182586826206	2.6248374104314833	5.52606976446414	7.084386863563413	8.625677844616055	5.547698994119085	3.1391006423739976	0.1920253539665131	3.8537076190978317	2.642337432523945	2.7565523177255087	1.4559502790103196
4.980510945946991	5.371156364653322	7.766182586826206	2.585484723774282	5.56542245112133	7.084386863563413	8.577170482853047	5.4179568444559685	3.038318744134996	0.09872418263811383	3.7890393032456937	2.642337432523945	2.6517368814729876	1.4971112565226308
