0	1	2	3	4	5	6	7	8	9	10	11	12	13
1.8680191778343769	5.626513229715209	6.299160460061364	1.1953719474886455	0.1506440900349261	1.7934010667633216	2.798885638721256	2.1655956788117625	0.42985806848149577	0.25998612623475736	5.084225414441744	3.9224394938105185	2.7401390383738433	3.121518770803329
1.9331022866832603	5.267051919167809	6.078393946408113	1.1217602594429619	0.5614635023687868	1.7032026862583904	2.8351173390017985	2.6310365765573542	0.2164498753968372	0.5425728489163334	4.989133880701917	4.631213439556599	2.458070499685974	4.297161413303296
1.83344148076325	5.55875218936421	6.378292738209238	1.0139009319180234	0.029902727620562095	1.726980229969809	1.9112119688207168	2.3507640707371555	0.2805108956468257	0.19427550302543942	5.2832056336797235	5.075476239378164	2.5391804989666333	4.371048016921565
2.988078293510702	5.709974756833843	6.692589438508348	2.005463611836361	0.38414591243718554	0.3267530940599205	2.043640177039561	4.187434955662861	0.40109570987377097	0.5467566445936674	5.291199957561967	5.25851187615965	2.969743408161381	4.856600583037573
2.7822562782000153	5.510477378970587	6.352978099700257	1.9397555574702703	0.004535585210256115	2.0151051545136687	1.3703914259298209	3.5405149595083643	1.3638608512900159	0.8589770918718438	5.303400171614941	5.65748655891723	3.0223813090613167	4.588147947902054
4.409457431938261	6.103228617459096	7.507592104058438	3.0050939453388374	1.2861071381556948	2.7188879146961287	1.1627178050961606	4.75152303652133	1.861138948200531	1.3026460598292733	5.807563180949289	5.6968391475340585	2.256130407072265	4.586617044681559
3.7174054540607524	7.524563950459321	8.182694642499271	3.0592747620209653	3.046678026577817	2.348278389879589	1.4414303273101159	3.3930884570316677	2.315337086938488	2.3176374467119576	6.068903134080377	5.679743317715675	2.6489042537213914	4.418274878870668
6.339262206769819	7.516946271116037	9.323702852840178	4.532505625045532	3.9228628522961357	1.3904466990044726	4.615981735543091	2.952862082922044	0.055979332735953485	0.5634508048818968	4.806416151823613	5.127388126160975	1.4035705007350199	4.637899904331312
6.781481187649987	7.183882816786482	9.011930850398352	4.953433154037874	4.390011621733301	1.9187517521594146	4.780874116398821	2.93837445926263	1.4972452470811208	0.010360336396982682	4.3811728641096295	4.73483757880336	1.472276195712522	4.941810491803344
6.892676665996126	7.033268914695251	8.945402607004667	4.980542973686676	4.458419780584456	2.1036098205028346	4.862780069935428	2.840575587828307	1.6651596240996749	0.18000067382338808	4.050917714284924	4.872097419975694	1.6313044295718027	4.7555903733194
7.91515627277332	5.923900748867554	8.451404085062268	5.3876529365785135	4.835697366412182	2.7877917135698285	4.782427037148273	2.973670085998367	1.801596161889573	0.14931490027965041	3.5679056160442144	4.67031277056644	1.468233734036775	4.789246694454102
8.063317333528147	5.750165687452497	8.309927143637386	5.503555877343372	4.7453247457944725	2.943726606239851	4.860052631651449	2.9620759969514663	2.010418324907034	0.3019441220321981	3.294325047562344	4.636686428268862	1.6158222461362817	4.974968460591246
8.332007546050178	5.425598166604943	8.129361687125117	5.6282440255300346	5.032493303465059	3.0827751589010406	4.804545048660832	2.8430129995388524	1.801634874518773	0.02406162649121916	3.180828058292981	4.636686428268862	1.4126127057392044	4.922622464248938
8.315734959292795	5.473568609966683	8.163293595436626	5.6260099738229075	4.973879154126445	3.1156670921678096	4.727464577383142	2.80062299861634	1.8033553464387395	0.12676851348360849	3.2327523684799555	4.580255318118055	1.4087047126966141	5.0499851978766115
8.298807778123718	5.421562967513	8.113810367374095	5.606560378262735	5.069247638720067	3.2468451091706925	4.808271314410774	2.5978300849204747	1.8191610142953203	0.20874680214337055	3.338745147512023	4.5772150731058465	1.356683475354093	5.133781640196203
8.598435281798272	5.190689651928532	8.234788061788421	5.554336871938297	4.874784252140035	3.1067439316505405	5.007704052549437	2.7959366924132056	1.726570649512711	0.1060901543146697	3.007937045605914	4.585323964644939	1.4087047126966141	5.190298556721722
8.74782864570045	5.0308294888403475	8.186435714375648	5.592222420165046	4.875796363312114	3.1656175437497436	5.059210875494336	2.9186543709744366	1.588353121764383	0.1834416914908	3.058881220673986	4.773233876611371	1.3513974172348624	5.097323680223845
8.718472824295265	5.023210179292996	8.149460583423076	5.592222420165046	4.833797720020126	3.1656175437497436	5.04839183479119	2.9569038586338525	1.6742573810745143	0.26274756521509524	3.051261911126572	4.696100222265402	1.4478250125328982	5.0499851978766115
8.718472824295265	4.972866961034424	8.192610911001154	5.498728874328576	4.98856426644223	3.081132358145777	4.891216008211359	3.0007467680387334	1.779620471005355	0.2673092072190594	3.051261911126572	4.656015616732944	1.4478250125328982	5.0464311654718825
8.813447882154623	4.920300681972451	8.244435641282504	5.489312922844523	5.041130545504302	3.124282685723753	4.891216008211359	3.0007467680387334	1.8322917500326004	0.22841758351849567	3.051261911126572	4.75099067459226	1.4478250125328982	5.094400982953212
8.813447882154623	4.920300681972451	8.287585968860487	5.446162595266569	5.083095584115185	3.1224672161717044	4.849250969600456	2.9594119100127783	1.7270098794906326	0.2652556165943355	2.999238176442451	4.75099067459226	1.4515953774943469	5.094400982953212
8.908352899740706	4.920300681972451	8.382490986446646	5.446162595266569	5.083095584115185	3.1224672161717044	4.849250969600456	3.0002239370456474	1.6939233041758006	0.306067643626124	2.999238176442451	4.845895692178408	1.4515953774943469	5.094400982953212
8.970312737089367	4.858340844623842	8.425716908670537	5.402936673042571	5.083095584115185	3.1222556686879264	4.849250969600456	2.9189125175486486	1.6939233041758006	0.26777059887117033	2.937278339093902	4.845895692178408	1.4515953774943469	5.094400982953212
8.970312737089367	4.858340844623842	8.475834395646231	5.352819186067076	5.177276564177728	3.0721381817123015	4.755069989537908	2.9189125175486486	1.6607759123353905	0.26777059887117033	2.937278339093902	4.898617653230232	1.4515953774943469	5.041679021901451
9.06155752016495	4.854199006229795	8.469353005020265	5.446403521374469	5.179298217757889	3.1153753130614037	4.738073276932596	2.9189125175486486	1.7111909965151295	0.23093256579338794	2.936071309293674	4.9353733939533395	1.3983133649424362	5.041679021901451
9.06155752016495	4.854199006229795	8.469353005020265	5.446403521374469	5.179298217757889	3.1153753130614037	4.738073276932596	2.878097017893634	1.7111909965151295	0.19011706613798338	2.936071309293674	4.9353733939533395	1.4453000607137383	5.041679021901451
9.043749825543783	4.805866951512082	8.506034352751472	5.343582424304319	5.334564668257075	3.072360938321193	4.650255778570203	2.9211113926336734	1.746563141448335	0.1880106810998361	3.04374577886357	4.972054741684659	1.3921146334961139	5.041679021901451
9.105592052752176	4.744024724303642	8.549271484100617	5.300345292955291	5.334564668257075	3.029123806972149	4.650255778570203	2.9211113926336734	1.746563141448335	0.15117543393192814	2.9299717896604416	4.972054741684659	1.4440463954909044	5.041679021901451
9.105592052752176	4.744024724303642	8.549271484100617	5.300345292955291	5.334564668257075	3.029123806972149	4.685627923503549	2.9594119100127783	1.7111909965151295	0.18947595131247677	2.9299717896604416	4.972054741684659	1.4440463954909044	5.041679021901451
9.105592052752176	4.744024724303642	8.549271484100617	5.300345292955291	5.334564668257075	3.029123806972149	4.685627923503549	2.9594119100127783	1.7111909965151295	0.22631119847746145	2.9299717896604416	4.972054741684659	1.4440463954909044	5.041679021901451
9.14219920314038	4.744024724303642	8.585878634488878	5.300345292955291	5.334564668257075	3.029123806972149	4.685627923503549	2.9594119100127783	1.7111909965151295	0.22631119847746145	2.9299717896604416	5.061310165425807	1.3958741389784224	4.989030748548532
9.200207222792157	4.744024724303642	8.643886654140648	5.300345292955291	5.334564668257075	3.029123806972149	4.685627923503549	2.9594119100127783	1.7111909965151295	0.22631119847746145	2.9299717896604416	5.1193181850776215	1.3958741389784224	4.989030748548532
9.200207222792157	4.744024724303642	8.643886654140648	5.300345292955291	5.334564668257075	3.029123806972149	4.685627923503549	2.9594119100127783	1.7111909965151295	0.22631119847746145	2.9299717896604416	5.1193181850776215	1.3958741389784224	4.989030748548532
9.163635471087575	4.744024724303642	8.513971493236422	5.393688702154913	5.334564668257075	3.1224672161717044	4.650255778570203	2.9594119100127783	1.746563141448335	0.22631119847746145	2.9299717896604416	5.0300981600200245	1.3958741389784224	4.993709204420079
9.163635471087575	4.744024724303642	8.513971493236422	5.393688702154913	5.334564668257075	3.1224672161717044	4.650255778570203	2.9594119100127783	1.746563141448335	0.22631119847746145	2.9299717896604416	5.0300981600200245	1.3958741389784224	4.993709204420079
9.163635471087575	4.69358148028203	8.557197415460376	5.300019535909046	5.38500791227889	3.0792412939477636	4.650255778570203	2.9594119100127783	1.746563141448335	0.22631119847746145	2.9299717896604416	5.0300981600200245	1.3958741389784224	4.989297900533568
9.163635471087575	4.69358148028203	8.470821165658428	5.386395785711012	5.38500791227889	3.1656175437497436	4.685627923503549	2.9211113926336734	1.7111909965151295	0.1880106810998361	2.9299717896604416	5.017460804500671	1.348885474143917	5.0019352560529695
9.159910882644683	4.70303856591723	8.485863922182286	5.377085526379631	5.4373930538519035	3.167357567965484	4.685627923503549	2.962446250659727	1.7111909965151295	0.1880106810998361	2.9386308896254154	5.115736966659673	1.4020686013878336	4.961776732659389
9.159910882644683	4.70303856591723	8.485863922182286	5.377085526379631	5.4373930538519035	3.167357567965484	4.685627923503549	2.962446250659727	1.6585511592425386	0.1880106810998361	2.9386308896254154	5.115736966659673	1.4020686013878336	5.005481610633513
9.159910882644683	4.70303856591723	8.535947499708755	5.327001948853232	5.479153132139687	3.117273990438896	4.643867845215645	2.962446250659727	1.6585511592425386	0.19011706613798338	2.9386308896254154	5.155969572999114	1.355000919011951	4.965249004294183
9.159910882644683	4.753485288805365	8.535947499708755	5.377448671741266	5.428706409251576	3.117273990438896	4.643867845215645	3.0007467680387334	1.6585511592425386	0.22841758351849567	2.9386308896254154	5.155969572999114	1.4031769870397142	4.965249004294183
9.214399924997098	4.698996246453128	8.535947499708755	5.377448671741266	5.428706409251576	3.117273990438896	4.643867845215645	3.0007467680387334	1.6059721384333654	0.22841758351849567	2.8841418472731646	5.155969572999114	1.451432335668162	4.965249004294183
9.159910882644683	4.753485288805365	8.535947499708755	5.377448671741266	5.428706409251576	3.1586088484648918	4.643867845215645	2.9186543709744366	1.6059721384333654	0.22449807755501666	2.9386308896254154	5.329957353153608	1.548181383640664	4.791261224139591
9.101793243879133	4.753485288805365	8.477829860943217	5.377448671741266	5.428706409251576	3.200005861651841	4.643867845215645	2.8772573577875864	1.553453917157625	0.22449807755501666	2.9386308896254154	5.312390380735963	1.596675337353342	4.798767458428465
9.039833406530521	4.8154451261540965	8.52783823534754	5.327440297337045	5.511997501974006	3.1930142448427126	4.5605767524932475	2.8342406001925053	1.553453917157625	0.22449807755501666	2.999238176442451	5.393716411979914	1.7439889933621973	4.805085230679687
8.941109796322843	4.875591284510058	8.498091916029123	5.318609164803835	5.513928981598836	3.1861145919341967	4.5605767524932475	2.8342406001925053	1.553453917157625	0.22449807755501666	3.1654602247279624	5.4915651352591475	1.933934822388949	5.072166616030865
8.941109796322843	4.875591284510058	8.504969235428192	5.311731845404756	5.513928981598836	3.222191864443998	4.5605767524932475	2.7912860082835893	1.553453917157625	0.22449807755501666	3.164292281733034	5.532511241703842	2.0337789444282275	5.213027315776375
8.820835373758964	5.040335788512094	8.48986032357178	5.371310838699206	5.516393415518279	3.2635803602883318	4.402902670495201	2.7069276304556573	1.7969090988729413	0.1487184122732994	3.331211846253093	5.952258916226338	2.6253672111372652	5.418849872966386
8.799547500406419	5.040335788512094	8.518344875350813	5.321538413567726	5.704552617029124	3.255335888783451	4.179344752685279	2.6653996768293062	1.8849790941991016	0.1487184122732994	3.4363272055218315	6.067407417695463	2.6213758648588317	5.5154830065718885
8.67480151223809	5.165081776680521	8.518344875350813	5.321538413567726	5.704552617029124	3.255335888783451	4.179344752685279	2.6246965579045094	1.8849790941991016	0.06902359217819203	3.771689383174523	6.1093268524888344	3.127969964498749	5.560754443596557
8.612250774547459	5.177369766805876	8.518344875350813	5.271275666002534	5.754815364594217	3.255335888783451	4.21474346898434	2.6246965579045094	1.8495803779001523	0.06902359217819203	3.887237126888904	6.151323684787159	3.1839943020405133	5.517125292769251
8.549581289637104	5.238019486573686	8.475364000171322	5.312236776039583	5.71545276170984	3.2983167639629696	4.220727120712317	2.6223039500837984	1.8849790941991016	0.0666309843483079	4.272398630752079	6.394457048276086	3.7057914362664386	6.074199110839363
8.428897821859376	5.2486169664683535	8.417468952612271	5.260045835715453	5.726185113384558	3.3411512126198097	4.262185709361762	2.5794695014271025	1.8849790941991016	0.0666309843483079	4.443493643135058	6.507455732661514	3.704579140504266	5.998795577037169
8.37107692355307	5.196517444539157	8.409334949071427	5.158259419020704	5.831058301068303	3.291464317854287	4.1567898219980695	2.5794695014271025	1.9376013158081107	0.0666309843483079	4.389696718333694	6.492556673704993	3.711666863925555	6.003900229439684
8.247091676786749	5.257182764584728	8.330265039112298	5.174009402259276	5.8318089091831125	3.25511477916358	4.103939691953884	2.5794695014271025	1.9376013158081107	0.0666309843483079	4.7256399650945315	6.829805394254	4.097365931780253	6.2825615623912965
7.898086689914105	5.3855981914618525	8.161775001045761	5.121909880330154	5.936835101621876	3.2978871308389155	3.9984558903388248	2.5366971497514927	1.9901584469139268	0.0666309843483079	4.80329607555502	6.9597281761823275	4.284150787254453	6.84370660235008
7.8033134314766315	5.383774994761776	8.110132130050678	5.076956296187722	5.938658298321756	3.254756743396581	3.9984558903388248	2.4961058808414918	1.9374871678866836	0.02603971543900118	4.804997660833329	6.909271084810256	4.355821378832645	7.055886073594414
7.4788227496024	5.5048614413181145	7.889854543325886	5.093829647594775	6.094245395475779	3.310687522481006	3.8392158788029245	2.4939868076922718	1.9374871678866836	0.0666309843483079	5.150097057192942	6.782395935311614	5.6819611602548745	7.426177052716807
7.282556016067311	5.51786703875152	7.7569548023276464	5.0434682524910315	6.197840378629964	3.3533359423121487	3.785982290752496	2.451338387860949	1.9901584469139268	0.0666309843483079	5.2714281985536315	6.631495635837766	5.767210841213894	7.505560360496251
7.2448147716023295	5.570064707563179	7.712571020430272	5.102308458735344	6.145642709818332	3.359978479744666	3.7334902177379323	2.451338387860949	2.0426505199283644	0.02758915375843502	5.2714281985536315	6.539522718488233	5.767210841213894	7.617459169906168
6.86059208124911	5.858768218146528	7.660451289423078	5.05890900997246	6.050987854528143	3.3165790309817313	3.828145073027897	2.451338387860949	2.0426505199283644	0.06441861348161794	5.339101099003351	6.30896244252583	6.077024926055989	6.735256982411128
6.711375738216365	5.91239942347709	7.658339897784257	4.965435263909052	6.050987854528143	3.264702185866763	3.828145073027897	2.4097414869128273	2.0426505199283644	0.06441861348161794	5.3937313240630775	6.123775032484712	6.101443278268966	7.145698310239962
6.077381250176115	6.477519330141327	7.6834771721900665	4.871423408127522	5.9951625763041845	3.2627991875043616	3.934420378661523	2.3680826569033284	2.0096225816391056	0.06441861348161794	5.785194438815689	5.912889761907192	6.784673855680627	8.283178029026624
5.986719833043124	6.580474093624006	7.745110380512511	4.822083546154793	5.891690226635829	3.16300929812181	3.9874427009202655	2.3680826569033284	1.9569219113440366	0.06441861348161794	5.8382630608858435	6.100165715603807	6.939830546725611	8.923603500003155
5.780932508911371	6.632862131524442	7.641492205624587	4.772302434811442	5.891690226635829	3.1549490401069393	3.9874427009202655	2.326361803574888	1.9569219113440366	0.06441861348161794	6.118229790884545	6.505356095747989	5.548204051229042	8.665784031961698
5.66506623832554	6.683220239817489	7.569294216915078	4.778992261227827	5.841332118342886	3.1112807582302575	3.9519001572467554	2.326361803574888	1.9924644550179627	0.06441861348161794	6.175687745495709	6.622020855601461	5.209964031126805	8.57678796040813
5.4324659173366925	6.84951447251264	7.502436958621902	4.779543431227368	5.791065755772677	3.1033485365823053	3.9519001572467554	2.284578832652357	1.9924644550179627	0.10129833534802013	6.29513251927509	6.613624559223306	7.814093680976036	7.736973193300941
5.0735885497071	7.109018342961472	7.446817389181056	4.735789503487367	5.707877462023276	3.058784512030705	4.035088450995978	2.2853889294638368	1.9924644550179627	0.10129833534802013	5.865948799984244	6.527500216341211	6.756846715885911	6.653133481528047
4.886549544623936	7.32799988999658	7.470307298876054	4.744242135744449	5.655594949315527	2.9722369563393576	4.035088450995978	2.3281066047046313	1.9593462923760012	0.10129833534802013	5.858733979271561	6.538978404506017	6.561417139608238	6.4550194718110605
4.79488299619957	7.545977452853837	7.635185657992334	4.7056747910608685	5.622360902373258	3.0258375429061215	4.1185852455034455	2.286201421019269	1.9593462923760012	0.06220037147722447	5.486969673878608	4.637287307169967	6.318979122885079	2.0602442678185837
4.752372543682595	7.5971536251022895	7.688329535626043	4.661196633159048	5.630851039781294	3.0308991361585864	4.160449756183558	2.2870163179530536	1.9593462923760012	0.06220037147722447	5.529404854034103	3.77080627344324	6.332728839649586	2.119596444156896
4.866771473366569	7.640176530298799	7.776620529045331	4.730327474620035	5.473429204900758	2.94260814273919	4.160449756183558	2.2870163179530536	1.9593462923760012	0.06220037147722447	6.3427510809543834	6.533689128725869	5.485500422984351	5.687731258019841
4.858598720634462	7.694739252995479	7.717600161225783	4.835737812404154	5.3680188671167635	2.984637466786327	4.160449756183558	2.244986993905932	1.9593462923760012	0.06220037147722447	6.721773166395385	6.4611607265816176	5.119587453244814	6.076971822312369
5.689979671940926	7.008565777263951	7.757025890584522	4.941519558620279	5.262237120900484	3.026729651959707	4.160449756183558	2.2028948087325935	1.9593462923760012	0.016146803242729865	6.958147117703807	5.713261173915496	3.4939647164849403	3.2875344853707182
5.972613155463669	6.776257790788113	7.806961137994738	4.941909808257117	5.211911623853565	2.976794404549643	4.160449756183558	2.2028948087325935	1.9924644550179627	0.016146803242729865	6.678617246090312	5.214274051565415	3.642166429965314	2.831455779769206
5.348133737965983	7.202793895454258	7.697635944049367	4.853291689370757	5.211911623853565	2.930331427558708	4.160449756183558	2.1607396668370296	1.9924644550179627	0.055396135830413175	4.908294227180497	6.611217569170623	4.228807286523533	5.033798272314773
5.103097987611214	7.461021170245951	7.657801808602831	4.906317349254377	5.158885963969928	2.9725496217855554	4.160449756183558	2.1185214726101367	2.0451651253129417	0.055396135830413175	4.515845127653142	6.701406412087687	4.5391826635036905	5.377606929543935
5.103097987611214	7.461021170245951	7.702226799458761	4.861892358398524	5.212002309365602	3.012750558876423	4.107333410787812	2.033895544663302	2.0451651253129417	0.055396135830413175	3.7663094612355477	4.661777236889141	3.53754376788627	2.8940809452067495
5.154229534407067	7.409889623450131	7.702226799458761	4.861892358398524	5.265196370362839	3.012750558876423	4.10665750571935	2.033895544663302	1.9926469693838662	0.055396135830413175	3.5879488987481056	4.52896195774495	3.1737577526816905	3.250304836889853
5.095123863735205	7.409889623450131	7.687623605764725	4.817389881420564	5.265196370362839	3.0106560068942927	4.10665750571935	1.991487619667538	1.9926469693838662	0.09469604631885876	3.524137982600956	4.7254931593750635	3.096852079595915	3.5667807370685307
5.15046702833265	7.475643366348847	7.755945331329013	4.870165063352375	5.315664986560143	3.103099309517824	4.053385650336973	1.9490162597909615	1.9399462990889211	0.057781121510708855	3.1367228612625486	4.499975298491165	1.8867537713098157	2.9547558236122007
5.087403996593907	7.538706398087334	7.755945331329013	4.870165063352375	5.315664986560143	3.145634199934479	4.053385650336973	1.906481369373934	1.9399462990889211	0.09713491700862327	3.1349179793464446	4.382737805104109	1.67808197862599	3.1658802749269563
5.00371709901406	7.551473077329429	7.735434142303612	4.819756034039854	5.312802160490361	3.2308949550552826	4.10665750571935	1.8212206142532668	1.9399462990889211	0.136539485904971	2.173967749744346	3.6398973798583616	0.47578884826345613	2.2175188350909423
5.114310413871782	7.500300158557873	7.7448048553403375	4.869805717089238	5.312802160490361	3.2809446381046663	4.10665750571935	1.8212206142532668	1.9399462990889211	0.17599488916324765	2.311808449742622	3.9365440817559647	0.15953145798269985	2.4379918060812087
5.008316563002855	7.665797304752421	7.89892903333953	4.775184834415679	5.354629202154763	3.2718397807562978	4.064830464055029	1.7763500608164442	1.9399462990889211	0.13534941727327668	1.9838832822034533	2.6371817248810956	1.2459136076062853	2.039035301711921
4.957393548817403	7.7671293482503305	7.89892903333953	4.82559386372811	5.304220172842248	3.314565932055699	4.064830464055029	1.7336239095170503	1.9399462990889211	0.13534941727327668	1.7645423819413564	2.6851980514200617	1.2023179682134113	1.7025219074743667
4.957393548817403	7.7671293482503305	7.89892903333953	4.82559386372811	5.345969592044526	3.314565932055699	4.023081044852673	1.7336239095170503	1.9399462990889211	0.13534941727327668	1.455140366978704	2.0375669452397602	2.2361557903131803	0.9314126212178667
4.826605238993923	7.817939975371566	7.868932205927724	4.7756130084378094	5.292813249631708	3.350037189289367	4.076237387265565	1.648171796992926	1.9399462990889211	0.17225438089010398	1.3724137119223971	1.7503946083160336	2.1026185081355635	0.9597833001496486
4.76576943375413	7.868255532168971	7.8080964006878935	4.825928565235238	5.28418863722542	3.350037189289367	4.034546442874603	1.648171796992926	1.9399462990889211	0.21175721039807613	0.5599596600320136	0.8204595454639111	2.3526079014783368	0.21565086967630093
4.685022410629675	7.868255532168971	7.772007274133386	4.781270668665209	5.28418863722542	3.3482326985457487	4.034546442874603	1.6053183911664723	1.9399462990889211	0.21175721039807613	0.24849275245408844	0.8048257018305478	2.2787893866060394	0.05246064108203142
4.7358330377509406	7.814553590596135	7.82191900247081	4.728467625876195	5.328693693638876	3.298320970208387	4.02844916167197	1.6053183911664723	1.9044298383295863	0.21175721039807613	0.22516617721797408	1.0642501015243837	2.3271457058303566	0.4470813262119621
4.7358330377509406	7.814553590596135	7.82191900247081	4.728467625876195	5.328693693638876	3.298320970208387	4.02844916167197	1.6053183911664723	1.9044298383295863	0.21175721039807613	0.35155974382430516	1.1288495118436246	2.2543520918819007	0.4844876775806021
4.849377920551438	7.813765103174633	7.934374772220058	4.728768251506024	5.278559166874941	3.291085205552301	4.02844916167197	1.5627202546887697	1.9044298383295863	0.21175721039807613	0.3034798478449078	1.0678894398967331	3.4186594651096294	0.7629005478911509
4.8275913275569025	7.756730136857224	7.925049267600782	4.659272196813422	5.384286492979134	3.3803577584837057	4.081490443191755	1.5627202546887697	1.9044298383295863	0.2936805922228125	0.40895578811376154	1.2117752702637152	3.6595588354092077	1.123538902056768
4.7972725854693214	7.754690635414864	7.99516841079835	4.556794810085847	5.4370245264712125	3.3306184052481864	4.081490443191755	1.5627202546887697	1.9044298383295863	0.33339108067653955	0.3291875842833949	1.1872700923999269	3.811127506580043	1.0062360048930483
4.7343823410735455	7.851169903189583	8.089428525134927	4.496123719128238	5.489259929187203	3.4176814596439256	4.134454769526598	1.520185838386256	1.9044298383295863	0.41296571663050496	0.22236861288348722	1.2302730547090892	4.329959457548704	1.005853440406819
4.594782135078965	7.846512082789609	8.00555132939448	4.435742888473948	5.541204778039893	3.5046037182419294	4.187342217709993	1.4777150461697333	1.9571305086245117	0.37315276857539537	0.07044711462230169	2.3622615622888166	4.206213031403094	2.2235239523227306
4.356086781173737	8.087931384183777	8.075253730929763	4.368764434427557	5.586477338495107	3.5365042043136663	4.198541333160634	1.4353077819577496	1.9571305086245117	0.2936805922228125	0.5202311099835881	2.374373831896441	4.137701740345969	2.034781097923309
4.296876470182686	8.134360469404127	8.119698181487886	4.3115387580991245	5.638475381901237	3.531276571391248	4.198541333160634	1.4353077819577496	2.0098920281279677	0.2936805922228125	0.6998841943881713	2.5594947260976983	4.146737283480173	2.18068517448909
4.0041729407092985	8.218358484894624	8.036778390786745	4.185753034817154	5.783397627563229	3.5709022986815024	4.209832528466676	1.4786018453682326	2.0623841011423836	0.2936805922228125	0.8171684077648237	3.1476505222857214	3.8273120353860284	2.554056142009512
3.8682400743602603	8.160980864524456	7.953610074125669	4.075610864759145	5.884946563733835	3.6148537977069504	4.262377261379882	1.4786018453682326	2.0623841011423836	0.2936805922228125	0.8205309268459561	3.156721195960421	3.5405549777973495	2.6023436333196894
3.68713078396056	8.349742900135816	7.963093652122351	4.073780031974194	5.883663901405506	3.6642088788779867	4.314845837664126	1.4786018453682326	2.0623841011423836	0.2936805922228125	1.0743901207610689	3.8035742983266667	3.361253273075254	3.0713551277981175
2.2308113155888063	8.841040534613494	7.308801320500612	3.7630505297016743	5.979799928360479	3.616005524683533	4.52396013354784	1.562025762645551	2.0623841011423836	0.21332149995303623	1.8731024458215004	4.134972990794054	2.9571692632078683	3.600603860301461
1.4769870996994254	8.908641636403148	6.874527649300155	3.511101086802574	6.127647131109227	3.616005524683533	4.5756353260053855	1.562025762645551	2.11481114883544	0.2529808497059775	2.2200300428515596	4.248183830834225	3.0350055186853777	3.8075808084474367
1.5001976750364536	9.012575999724149	6.847437285108739	3.6653363896518805	6.223919638436393	3.9276520303481974	4.679435137261758	1.6046868784138777	2.11481114883544	0.21332149995303623	2.5631824358464717	4.599988885580135	2.4668771413130903	2.9198318232422555
1.5413295443702058	9.012575999724149	6.888569154442596	3.6653363896518805	6.172132944563536	3.8425186065514385	4.6788597756398955	1.7280154516232502	2.167173204330029	0.17512635054073364	2.5631824358464717	4.940152001850727	2.396510690008798	2.7473415834249995
2.8248965710904423	8.559579154235978	7.501067099656636	3.883408625669713	6.166214911688619	3.913586810437634	4.833767972098522	2.0647602022409046	2.167173204330029	0.09476752378454364	3.5007128646418844	6.651331176422235	0.8225085388455705	1.6975440902364989
3.146375244173815	8.391086217913779	7.533380052140392	4.004081409947134	6.165870126100204	3.949905645827841	4.781470875326078	2.148769365539792	2.2194703011025103	0.13166547451121932	3.9604493638884546	6.416165638052911	0.3774844269024472	1.4336801177243508
4.006385064088381	7.731286269138967	7.5690273047133605	4.168644028514043	6.239052516729529	4.027215010320634	4.990156180139551	2.482335355148263	2.131153821690857	0.052608934068262087	4.582081152573097	6.669182133866288	0.04762893403686132	2.0810148206125723
4.493847119666682	7.281082772762952	7.531403443038412	4.243526449391279	6.13503818489226	4.028063536078795	4.986750794574098	2.6435126194608394	2.149091708997743	0.011877223517553133	4.355016576520614	6.118926755858422	0.08971685461008297	3.0458141983587117
5.707758388686532	6.036043037257057	7.511279097163893	4.232522328779795	6.309358718243759	4.317219101230824	5.373472068849737	2.9727387491536583	2.164827612404484	0.02752064407053065	5.263587782794743	6.157267332262091	0.5578831818479901	2.98852354300698
6.104185995545638	5.635849027563424	7.515550901624709	4.224484121484309	6.254411272905456	4.210959635977649	5.434492369171043	3.216351322521865	2.3567541772546483	0.009289709477215805	5.47387694350736	6.383103709509013	0.8159281205497732	2.487551000920042
6.919901496172223	4.7876108150870085	7.281748190164212	4.425764121095019	6.0912371876643014	4.191613908422897	5.979411124837713	3.7805844202318246	2.3567541772546483	0.008083134771470013	5.56835116155939	4.914045608417645	2.64224429826003	1.581139046724673
7.0645408527360205	4.627563763327523	7.306908718856217	4.385195897207204	6.043056667285276	4.079623339472344	6.041815659975338	3.9019612030707793	2.445153666743593	0.005556335540410964	5.086112823853817	5.120701989117077	2.6540039359261023	2.8055907258982224
7.77404623041915	3.8357804906640878	6.93617674755199	4.673649973531113	5.753783498580988	4.036520497550079	6.382742452669355	4.307313086687531	2.584490200098481	0.0443224829966303	3.7341588173889186	4.329960119761779	0.6915317284303436	4.176578088732266
8.107810472246546	3.3367891075567124	6.993925542864764	4.450674036938205	5.639445338668019	4.404499281968516	6.919989706429135	4.113724704890626	2.7070816667472783	0.2451257707583322	3.164553282601204	4.139246390892945	1.438751238065514	4.9478203411354045
8.228651970432011	3.113228196061309	7.098594742865271	4.243285423628069	5.770615723313944	4.466480315528411	6.958693280618823	3.998046933811362	2.8102002600556335	0.3644264471081978	2.8520309501867285	3.9103867156124457	1.8985219629760297	5.1235193818867515
8.428490413796279	3.1696702644485057	7.484445076281054	4.113715601963728	5.769663409098464	4.633976928957649	6.991289730191994	3.7988901253131666	2.8523189773455098	0.36998441662980097	2.4961220322101907	3.8068850623704433	1.2819043590653603	3.882429234029739
8.48796379817357	3.2223317720894773	7.641637148480319	4.068658421782745	5.8571665097006	4.7554594755845745	6.912514497036264	3.6390255154434006	2.8886482900803103	0.40836647987190033	2.593840720032251	3.9972735214118424	0.9000157198482713	3.5358490228895656
7.829598382327693	2.9272471153366784	7.213643051576583	3.543202446087744	6.591669093491864	5.436982270626297	7.156588017809237	3.408581543641713	2.7863832475382377	0.4099791947745878	2.268116802710836	3.1859167431043276	0.20184951462342843	2.326066998635907
7.756491394495366	2.9953924382592008	7.18359829072217	3.568285542032413	6.589031083902064	5.588303208636832	7.297227368263775	3.4090327847748254	2.5248168645673896	0.3305017421734981	2.111469435730064	3.0095122144381827	0.8208653534658039	2.5894051967175797
7.747033882376444	3.2118479437001506	7.285580850374313	3.673300975702364	6.465662782660337	5.4768631368657505	7.204140164064678	3.3705451099933543	2.4724896262116367	0.290849634165722	2.5147468841716885	2.982105360631792	0.40599871843667623	2.4846685546007263
7.069320475543476	3.18568203436305	6.970691459142658	3.284311050763747	6.756841982656083	5.720130554057003	7.436340984117554	3.223125849968426	2.3158754258191805	0.17566749028974044	0.4305940251577527	2.4062462330710064	3.9207910091629583	2.847428562478161
6.698162785281893	3.260478768376688	6.844326799296216	3.1143147543625584	6.92683827905746	5.754979287135279	7.436340984117554	3.18827711689023	2.3158754258191805	0.09802371743308602	0.4736012297104711	2.294149664550444	4.105864041406616	2.8193073431367357
0.412997058669996	6.118063973748863	4.132069546175119	1.57299736890262	6.7897786691644955	5.060835035499196	8.294495470446028	3.0258274930175517	1.8662271141407631	0.09361962064885748	0.5597785492634396	0.23344177265516633	1.6526700338318503	1.338235072104189
0.5574874785987731	5.8804286337379414	4.912685894933918	1.5252302174034222	6.785722072123221	5.047932159754976	8.213044293166412	2.9418268094261015	1.9025984806254463	0.17066936786945913	0.03738813502895293	0.8298441762284655	2.725921166129609	1.4950226830049116
2.2884663662906166	5.556610938421039	5.748074712715737	2.0970025919959596	5.480694234061864	5.756473966969273	9.46145550116245	2.7827843529292635	1.9593414439670527	2.7706741541215076	0.34146014383338374	0.7095786789355856	2.7904680961403048	1.4360004685478698
2.3626437943048906	5.4313112940920645	5.699920340316583	2.0940347480801824	5.320109273526644	6.193798915528466	10.01288083183992	2.7850230231532156	2.0630049378040076	1.773082460943126	0.18657939531260487	0.6650925875230613	2.982908763950568	1.24510158700394
4.289392168022321	5.232574810495087	6.956444798158889	2.5655221803583945	3.8237035715938212	6.473787455704648	3.1629837582859284	10.101105803293214	3.209838125951532	0.6823584754914607	0.5405691062237116	0.031610948381095995	3.1669113556923136	0.42774379937979407
2.3352305176068264	5.802703392482709	6.615392500209326	1.522541409880418	4.39832541706651	5.923000098338238	4.615676121684074	6.872863286657201	4.00852956612331	1.8059319065629387	0.40190373850672423	0.18770452292252307	2.8024183570021353	1.323471743728177
3.8284081213904986	5.979560370591109	7.601845988061918	2.206122503919651	4.824922407079075	6.866660756731211	8.6556951057411	3.700614869960748	3.635627074977861	0.42486274339335706	0.0690949423624529	0.6879600493976706	3.684741208214785	1.2724787347352358
4.680785249754063	5.986984534514172	8.127857741331013	2.539912042937085	4.802628500801508	7.09859624591759	10.034155428626232	3.124035448833206	3.179792633126494	0.17292670655183756	1.3500488851107895	0.24925818911613012	3.0809894009574563	0.020175721428838698
4.816017303157801	5.980385856003881	8.09933593053047	2.6970672286312785	4.631358666026045	7.164788238924522	10.510039272866331	3.122356253741818	2.8412062309701125	0.018474308243710498	0.24463479855782738	0.050769435474737105	3.420441248605146	0.8218666344968639
4.710929244229121	5.962800731656645	7.92770446252923	2.7460255133565976	4.549415720418849	7.213746523649784	10.833213893572896	3.1629765616451517	2.6851904222377523	0.29682758583532093	0.12314842266717643	0.3137737260732974	3.791383584570255	1.145981353497466
4.669667925878535	5.721810297615168	7.678951103769549	2.7125271197241747	4.735223243726198	7.157500670464548	10.736185953962545	3.443734725267729	2.803601701088809	0.2531575985895442	1.5108266212810983	0.7520342288683951	3.298389666741494	3.1633989857716958
4.623145212597968	5.682082004560098	7.606232702326423	2.698994514831608	4.819412495700964	7.106408435347894	10.637977807158798	3.5220191901385185	2.7148793908224995	0.25673602253150085	0.9990965633907082	0.6772851896729633	3.701523191811509	1.162755728246866
4.531411487097304	5.5850043884324885	7.435159171149449	2.6812567043802513	5.107554023480472	7.172650771820275	10.254258740610636	3.6782552422484316	2.9690584064622922	0.6085913029260697	0.853598762150889	0.8336460786288662	3.2072035643544208	1.4693080806810959
4.317121730754889	5.7976509518041555	7.392912537669814	2.7218601448890247	5.143257663633312	7.086847737255118	10.065117789963283	3.715319074756005	2.981872854257927	0.7619171526608886	1.3504537286219382	2.262429785876597	2.634332752342681	3.370179349665191
2.6064391024238462	5.77528880136943	6.25384948105967	2.1278784227335206	5.343023052525874	6.691546218064399	9.963314281123573	3.8330327890004994	3.141854425802433	0.9172808961746448	1.2952473832079563	1.3019925519916675	1.8516541727764393	2.2940246608432124
3.053172117628934	7.7900828822943815	5.348857186873468	0.611946422207666	6.2359849243334455	5.283057118525259	10.036493943926418	4.043516125866038	3.196741506478482	1.0019950879599748	0.27973583711443223	0.9931511714213286	0.003104551319425296	2.794628918195065
3.5738960469487235	7.938800812039227	5.328635448142771	0.9637306830521896	6.195939007561238	5.053869746428807	9.891097892046389	4.419065598723097	2.800218459794796	1.2238012923223476	0.7258087641229395	0.8039536243700681	0.0049931226731425304	2.2332831634101753
0.21534147099200734	5.90584409057562	6.455474647535057	0.3342890859691427	6.125534011115239	5.493258330457007	7.84517044452473	5.301399389885939	1.4563935557143466	0.6930246159697216	2.0235031493286093	0.27475991476662714	1.2157534215723214	0.03705545399906934
3.7809340207549003	5.569898680547055	8.097989554926695	1.252843146374875	5.430453847034722	6.26867826956743	5.2612183778160695	6.430056343883933	2.5706290605823567	0.849623498479741	0.4188266802343385	0.22183595731653816	0.29571908571191785	1.37907859836277
4.512144243367899	5.620947263945985	8.313834297079666	1.8192572102341615	5.083925217099717	6.408705065524911	4.330548828371862	6.870935481628618	2.6753069412625092	1.1390601296172913	0.7388728911119746	1.663887656748997	0.24599511896227985	3.346008780366848
3.5507948838681656	8.056695649853253	5.853433281038345	1.3475325150531168	6.675326770656664	5.033034407092194	7.750301794020162	5.775796434898869	2.8995148535307878	0.14844746533964945	1.649373325393891	1.173541205439756	1.0717673559050658	2.0026709543135355
3.8099844254472224	8.08592674262187	5.441327416878479	1.1653850997044897	6.521931989899116	5.021786708078285	7.609450633615543	6.478983344100171	0.7955589273638654	0.710886120563988	1.1730716201327576	0.17251577158056958	0.6200759463603568	1.8706517030237446
0.11889186526466408	7.65433913600554	7.528701880742391	0.24452912052789644	6.03653647961778	6.029182514766862	5.460833607588387	8.95617282243201	1.2109517780636088	0.17900386291476	3.2664656492608692	0.9735758622436433	1.9497180462614148	0.2695806580462422
3.1873130345875027	5.822625857836018	8.040039086559792	0.9698998058635372	5.8910457437632235	6.569066297360923	5.162908543898216	9.243193952682596	1.5112321017652381	0.24938431969320204	2.543665198364606	0.16079336443361122	3.246940027117402	2.2619261237686703
2.1715601460562404	6.379721648625754	7.77472992644829	0.7765518682341116	5.937520654467638	6.419022138815072	8.912344775127467	5.3442114245145005	2.796398158631968	1.023645407248254	2.1419954591140864	1.1974524218740143	1.3957511675764982	1.403362397207773
2.729289599568923	5.8833900184781065	7.9090174306218	0.7036621874248336	5.97466344100697	6.300259419229761	9.586682140673435	4.8330736675331885	2.7578358833730614	0.9775141767563603	1.4336434931227304	1.1860083036846671	1.0958603011495698	1.5389063003406593
4.663293824574674	5.503609154141374	8.670279256557292	1.496623722158983	5.765156477076911	6.803989371976899	9.438391299394457	5.126067865790103	2.4394016999855004	0.8730939776258158	3.807377573085443	2.11021504088817	2.8822085299823406	4.209385917976309
5.089456081054907	5.342494070269508	8.714656700834555	1.7172934504898003	5.614204754681674	6.916924698615025	8.388678784438628	5.638664673543119	0.1037744711954285	0.6658199843489568	3.8585154770954557	2.5128407870282503	3.027815389564248	4.409331609218168
4.731801350405222	5.418590505457051	8.548364039662573	1.6020278161996866	5.576303448622968	6.763757758265949	7.8750485766108165	7.312913159815167	0.14900850096463633	0.3315613273032373	4.09804504862197	0.08285129571453086	2.927434503124706	3.9532864355292405
4.683666719779618	5.50595650730771	8.462034279908213	1.7275889471789463	5.450742317643657	6.806915224905828	6.511515073443518	8.798248763919894	0.6821328617050321	0.14720550414226347	4.1659046923742356	0.5471611732098515	2.946382354500661	3.7329936457445347
0.3333811921395995	7.772120596148353	7.616635999327597	0.48886578896138044	6.020397751205615	6.134705026444164	7.878555124119031	8.431809475021542	0.12125750150110164	0.006761951476655206	4.212199043093806	2.2115201321006874	0.6827949636225883	1.6557487795096968
3.177325198172001	6.538547180271469	8.351142839862616	1.3647295385807898	5.605430391870104	6.635601750333337	5.456209246344402	9.677522574958317	1.2966454211034728	2.205471025278066	4.8993472321055185	2.3475445575962524	2.3883246468119554	2.224728143320449
4.102541100733811	6.404886842089374	8.598591875566688	1.9088360672563134	5.263934041224205	6.841314139658511	5.806933082761738	9.54933644244393	1.5434228742262392	0.51313620299162	5.181129395023439	2.3722645861093166	3.1194121150147103	2.6935513812414267
4.305515134395039	6.357896533701116	8.48825348248022	2.1751581856158135	5.180026895988228	7.0239508046054135	5.158337190134332	9.795276683576501	2.3135555303972706	2.1960739088691317	5.360406511392552	1.7911590493898097	3.315758864412669	3.112852712871557
4.2404467980623	6.395486210104525	8.54390937502438	2.092023633142286	5.220091099998962	7.02049166674338	4.819604494161758	9.909505636461784	2.099488645025472	2.9388970924247246	5.4595010485356665	2.4327016638064385	3.4219731153639565	2.948855542124964
4.115046962529592	6.366917777160592	8.644269845662608	1.8376948940277382	5.328934104614152	6.912155858715296	4.776839340757057	9.829590556585371	1.9302639515607507	3.088750270026359	5.205524805674738	3.110813121959809	3.175091893704703	2.354343237034129
4.085633907513756	6.366917777160592	8.733526329332452	1.7190253553419235	5.288866001627158	6.876539171545043	4.1031062732936725	9.84386585088238	2.3081266377582117	3.0075300179453968	5.389311759973354	3.532472421926313	3.269565018323744	2.0964431555136245
4.186402241951298	6.394729019090274	8.665207875946095	1.9159233850957087	5.162353652871989	6.946924852543646	4.1031062732936725	9.84386585088238	2.4756785038305664	3.158166787232175	5.537573690574385	3.511076583341136	3.426793157290426	1.8599271564977193
4.119456180132478	6.432279163660705	8.670975148227189	1.8807601955660458	5.162353652871989	6.911761663014111	4.061621863007648	9.84386585088238	0.21505174816635436	3.3598497563293948	5.590064929918428	2.8592730025689814	3.4417342520642524	2.3964816910639177
4.205552750333329	6.393714359401305	8.757071718427964	1.8421953913067166	5.200918457131476	6.911761663014111	3.9788196461421124	9.904529071424527	0.028571554425628764	3.3497563817411384	5.590064929918428	2.7896245418651056	3.4417342520642524	2.4667728329417646
4.389009071472735	6.549655860323362	8.797665739594358	2.140999192201937	5.047494914625916	6.977021882322574	3.732714665351161	9.993482945556464	0.07895483821396276	3.4021732491675563	5.567399705325794	2.4946616165996787	3.5015394133386835	2.8225848848162274
4.513494403862496	6.512025475885991	8.779738930542052	2.2457809492063623	5.047494914625916	7.0818036393271395	3.689085425706493	9.956521701254053	0.046176284737981785	3.4391344934698975	5.637509928295158	2.3776596285386287	3.6092800207453797	2.941779224320355
4.6753402592970525	6.553423088838355	8.72719274884979	2.5015705992856634	5.013431895685681	7.263634171585772	3.7293631060549326	9.864660981333042	1.554089143745848	3.3361656780796882	5.608612399534167	2.661410418537075	3.5885221104316596	2.28567330479832
4.878592857396866	6.570461316153904	8.800116651114156	2.648937522436524	4.975352306216149	7.33273002809214	3.771523270388808	9.864660981333042	2.025631945164627	3.2856555009249573	5.655302329232701	2.688740820421403	3.5841797111189067	2.302177125355136
4.850909191937525	6.609698586736501	8.820445907771433	2.6401618709026953	4.936115035633645	7.327598035826272	3.6891716288797283	9.821780051482316	2.309194751487129	3.4373650656536823	5.547379560205048	2.759579180687988	3.4762569420914025	2.097157490838355
4.879353413193291	6.737988270629381	8.848890129027126	2.768451554795701	4.848076755163693	7.327598035826272	3.607827032788513	9.821780051482316	2.468971004421758	3.3867355240335852	5.547379560205048	2.7880234019437693	3.4762569420914025	2.097157490838355
4.964352946922433	6.777445802529234	8.864986167541822	2.876812581909863	4.848930647241381	7.356501197435205	3.649757056800234	9.861780385087819	2.727386596287867	3.3361656780796882	5.547379560205048	2.2653044407754286	3.5438997701402166	2.583189330980773
5.058656058762832	6.818653220199655	8.921376399968489	2.955932878994018	4.810181889040271	7.356501197435205	3.6505889041053616	9.910700221115452	2.686183210100217	3.2872458420519406	5.5240253188674675	2.1635068379377147	3.536277587220665	2.6607160793569706
5.104713084702525	6.846555344933335	9.0053463053219	2.9459221243139964	4.820192643720336	7.356501197435205	3.6505889041053616	9.959683267780063	2.728253700596793	3.2044105072911804	5.561938198281122	2.2218827062635884	3.580952473981494	2.6060171227984927
5.104713084702525	6.886271638033753	8.957372377954549	3.033612344781876	4.780476350619811	7.364534572472953	3.5682372625962495	10.060809623534654	0.6574423230092008	3.1432247038662644	5.500774700204331	2.253417515680138	3.5643597794487922	2.5744823133820685
5.015408243752767	6.808233954450331	8.881268850574049	2.9423733476290117	4.919746873532273	7.412566098232726	3.5682372625962495	10.110000980650312	0.31424108951287527	3.0940333467503933	5.515502155886478	1.6851921223412403	3.6066849905394465	2.9551452093094985
5.053280699931342	6.770361498271605	8.867543689017957	2.956098509185069	4.919746873532273	7.426291259788857	3.5682372625962495	10.110000980650312	1.6602901694072107	3.060121255322444	5.431223535342126	1.509731669158047	3.6045392336701303	3.025725466233619
5.066054832980561	6.780067372210048	8.910833707084684	2.9352884981058853	5.006932447963385	7.455080720547031	3.570532026241984	10.149881846889663	0.7560536640420682	3.0095620371610483	5.391784007850882	0.16993260952864228	3.5541260631394778	4.202800045743647
5.122117221657656	6.701074429772351	8.884540347629931	2.9386513038000666	5.126414192183467	7.537436468678773	3.5300432244594817	10.149881846889663	2.074728136459036	2.9755655286487217	5.345772161394419	0.11276279521966825	3.552066988849145	4.31603224873203
5.122117221657656	6.661680975721566	8.850368982325191	2.9334292150540646	5.165807646234129	7.571607833983519	3.6123948659686285	10.149881846889663	2.51385743278123	2.9755655286487217	5.299858257493755	0.4268113870862715	3.4835805327173954	3.936990123970102
5.112521119089815	6.503489084283891	8.810352931982816	2.805657271391059	5.3212616054644455	7.639778651333022	3.652883667751063	10.149881846889663	2.5728747616017844	2.9755655286487217	5.200452537458448	0.6279669701703668	3.4774985692820155	3.725151096719746
