0	1	2	3	4	5	6	7	8	9	10	11	12	13
7.387358048167037	6.132759775297616	8.446076892662918	5.074040930801685	4.625383626656321	2.0533433506337997	4.9780473579241376	2.8559769669216997	1.7530607792835733	0.2482252911061721	3.5143094357535722	4.932715350862006	1.5959702710892796	4.021673473873292
8.468997674761527	5.340020839999056	8.771567094362714	5.037451420397729	5.10702453311269	2.5400297128438165	5.066728718671226	2.8528064756309117	1.7709998369451516	0.2123214939989778	3.3082275944689776	5.23559507914592	1.4440463954909044	4.882329189599611
8.751587723464434	5.07367746132406	8.670354494906842	5.154910689881519	5.307891028913803	2.8163407568713823	5.024713997413959	2.8936287157611025	1.8244021774869412	0.2084993138474298	3.305756765193482	5.130556167442185	1.3402922945869349	5.018897601245688
8.918060819440962	4.858335406152421	8.685123324296434	5.091272901297042	5.415277414076366	2.9451293387417334	5.078110393782368	2.849465774151133	1.7710057811186617	0.16762227016544434	3.197801095184717	5.108196128638015	1.3886249350345652	5.143787452268234
9.064579801032453	4.8659946395478695	8.795629685678643	5.134944754901713	5.415277414076366	3.0320800399628585	5.131572554724729	2.806186926534529	1.7710073993699682	0.16762227016544434	3.2054603285800054	5.169264028242385	1.3402922945869349	5.280983917553028
9.002650963097377	4.927923477483062	8.80227213727143	5.128302303308925	5.457214818103188	3.0254375883699187	5.178335551164001	2.806186926534529	1.6823069989037291	0.12806153242523904	3.2673891665153207	5.076194495338359	1.3886249350345652	5.326037274244783
8.94852968535291	4.927714218452409	8.765428356213032	5.110815547592132	5.511545354878262	3.063792154791371	5.178335551164001	2.8046761411716012	1.6823069989037291	0.08855182571279993	3.37450321378482	5.0232834198003165	1.2872995250619754	5.378948349782793
9.007237794175142	4.927714218452409	8.824136465035222	5.110815547592132	5.511545354878262	3.106942944018109	5.178335551164001	2.7615253519447904	1.661752595688117	0.04909308884577746	3.3215104442598	5.029006238350666	1.3402922945869349	5.431933640054598
8.94852968535291	4.927714218452409	8.765428356213032	5.110815547592132	5.511545354878262	3.0652984717853107	5.178335551164001	2.8031698241777674	1.661752595688117	0.009685260599281991	3.3215104442598	4.970298129528468	1.3402922945869349	5.383843463561485
8.94520778889152	4.989744223735821	8.830800688862452	5.104151323764966	5.458834196016521	3.101720177055131	5.2310467100258435	2.7600838950806033	1.6083810797852967	0.009685260599281991	3.3835404495431782	4.975946667908268	1.3402922945869349	5.392829652005114
8.94520778889152	4.989744223735821	8.830800688862452	5.104151323764966	5.458834196016521	3.101720177055131	5.1958742633809125	2.7600838950806033	1.6435535264300714	0.009685260599281991	3.3304514366821505	4.975946667908268	1.34631744642983	5.348830239193729
8.94520778889152	4.989744223735821	8.830800688862452	5.104151323764966	5.458834196016521	3.101720177055131	5.1958742633809125	2.798486880543264	1.6435535264300714	0.031109068485385024	3.3304514366821505	4.975946667908268	1.34631744642983	5.300679232275152
8.886499680069358	4.989744223735821	8.728768834119405	5.147475069685844	5.458834196016521	3.1450439229760954	5.1958742633809125	2.798486880543264	1.6764324511722521	0.031109068485385024	3.276007731596631	4.917238559086101	1.450371046064666	5.300679232275152
8.94060489250785	4.935639011297384	8.678726996444876	5.197516907360428	5.458834196016521	3.195085760650606	5.1958742633809125	2.798486880543264	1.6435535264300714	0.031109068485385024	3.220639603142394	4.917238559086101	1.4516339620806402	5.300679232275152
8.94060489250785	4.935639011297384	8.678726996444876	5.197516907360428	5.553405610090389	3.195085760650606	5.101302849307117	2.798486880543264	1.6435535264300714	0.031109068485385024	3.220639603142394	4.970298129528468	1.4516339620806402	5.295770668751192
8.94060489250785	4.935639011297384	8.635489865095721	5.240754038709479	5.553405610090389	3.238322891999709	5.047774895485794	2.798486880543264	1.6437712401575897	0.008244726957764346	3.220639603142394	4.970298129528468	1.4516339620806402	5.295770668751192
8.94060489250785	4.883346118857891	8.635489865095721	5.188461146270115	5.6056985025298	3.238322891999709	5.047774895485794	2.798486880543264	1.6437712401575897	0.008244726957764346	3.220639603142394	5.0232834198003165	1.4516339620806402	5.2908625505227835
9.031668295810245	4.829123486433086	8.629169005051082	5.231622777192158	5.6056985025298	3.28148452292183	4.994312734543485	2.836835076633939	1.6972334011001553	0.009301099807651795	3.1664169707175125	5.11303526621583	1.4516339620806402	5.2379514749846905
8.973071965220331	4.829123486433086	8.570572674461202	5.231622777192158	5.6056985025298	3.28148452292183	4.994312734543485	2.836835076633939	1.6972334011001553	0.009301099807651795	3.1664169707175125	5.054438935626068	1.4516339620806402	5.2379514749846905
8.973071965220331	4.829123486433086	8.570572674461202	5.231622777192158	5.6056985025298	3.28148452292183	4.940916338175126	2.836835076633939	1.7506297974682996	0.046209457995655505	3.1664169707175125	5.054438935626068	1.4516339620806402	5.2379514749846905
9.02741230284603	4.774783148807316	8.613734305383357	5.188461146270115	5.6056985025298	3.238322891999709	4.940916338175126	2.836835076633939	1.7506297974682996	0.046209457995655505	3.1654602247279624	5.054438935626068	1.3982503704444385	5.194019241329996
9.089489940826969	4.712705510826436	8.613734305383357	5.188461146270115	5.6056985025298	3.238322891999709	4.940916338175126	2.836835076633939	1.7506297974682996	0.046209457995655505	3.1033825867471863	5.054438935626068	1.3982503704444385	5.194019241329996
9.089489940826969	4.662163390842742	8.56362802753292	5.188025304136725	5.656240622513686	3.24534324075329	4.940916338175126	2.920845850235639	1.7506297974682996	0.005284613561722782	3.1033825867471863	5.054438935626068	1.3982503704444385	5.194019241329996
9.089489940826969	4.662163390842742	8.56362802753292	5.188025304136725	5.656240622513686	3.203761399430871	4.8875856776889774	2.962427691557992	1.8039604579545565	0.005284613561722782	3.1033825867471863	5.014300985692837	1.3498339523164538	5.234157191263196
9.085442740542442	4.65998560355914	8.54833292179789	5.197095422303679	5.656714840834575	3.160535477206989	4.834815418977135	2.962427691557992	1.8039604579545565	0.005284613561722782	3.048908759072825	4.955779957733936	1.3498339523164538	5.234157191263196
9.085442740542442	4.65998560355914	8.54833292179789	5.197095422303679	5.656714840834575	3.160535477206989	4.870100412368953	2.924083065393229	1.7686754645623326	0.04362923964795424	3.048908759072825	4.915715991213042	1.3498339523164538	5.27422115778406
9.08897204404247	4.648549523564874	8.489887173271274	5.247634394335987	5.6061758688020875	3.160535477206989	4.870100412368953	2.9650663375735165	1.7686754645623326	0.0026459676754798885	2.9869337070461643	4.857270242686343	1.3498339523164538	5.278352816656513
9.052023119441506	4.648549523564874	8.496239915029115	5.204332727977094	5.659023187248316	3.158815652170291	4.8172530939227585	2.923484496251255	1.7686754645623326	0.0026459676754798885	3.040220173043706	4.820321318085413	1.296547486318744	5.278352816656513
9.052023119441506	4.7009346651379955	8.496239915029115	5.256717869550151	5.606638045675184	3.1156670921678096	4.8172530939227585	2.966633056253769	1.7686754645623326	0.0026459676754798885	3.040220173043706	4.820321318085413	1.296547486318744	5.234560922776699
9.052023119441506	4.650399015465694	8.446035419960284	5.256386714946767	5.657173695347487	3.165871587236718	4.8172530939227585	2.966633056253769	1.7686754645623326	0.0367552811288791	2.9869337070461643	4.78033116968304	1.3498339523164538	5.230832408895463
9.052023119441506	4.650399015465694	8.446035419960284	5.256386714946767	5.710098152328821	3.165871587236718	4.764328636941496	2.966633056253769	1.7686754645623326	0.0367552811288791	2.9869337070461643	4.78033116968304	1.3498339523164538	5.187186845448391
9.052023119441506	4.650399015465694	8.446035419960284	5.256386714946767	5.710098152328821	3.165871587236718	4.764328636941496	2.966633056253769	1.7686754645623326	0.0367552811288791	2.9869337070461643	4.78033116968304	1.3498339523164538	5.139217027966932
9.143578979729277	4.648273124653076	8.482984344561244	5.308867759821204	5.6576171074544765	3.165871587236718	4.764328636941496	2.966633056253769	1.7686754645623326	0.0367552811288791	2.932326771359267	4.817280094284032	1.3982503704444385	5.139217027966932
9.143578979729277	4.648273124653076	8.482984344561244	5.308867759821204	5.6576171074544765	3.165871587236718	4.764328636941496	2.966633056253769	1.7686754645623326	0.0367552811288791	2.932326771359267	4.817280094284032	1.3982503704444385	5.095651455669945
9.143578979729277	4.698805276663454	8.533188839630146	5.309195416762505	5.607084955444252	3.158815652170291	4.764328636941496	2.923484496251255	1.7686754645623326	0.0367552811288791	2.932326771359267	4.817280094284032	1.3982503704444385	5.095651455669945
9.143578979729277	4.698805276663454	8.533188839630146	5.309195416762505	5.607084955444252	3.158815652170291	4.764328636941496	2.923484496251255	1.7686754645623326	0.0367552811288791	2.932326771359267	4.817280094284032	1.3982503704444385	5.095651455669945
9.180452648569876	4.698805276663454	8.570062508470727	5.309195416762505	5.607084955444252	3.1156670921678096	4.764328636941496	2.966633056253769	1.8015850776434186	0.0367552811288791	2.933490420969437	4.894143911526864	1.3486703027062663	5.0556613072676315
9.235177761093	4.644080164140342	8.570062508470727	5.309195416762505	5.660086629465185	3.1156670921678096	4.658089754163722	2.966633056253769	1.8548222864004607	0.07610583028241148	2.826739261083751	4.894143911526864	1.3523596047874373	5.0556613072676315
9.198304092252469	4.644080164140342	8.533188839630146	5.309195416762505	5.7017963790713635	3.1156670921678096	4.616380004557609	2.966633056253769	1.8548222864004607	0.07610583028241148	2.879924688301139	4.897334209207222	1.34631744642983	4.967561615715151
9.198304092252469	4.644080164140342	8.533188839630146	5.309195416762505	5.7017963790713635	3.1156670921678096	4.616380004557609	2.925649784073323	1.8548222864004607	0.035122558097409634	2.879924688301139	4.897334209207222	1.34631744642983	4.967561615715151
9.198304092252469	4.694519754061535	8.583317440926344	5.309506405387452	5.651356789150319	3.065538490871564	4.616380004557609	2.925649784073323	1.8548222864004607	0.035122558097409634	2.879924688301139	4.897334209207222	1.34631744642983	5.011120029940536
9.253147665479517	4.639676180834361	8.583317440926344	5.309506405387452	5.746030695162442	3.1086870508742552	4.521706098545461	2.8825012240708165	1.8548222864004607	0.035122558097409634	2.8239217352193298	4.897334209207222	1.3486703027062663	5.011120029940536
9.253147665479517	4.692242459896332	8.633370243842359	5.312019881533502	5.69346441610039	3.1002787201910986	4.521706098545461	2.8408567518378733	1.8548222864004607	0.07203748291797789	2.8227580856090255	4.937472159140374	1.4467465892518498	5.014613659224052
9.246076006551355	4.751972939308592	8.72675751371785	5.271291432142031	5.640805595616442	3.006891450315415	4.521706098545461	2.7999283374074264	1.8548222864004607	0.031109068485385024	2.8298297445374523	4.97768425810058	1.4953227365332693	5.018106438238084
9.301143113626347	4.747244887847083	8.776669579680878	5.271718421792595	5.685102434015745	3.041776689478335	4.427070204532529	2.7151310322816617	1.8016038481999674	0.031109068485385024	2.7735946944673024	5.111229815486995	1.5938832705067874	5.016116646594796
9.301143113626347	4.747244887847083	8.776669579680878	5.271718421792595	5.685102434015745	3.1695443756061716	4.427070204532529	2.5873633461535044	1.8016038481999674	0.031109068485385024	2.825907827350339	5.151685664345689	1.5903868367134346	5.06373359254646
9.3563297343529	4.69205826712047	8.776669579680878	5.271718421792595	5.685102434015745	3.1695443756061716	4.427070204532529	2.5464897210882733	1.8016038481999674	0.00976455661283136	2.7707212066238096	5.245080138546867	1.6392839750569457	5.062583128000316
9.235777182018689	4.751836522523766	8.68134857294008	5.306265131602397	5.687506238086742	3.2483331474606576	4.427070204532529	2.504651463114598	1.8016038481999674	0.00976455661283136	2.9904294282791772	5.402530372436684	1.826300790623113	5.113246913021476
9.228752998660594	4.809019372023932	8.68134857294008	5.356423797744398	5.826503352583005	3.333141043779792	4.237914423894037	2.4581952499276727	1.8548222864004607	0.008327798265152063	3.2084679151835753	5.8154139167151415	2.5707199618974648	5.47462049341379
9.191768423019774	4.809019372023932	8.644363997299246	5.356423797744398	5.8797940647868145	3.375106301359905	4.096111697038668	2.413715010071809	2.049954531143818	0.010842780517219312	3.3149640439912673	5.99878990103075	2.716161325306567	5.580050938965916
9.126384604498838	4.765913811172488	8.58603328406907	5.306265131602397	5.929952730928918	3.375106301359905	4.184623711690333	2.413715010071809	2.0148443340455433	0.010842780517219312	3.3752141393470407	6.013696053763267	3.035159216924778	5.496519961133277
9.063812147868878	4.778235414034416	8.58603328406907	5.256014277834175	5.926912872493156	3.375106301359905	4.237914423894037	2.413715010071809	2.0148443340455433	0.05019332971072037	3.491484592919687	6.002742069959327	3.0389595193157106	5.457257581892372
8.880048166913438	4.9539949408454005	8.527777976156413	5.306265131602397	5.888647719802836	3.417951727694798	4.172757035439898	2.3708695837368268	2.0680160214222143	0.05019332971072037	3.941918588984013	6.2423497608084295	3.5160237023155214	5.676938688481749
8.666443025858992	5.0722544657452815	8.48217255198883	5.256524939615443	5.888647719802836	3.4109941965004467	4.172757035439898	2.3280869229442764	2.0680160214222143	0.05019332971072037	4.224948383991616	6.147004144653859	3.465949887254957	5.675966106459653
8.368864434816505	5.303788436811412	8.409335393690172	5.26331747793755	5.838489053660735	3.410348054147629	4.172757035439898	2.285366937477134	2.0680160214222143	0.05019332971072037	4.5751712733501275	6.550553435737418	4.199405412082566	6.475153459515913
8.310876049647952	5.35385509210844	8.444473835367138	5.2202573063891995	5.788422398363668	3.317221227302219	4.172757035439898	2.244609398438919	2.0680160214222143	0.0909508687422808	4.577703907371936	6.580329043651667	4.326645703479871	6.587989249385347
7.880720682269317	5.638139544705905	8.283121036658136	5.235739190316976	5.875116016689675	3.2300918189284724	3.9303459293462115	2.244609398438919	2.121122216887989	0.0909508687422808	5.048485603783148	6.730878253059975	5.058821609793579	7.118567969226708
7.7304435713755435	5.693030776039257	8.237364850034341	5.186109497380448	5.969707719862681	3.1811496368452317	3.8357542261733037	2.2439218875851137	2.121122216887989	0.0909508687422808	5.16418953974607	6.761152841716366	5.138922982859517	7.258635658459581
7.1345483060167325	5.933974364440769	7.976071033606523	5.092451636850856	6.073235010353805	3.1374618221512742	3.782196981517722	2.2439218875851137	2.1745851858954013	0.0909508687422808	5.405544254561918	6.321450391415542	5.80288974942405	7.535400752117659
6.96547673500159	5.938282491656689	7.861369621629733	5.042389605028403	6.189613601771193	3.1374618221512742	3.7158804219226735	2.2439218875851137	2.1745851858954013	0.0909508687422808	5.4618160102926785	6.07278582244543	5.875063628921917	7.255471060398963
6.701112869129927	6.011202518285634	7.8170957137344255	4.895219673680946	6.111609840376915	3.227349554545133	3.8938988397661856	2.159919613694766	2.2276259192971017	0.13035211732511823	5.577851038209872	5.882157403277044	6.573134053021502	6.267322532388909
6.529826273585979	6.13214589557104	7.8170957137344255	4.844876455422456	6.079117701540106	3.184691228959179	3.97673419686151	2.1642740315018765	2.2276259192971017	0.2081080338128847	5.750835688981557	6.00641222856882	6.728275410635479	6.305367601686277
6.189996551167262	6.40900234619311	7.695558927160667	4.9034399701997335	5.931224465913118	3.2326900622639565	4.036573573224162	2.162940821928704	2.209557989069978	0.1304421407590934	6.034760841280873	6.872144055841493	7.26433202948954	7.7066967703453075
6.006169952385683	6.515349912399927	7.661976332785616	4.859543531999983	5.877602265985124	3.188793624064255	4.09019577315211	2.162940821928704	2.156156171516635	0.1304421407590934	6.199245151315361	6.927984480937462	7.337315505268496	7.8877838154309945
5.889360887623267	6.615935504636854	7.6445792545969065	4.860717137663443	5.777016673748226	3.132040797634661	4.09019577315211	2.120281661784514	2.156156171516635	0.16994843932271353	7.690360299125957	6.923180726424266	6.663991039079601	7.477740124997111
5.699916447856004	6.769148298433784	7.557723106604535	4.911341639685238	5.718374952867379	3.167579433143778	4.048621266822007	2.0351513010866875	2.069936568437666	0.13299598854864478	7.085567644918034	6.882505222115862	7.172579036437185	7.626135825260488
5.549470344907504	6.938519684147935	7.527056664181289	4.960933364874227	5.718374952867379	3.2587021971668833	4.048621266822007	1.9936202622524908	2.069936568437666	0.17255672628889254	6.5030559448816705	6.607426466102057	5.597985746707762	6.1752127076769066
5.555139802754847	6.991141420281327	7.585347858162029	4.960933364874227	5.718374952867379	3.3010484712058603	4.048621266822007	1.9512739882133996	2.069936568437666	0.13555666631127414	6.3790764966558555	6.409710128348543	5.462388426747271	6.136057578450977
5.5663210451634875	6.929898146050301	7.535679987804624	4.960539203409337	5.726862478359644	3.350463718011124	4.09019577315211	1.9515266117656742	2.069936568437666	0.17517199316791066	6.19163784742982	6.362000410960346	5.516509112923918	5.777487336966577
5.378006199633794	7.254363350418023	7.804006348362536	4.828363201689124	5.6733181124712155	3.2180343408896968	4.14374013904062	1.911019057728679	2.069936568437666	0.2159329226049678	6.167504088836356	6.385581430065471	6.55060697034094	3.087549906849412
5.352655304277104	7.307712367684864	7.9706591890447	4.689708482917254	5.723472307859629	3.12953381750606	4.14374013904062	1.9517799871671062	2.069936568437666	0.17255672628889254	6.153359971848528	5.403009320032576	6.89766674708036	3.117176990894064
5.139063625782008	7.673634732525402	8.084230732431202	4.728467625876195	5.416787698571535	3.0419007206858177	4.185896013738907	1.866645917205622	2.122938993286993	0.13299598854864478	5.481799192560988	7.404779527834013	6.769741620677875	7.402738473146259
5.916069182719048	7.050703643948024	8.07512551821269	4.89164730845429	5.2989324144069085	3.034729248124846	4.14374013904062	1.82398348863276	2.069936568437666	0.16994843932271353	7.77007062331265	3.6079833461765927	3.0029681315925933	3.677106340094597
6.200482843110349	6.873357563719547	8.07512551821269	4.9987148886172905	5.245409200132391	3.0774553994244176	4.09019577315211	1.7812573373331995	2.069936568437666	0.16994843932271353	7.623962667799246	3.7938561588546023	2.864662426714479	3.077957288447864
5.9526482694569	7.095704473136755	8.040716115534586	5.0076366270589325	5.191734678443332	3.075492585453121	4.09019577315211	1.7792828677119192	2.069936568437666	0.1291329396700569	6.438403814526787	6.623571665055701	3.1025753905345863	5.616342014655145
5.820523208222643	7.0981536846309	7.956207438017209	4.962469454836338	5.200269456084882	3.123366413798965	4.131848113575583	1.7364289852086612	2.069936568437666	0.1686901944434011	6.11259773754963	7.2394528865617955	3.116558358484357	5.13562327621924
5.336110878593908	7.422602037343172	7.8411439435188015	4.9175689724182305	5.158539106935756	3.1213838223606305	4.173578462724934	1.6935110942290281	2.069936568437666	0.2110160397022707	5.93809945140753	6.920432731688754	1.2321500542084707	4.866106932232005
5.048467561968897	7.539121023426631	7.71533441342554	4.872254171970055	5.167011904317168	3.083560670312712	4.2153869955557255	1.7363007760410116	2.102815493179773	0.2507302371953624	5.539281963959057	6.837530800234541	1.2324005425440558	4.972028306549545
5.048467561968897	7.539121023426631	7.760383475151584	4.827205110243954	5.167011904317168	3.0385116085864348	4.2153869955557255	1.7363007760410116	2.102815493179773	0.2904957100375188	3.698462891555656	6.635569257048535	2.2443252365628528	4.204595197266127
4.967487997243689	7.5894023536390325	7.67940391042629	4.877486440456251	5.158539106935756	3.081493891612525	4.2266464742676835	1.6933184930151401	2.049747481636977	0.3303125192120416	3.3439715274034696	5.834942198205058	2.528527445601303	3.986466040598297
4.860425010013332	7.652582214422311	7.635520783979311	4.877486440456251	5.158539106935756	3.081493891612525	4.2266464742676835	1.6933184930151401	2.049747481636977	0.3701807256625055	2.589760894224667	4.871931306710814	1.6904747405241782	3.5111632727556543
5.012630747879657	7.600817572445764	7.735961879869132	4.877486440456251	5.158539106935756	3.1245404705732724	4.2266464742676835	1.65027191405433	2.1030881599739963	0.3701807256625055	2.2135506357769987	4.983832715957806	1.739340034914653	3.192346947521726
5.0533164614308355	7.600817572445764	7.776647593420235	4.877486440456251	5.158539106935756	3.1245404705732724	4.2266464742676835	1.65027191405433	2.1030881599739963	0.3303125192120416	2.1468803802621355	4.910051769651649	1.87290637969675	3.1808435459966287
5.02015462786348	7.6122787397473965	7.754946927154491	4.877486440456251	5.104955292375378	3.167651441139133	4.280230288828052	1.648031081512027	2.135875107868053	0.2894423811905323	2.251264528502947	3.698302218172559	0.12299950285218908	3.541154997704101
5.099166044905539	7.558597895964239	7.833958344196533	4.823805596673033	5.158636136158486	3.167651441139133	4.280230288828052	1.648031081512027	2.1030881599739963	0.3293105876393675	2.135798492110076	2.738213402008102	1.167172229819675	1.4835494807252427
5.151136960227376	7.506626980642288	7.883911749076863	4.773852191792777	5.158636136158486	3.117698036258787	4.280230288828052	1.648031081512027	2.1030881599739963	0.3293105876393675	2.091952972879716	2.542849102714184	1.2981237258160974	1.4413783889330074
4.976386797153437	7.555210686364684	7.761132501324756	4.770464982193343	5.245445484002658	3.246384899374266	4.196808150583476	1.557637707999297	2.1030881599739963	0.33093676266753586	1.7177388347789166	2.435819043105096	1.7673075393777964	0.8962401812997344
4.924530766062862	7.657172573511625	7.81100733329748	4.770696006277025	5.195339627946091	3.1965100674015057	4.196808150583476	1.557637707999297	2.1030881599739963	0.2910170980384578	1.5891448836558772	2.027509866765788	1.7193574486493104	1.1053849467740984
4.965543011638462	7.603691745172813	7.85201957887304	4.717215177938173	5.302364822173542	3.1965100674015057	4.143263784694894	1.557637707999297	2.1030881599739963	0.2910170980384578	1.4695705447040401	1.8100623576922814	1.5997831096974457	1.0175665900227546
4.924530766062862	7.603691745172813	7.81100733329748	4.717215177938173	5.248820456285016	3.2397486553458075	4.14374013904062	1.4735325371852728	2.156156171516635	0.36881016458278393	0.6969368088494855	1.0621456822587263	1.9359457488742007	0.25094072004588647
4.924530766062862	7.653710321486603	7.81100733329748	4.767233754251966	5.198801879971121	3.2397486553458075	4.14374013904062	1.4735325371852728	2.156156171516635	0.32894589570258476	0.5216632693895793	0.7404362440808333	1.9479558778804582	0.2996503181107069
5.069369958050728	7.5498833750741925	7.85201957887304	4.767233754251966	5.2403962249698095	3.282406860463155	4.102145794041967	1.430874332068259	2.156156171516635	0.28913294764840164	0.4411320238733961	0.3061002342094313	2.4389016794963596	0.10475812027220587
5.069369958050728	7.496501997621617	7.80695442964684	4.7589175260256225	5.335294363068352	3.327472009689474	4.060629033396034	1.430874332068259	2.156156171516635	0.32601596985169606	0.3832224220920707	0.3552948864046678	2.4923720369061253	0.03125715135489946
5.031303160707393	7.496501997621617	7.768887632303386	4.7589175260256225	5.335294363068352	3.327472009689474	4.060629033396034	1.430874332068259	2.156156171516635	0.32601596985169606	0.05870228168738817	0.6845976424577832	3.2565560012951598	0.7880411412048249
5.0123699366809715	7.546433596973416	7.799742956901628	4.759060576752741	5.3268021134050025	3.2776834610647345	4.019189683707596	1.430874332068259	2.156156171516635	0.32601596985169606	0.13876497105027963	0.7107421770283122	3.2908411155185955	0.810808916346491
5.055952255985042	7.546433596973416	7.8433252762058325	4.759060576752741	5.3268021134050025	3.320277283692856	4.019189683707596	1.388280509440056	2.156156171516635	0.32601596985169606	0.23996645661132718	3.2234124391684533	3.3473263016298525	0.8735857161977013
4.878157409684779	7.805142286899767	7.978571531296096	4.704728165288367	5.368164225209302	3.350939764695682	4.013222610683656	1.3441521998424357	2.153548080630473	0.2880793128334002	0.1942585326607387	2.5781636965894656	3.839266766434657	2.5817287906112742
4.867089321328387	7.80325943884974	7.973970548852457	4.696378211325642	5.421446520253818	3.4382733729185615	4.013222610683656	1.3017509327011818	2.153548080630473	0.2880793128334002	0.2972228057061992	2.3774669369573647	3.6121441733067905	2.543591913849932
4.459951985518441	8.051105560675776	7.844524359986108	4.666533186207889	5.52735023834934	3.5668248724138594	4.066610106572332	1.3026456220724143	2.153548080630473	0.2910170980384578	0.11188104511827963	2.8454276986950364	3.2150160768233116	2.648576578226399
4.429610778388303	8.198896725966987	7.969888066365299	4.658619437990053	5.477084230888187	3.5619556215442087	4.119920611381668	1.3026456220724143	2.153548080630473	0.2511488915892038	0.4391074653500745	3.046615511027861	3.5940406356674397	2.65394778304987
3.634870061884672	8.529238159438275	7.679754442249357	4.484353779073685	5.63385237173208	3.649956414523812	4.226310945360913	1.3035376449996898	2.153548080630473	0.2511488915892038	1.140010860565339	4.391820291248489	2.969924500072537	3.3664606634298315
3.399980147388988	8.566829507234692	7.550668622733437	4.416141031890325	5.737572110108738	3.695440150299391	4.314720530995286	1.3466408791757267	2.1182184737538994	0.2511488915892038	1.4702116713016493	4.586513742393388	2.858151456427021	3.255191356713147
2.884642661200424	8.699356903745192	7.396628721263253	4.18737084368236	5.939871729287151	3.6994540998776295	4.473500618397893	1.5158576544771942	2.1182184737538994	0.21022768507869136	2.1113064829039985	5.26040169002318	2.4562686937640095	2.68506736779843
2.236436200927837	8.978530509087989	7.145416303913079	4.0695504061029535	5.987427657040358	3.7443675951356643	4.631592528986865	1.5587715599816754	2.1182184737538994	0.17041087590223525	2.577609703087775	5.38731553157292	2.384796899837858	2.546518186179676
3.197053593026367	8.219509949472913	7.262008136592872	4.154555405906356	6.084205230719483	3.8372433686618206	4.78836668403364	1.8983765605645406	2.1711666214294483	0.08689708401675776	2.56716817403407	5.9050268309763085	2.1278219791548665	1.8983795631594569
3.4030852425863403	8.021225422094394	7.248681263979933	4.175629400700838	6.17239500812834	3.9245539722725953	4.886462037463654	1.9831335690256355	2.0825652797309706	0.12660757246643553	3.016884213640276	6.105217109647342	2.6781421911464975	1.5091044633165238
4.321818202377794	7.4764215750356655	7.370719730431087	4.427520046982343	6.217702286606993	4.124967070848503	4.98959519900511	2.2359074269173065	2.0289844141345355	0.16636926036636882	4.561318295460019	6.887495486072715	1.834167600667361	1.8415683968813406
4.449304141987388	7.2177078871812395	7.3536637444942246	4.313348284674226	6.356528934353275	4.034324429958583	4.947056207650524	2.3614567688849126	2.0488961688417886	0.20618220842208393	3.664784452018533	7.172550093057424	2.5052495592473907	1.9998145535304204
5.824511238266099	5.983661398250459	7.515125901782598	4.293046734733987	6.338364020096154	4.076733748284447	5.2536020550279625	2.730744752287407	2.154282716060049	0.16502091124208396	5.0908103729199725	6.302680359983469	1.3227472264493148	3.3263160164845305
6.008932643389526	5.774364770017783	7.464617522010592	4.318679891396631	6.375395609383136	4.035612994076152	5.209034188500745	2.8950890523232053	2.3126278206649116	0.16502091124208396	5.102193296203572	6.849664010168937	1.9576717721621428	2.858598392804905
6.1138610868107595	5.6615435322861565	7.448976613817465	4.3264280052794675	6.368246398961404	3.9563202986500237	5.2199614175792775	2.933377016391181	2.3133765085221203	0.20185274941557202	5.116046200039904	6.802744158939839	1.839600665746292	3.205502040537235
6.191830354893131	5.599560128276243	7.464962477889849	4.3264280052794675	6.317269839872734	3.997138571925106	5.2709379766680025	2.8925587431160515	2.3133765085221203	0.20185274941557202	4.876100832271085	6.447821968358282	2.2771044903549074	3.6961571067690224
6.64941643372115	4.975164676533563	7.29727282811146	4.327308282143201	6.100365221643036	3.864871826838824	5.8389522031152925	3.464797639790331	2.4013587750285406	0.16209881326191036	4.341106306614579	3.93544998200516	1.4957860394420732	4.4937587099228296
7.957821141708886	3.8949879865325006	7.065466912970231	4.787342215271015	5.8002908783179725	3.9102823717851702	6.247140571604427	3.958072548984414	2.456514466974948	0.2398930457086261	3.698143299567307	4.899851660067314	0.4380282869979487	4.123523665280327
8.349512092291604	3.6718641510314045	7.076030331232322	4.945345912090618	5.653906695692004	3.9573662531168643	6.355521573433801	4.119075781246551	2.5979725804486815	0.20024114486968483	3.2174975233312124	5.575460953256034	0.1229107242461665	5.913072079836036
8.737605332262262	3.1015960148548594	7.198648271051612	4.640553076065495	5.557370951402746	4.177007245860016	6.934187246163884	4.0447634229943255	2.686110788184502	0.32038781052777043	2.750852687703853	4.318544232940196	1.755809056743237	6.211398087363674
8.657583414701632	2.880247074803973	7.142891867757764	4.394938621747934	5.736875145501265	4.330863061615231	6.901853253749489	3.846600287205471	2.8625405442289007	0.43987580210499905	2.7484169965896705	4.470090808808177	2.2036609844265413	5.887862513153573
8.689416168264676	3.1339843368797227	7.545540274436763	4.277860230707444	5.498127261892463	4.207479849058585	6.9278156035351	3.77164925111026	3.042416702074101	0.4843355180502936	2.484864936340858	3.96266761407254	1.0432280467124861	3.641637541823232
8.585274216139949	3.388366916272851	7.681247904054172	4.2923932283585335	5.452816362622154	4.039901292440081	6.8802067821633	3.7818695657558137	3.042416702074101	0.5633070370341134	2.543896003130283	3.962563021279949	0.907621771548408	3.6990630412424452
8.307059891327961	2.613653941520044	7.090342051848935	3.8303717809992675	6.497363185058294	4.975597788528434	7.055302923269004	3.6155365492352742	2.8483195039551648	0.527401181792064	2.032630834313051	2.5477734733004285	1.0256841497355103	2.478698980344177
7.271311112896171	2.962396980672387	6.996988978759906	3.236719114808637	6.7863170425101424	5.415274341607291	7.626581583279335	3.341936298489159	2.3200059358928584	0.44695725702651157	0.12988800789610047	2.0763646631078942	4.093681452469892	2.2149213350116255
6.744889744042413	3.165649015826419	6.624005023218083	3.286533736650914	6.885099359435125	5.36653288759262	7.443942142619247	3.2656804493850777	2.1288579051930605	0.3697207184806018	0.18683137931644558	2.0877167830435064	4.5982608717096	1.7493251733311392
2.145223222277328	5.496875059745698	5.352959702402021	2.289138579621206	7.014573373702484	4.948720647638239	7.736296255111138	3.144095578857503	1.94015267413589	0.17344306217827055	1.2108479233695038	1.1043508170332084	2.344488057017625	1.83981299701412
1.4843818799505	6.247560376100429	3.6809894804719705	1.0821890156781404	7.782601562918203	4.448383520736338	7.648378634452428	3.1037193874952256	1.835219155624547	0.17656215830263805	1.0120416803055643	0.3563214877618156	1.4181270462967073	2.048508284648661
1.3658992200406572	6.186312206203695	4.012801758101284	0.8076112280617535	7.694970823987018	4.398110336904713	7.835410171375698	2.9788155817028943	1.82018955072222	0.17656215830263805	0.34150286863963464	0.23667300112155149	1.7601102094304437	2.133607966237894
0.6653626534863984	6.2189606225174945	4.673223299970718	0.8803746690604023	6.315008802126834	5.091008347691657	9.389763653910764	2.735050097782738	1.9815576515749396	0.06186437291972563	0.7621831691489223	0.8085042077469042	1.8056821610580178	2.12590773137014
2.466537694227825	5.223657402328577	6.273135134634905	1.4170599619218271	5.82818772035536	5.88737977620829	10.049912484111465	2.8653036648438874	2.196085592495642	0.06203221704634122	1.0171668293420388	0.319758476300846	3.0608189266419727	1.6978750725083547
2.244067102293583	5.580004558299191	6.551606718048926	1.2724649425441612	5.98463561510576	6.03028432395129	10.176676188715392	2.9908575361868297	2.300235096304157	0.18061369451851095	0.9032315755148802	0.13344053566074612	3.086903725009245	1.7076763879016839
2.9619847734230884	5.982876719256261	7.30315759967861	1.6417038930004249	5.396025705988222	6.2812592343133415	10.52477426578394	3.0295011171366344	2.5064816946592092	0.22139054686107806	1.800424796028965	0.2770798068863045	2.4643147464506567	1.310970169225695
3.94391364491547	6.282115160696139	7.921905635017983	2.304123170593483	4.991549278041519	6.792264026769176	10.684377038876466	2.9495539492473344	2.5398032322451223	0.18094593703751305	0.19645169184329173	0.8716604300367782	3.3875944071441952	0.3337515147936042
4.523631375982692	5.994539855236837	8.003780188463864	2.5143910427555025	4.999574406738811	6.968441621273018	10.722453051136048	3.0338401084033855	2.517830710489664	0.2606878236868563	0.44131950855051444	1.1794962972589438	3.112121713397077	0.4685338204406986
4.180179625165875	6.119372287946981	7.821491642457288	2.478060270655652	4.6192860372791875	7.095272636992506	9.943167482101227	5.876943241175614	2.3252854904602143	1.106380339861665	0.7399863446963749	0.44852485293467403	2.931469973550585	0.3505844580157687
3.800335726111191	6.395702941497115	7.759753660525503	2.4362850070826756	4.671089301941012	7.063916988784275	10.164102891214498	4.769741033470584	2.3602741323884016	1.857270780234157	0.8724088636444195	0.3894527658474248	2.8802519790417036	0.4656291319508861
4.18116170878482	6.257827295237639	7.794098372411492	2.6448906316109935	4.7955721084905365	7.270792922949395	10.019192282611955	4.464067122626836	2.563770211464955	1.6398248885543099	0.7560633819517492	0.5803440367140886	0.3677844526713618	1.1199405857555165
4.339021088712095	6.035418535571515	7.707284031750096	2.667155592533585	4.875227800131568	7.290403250513986	10.162154760557135	4.246430422291661	2.5984291494680907	0.5302426044088183	1.8798733291082426	0.8674627608118749	0.1327952947137359	0.6737017936785137
4.422489807994053	5.897163580991884	7.750486356755265	2.569167032230599	5.123743621890718	7.0290185695565395	9.754373055520066	4.234583640164037	3.048198482418056	0.6230484776537863	0.044682073134168956	3.076814197344857	2.9947624763650107	3.6159931594114942
4.471845733189059	5.827282507015778	7.791373786359101	2.5077544538456906	5.115552169509571	6.919796016748016	9.789733888418397	4.2304332991276	3.129658976160056	0.8558619948234758	0.80725798991411	2.816167298715577	3.352215519636228	3.55962557736721
2.1432358073644435	5.4523054059197245	6.386607298639002	1.2089339146453748	5.667315478779047	6.129270010365912	9.918555738657377	4.17990605727947	3.1861542683626207	1.1858761825162587	1.6726734145030262	0.5186052177944755	1.1771073017461586	0.01143940463628815
1.123367078673712	7.117135946487698	5.729125116970552	0.2646437508431328	6.0485304548696535	5.6894291641798596	9.935360879555821	4.0950243699549995	3.2827728002531673	1.1826151520076391	0.3585283375691453	0.36156164447770817	0.3137786412021538	1.0925386602607712
3.3335134949506195	7.746832432317975	4.97750394348214	0.5641850061147607	6.24957532908209	5.262969661140996	10.03570831831258	4.218772371779527	3.3368898546982138	1.066047639962872	0.4166243136125185	0.38570672547105095	0.0015815810560080867	2.136168629733024
4.171328499543847	7.813275592359464	5.220668603345265	1.57872151052984	6.561992200018425	4.762052562823868	10.187401268932136	4.260389679388968	3.386399439239925	1.0304998385113746	0.5265098447853697	1.525770407593085	0.49433847908253437	2.900415342999508
4.570151068651812	8.192188314655587	5.616260510129702	1.9942232641259923	6.702407593956094	4.527026413284598	9.870699887509918	4.637482714795321	3.4894958823711946	1.0520509648791376	1.7907192635343199	2.314790091774787	0.5078865470189977	2.795718213676892
3.9109927034759315	7.922933957046137	5.596110208874669	1.5841689553042997	6.489369411717782	4.724193735699098	9.635339085020133	5.322156747730709	3.2319340535190237	0.5873116436458667	1.5731491517952614	1.4645652707903367	0.33611201909734717	2.343275747169828
0.17414715528241936	7.2050463818945785	8.139574641406739	0.7603811042292915	6.1931638709880605	5.291836256163513	9.46980842059657	5.669057901418673	2.7425755300410817	0.5657249933959669	3.5958358377250446	2.3429124574264435	1.6559213787899427	0.48428681880704766
3.6551571008358428	5.803052757440163	8.167809385251585	1.290400473024218	5.55098264418702	6.463042394915129	9.244806067495658	5.913580993249582	2.607720610650024	0.4784157212256382	3.495489101299794	1.4377356283609513	2.1322005695465047	1.0226186664668746
3.887698754708778	5.5397387037775445	8.095113131791537	1.3323243266945124	5.52635468477467	6.357012145500182	9.252837278637218	5.822342477645204	2.412904487907555	0.47491943790037	3.3175182325091854	1.698630077158451	2.2823519628953286	1.111560130178918
2.6889616255922335	5.940136786737929	7.996247860905071	0.6328505514251076	5.711278898389409	5.842063078261699	9.39234074276958	5.773930141464245	2.3651036489328763	0.666380304988719	2.5806346229007797	3.0558195165051525	1.3127230093317492	0.9338866726230657
1.8739804966243505	7.618177738670187	6.521954347422796	0.7777571053770147	6.526776879425414	5.286857307180166	9.39234074276958	5.690757934738853	2.3651036489328763	0.8232916141866569	3.547648520305235	4.128566501512146	0.401333964474623	1.5396845975900126
2.7136179002461964	7.991566282957586	6.330817237414244	1.0528688547023575	6.522942983203585	5.0480879777172065	9.287695097795067	6.16991576313202	2.1834486269758453	0.07253596348745146	3.1887243523036086	3.393547309726913	0.3336430024353887	0.7436072899467188
2.3368182852630572	7.98993908549567	6.511247241385995	0.8581264411533034	6.2880843990002635	5.0480879777172065	9.18355140972032	6.434266088900503	0.27394686304857896	0.468814989895103	3.0656684332016866	2.7495651462814674	1.3454726739207468	0.03564788184883563
1.947909389308948	7.612103204779897	6.670345176615086	1.0061513611443555	6.308603962559909	5.080713231489479	7.360949860937409	8.790861052831302	0.07712046202135246	0.05722635828156625	4.6637564256319015	4.241931316353251	0.02881161788532251	0.8824584969881007
3.1770901183866385	7.630368953072458	5.853137715899633	1.3998588812136161	6.469311908929692	5.091592138465325	7.2588911568039975	8.712121333297961	0.6070817193974146	0.19657109799358777	4.72109760336201	4.474753242442496	0.051396376141696745	1.8058595004462135
2.813306229563105	7.568282346961261	6.317071377339741	1.5620952599418267	6.425525004886107	5.1702422196733835	7.20272050932405	8.8897146545532	0.39497571272481136	0.2279116343663798	4.555910060484354	5.046423570383492	0.101540193367993	2.0399260259665555
3.460715513172575	7.831363523207199	6.117327453773521	1.7466794437388813	6.493122435451646	5.093012772698801	7.152200513087081	8.69792643622513	0.7815595430269393	0.05540398084751656	4.161537687429817	5.018892993527818	0.6898617184113097	2.0800888197693115
3.8497957953636863	7.978981293671739	6.0667890724299305	1.9376035741218935	6.56854346826902	4.937752368875817	7.20272050932405	8.735455319263012	1.0858269131299847	0.23746340269174546	3.5939752437748353	4.907251766122952	1.19921696827337	2.1268660263825083
3.9889126564647404	7.97007420128595	6.067944710489677	2.0867831656682445	6.639689899394126	4.900300905920406	7.20272050932405	8.64709871248887	1.0858269131299847	0.23455409037037972	3.1975771332550926	4.9874307729719405	1.6144402471220733	2.283922555593106
0.6736209589592129	7.112895989338609	7.327297081821647	0.8880220514426276	5.905114661793713	5.323905085079782	6.398765458257383	8.83119291633832	0.8334324847944824	0.10803724497792076	5.076479744411684	5.716703053057916	1.3055126899843097	1.4577825514885348
0.8784036634501001	6.409172615760064	7.437144713112795	0.14956843390165644	5.572298461050012	5.772762290402224	5.441893880136387	8.932049809388166	1.1921482036310904	2.3803805130383027	5.591772195798156	3.7427045532731054	2.3872953818247353	0.8914381501010266
2.0157591680601783	6.109690129528518	7.528176569922757	0.5972727276666001	5.234323679214403	6.181628670135613	5.270909653488976	9.017572802504754	0.9471285933699449	2.5866111215382763	5.642419978817564	2.608207852981746	2.8262784640193166	2.4328737563979668
1.2479983044750687	7.255227549803831	6.342899465422979	0.3356702200945112	5.720847936313702	5.735209979474175	7.429460095645156	8.825408435660341	0.22441933946304224	0.35481461581241475	6.456453026796668	4.443947158792292	2.235736231692262	0.9207546648552238
0.24012184789524793	6.660876852573583	7.039192216668184	0.13819351619860892	5.523371232419172	5.735209979474175	7.429460095645156	8.729701839651778	0.3462911768467314	0.1313708423845754	5.717083420128185	3.843424848284402	2.2429090243655647	0.32959389369306447
3.8636468638369057	5.632896611501274	8.081221652204276	1.4153218231340408	5.03328101545968	6.677244884118292	5.0161385387849915	9.28374530688226	1.3261551556895876	2.9176193918112685	5.87026649764411	2.0379474901144166	3.4138576728541077	3.069731372637234
4.615326164628149	5.4796802538537825	8.131128721714278	1.9638776967679208	4.852628172500727	7.004806333954682	5.020174725896806	9.324086887720899	1.363641179708678	2.6031363095530655	5.851513283268828	2.067175011175123	3.542996227904624	3.132040042640867
4.3574993756748235	5.45808640069413	8.102532483453517	1.7130532929154922	4.851336213058892	6.835590077315095	4.9753367479551684	9.280944087324047	1.0764004359784936	2.5196608668832257	5.675572927587838	1.731841807439754	3.396842169160519	3.2465360412795206
3.806219859204842	5.653025376049629	8.001546298534173	1.4576989367207016	4.928068761908333	6.697313932599563	5.315079458410054	9.192274790253048	1.1084937534533716	2.5334781219389337	5.505616510456517	2.337186970051822	3.048202622409999	2.4048284375586326
3.812237053400667	5.675904044833325	8.10461615461921	1.383524943614908	4.966336235305472	6.661407412891108	5.017606102437108	9.192274790253048	1.4059671094259876	2.484466672038395	5.769675265648634	2.1756600117839753	3.297446481423247	2.7203105282892395
3.939559937963951	5.599179735803853	8.121664365488058	1.4170753082798544	5.004538021876504	6.692813901496795	5.017606102437108	9.232620452883298	1.5308456817189438	2.4009067790265815	5.77869279126766	2.264460373888634	3.2986552834986727	2.7638573709126155
4.004893978186348	5.5987765809307115	8.112608594164046	1.4910619649528996	4.966336235305472	6.768944434229439	4.472492752131444	9.288985003603779	0.6119423692470053	2.930139705088671	5.6451087472859545	2.2911894726671638	3.2500074269631303	2.807505243257386
4.466846596584786	5.79077352636118	8.114829953655246	2.1427901692908646	4.814096596132501	7.148045038733354	4.349710999718697	9.369615658007183	0.8728132787637527	3.3291163949588953	5.584159796650561	2.3299632322896913	3.1890584763278294	2.9703063229969553
4.5567478027699195	5.829371468537412	8.06529446109531	2.3208248102121543	4.858183730718859	7.2472573195526575	4.267025922956076	9.409840075932905	0.9485130172834302	3.4635141472351543	5.597770429794795	2.3503662078779732	3.2026691094720734	3.0829502704196137
4.609176456771341	5.806790897440535	8.108637126369215	2.3073302278426535	4.898064596958374	7.193598796147903	4.182715464639527	9.450004016968036	0.6233924514792094	3.513750260605002	5.575189858697881	1.9692664567166478	3.2026691094720734	3.364759271734238
4.54942090550877	5.806790897440535	8.048881575106568	2.3073302278426535	4.898064596958374	7.233762737183087	4.182715464639527	9.458289653223275	1.248795522902029	3.4150645699448967	5.514266625617604	2.14797999313714	3.1879689146580636	3.169237120935739
4.450865274863115	5.845352790259006	8.058410520843507	2.237807544278811	4.980822131152971	7.164240053619377	4.058644078062847	9.506802282585173	1.5285897064298706	3.216201285884495	5.552828518436151	2.1567615909559463	3.1879689146580636	3.186653681156376
4.459340574558252	5.729661378896043	8.0631731157292	2.1258288377250327	5.018006948671394	7.212693349077391	4.139902631470725	9.423499799117888	1.8963599655201782	3.082090969388925	5.4060568778998865	2.299876639166129	3.400317270965055	3.1434893870648644
4.459340574558252	5.729661378896043	8.09808103095047	2.090920922503738	5.018006948671394	7.177785433856094	4.222696409962724	9.423499799117888	2.1861287553468256	3.0321891688455174	5.4060568778998865	2.3696668633826787	3.4909494406240995	3.1608938778167373
4.390632055848858	5.729757924898902	8.173011741120593	1.9473782396269368	5.056472295487054	7.072708097795063	5.2579801310039045	9.374987169755945	1.9085968101553594	0.5203097509171535	5.242644138580654	3.1628516144548158	3.379186727292648	2.3375625008538137
4.321192207145218	5.78004443392938	8.203158367011454	1.8980782740631448	5.02307856164293	7.1129971535750665	5.554415144312257	9.334698113976005	1.5250000806871566	1.4671690344414812	5.248812319217808	3.4315891226923214	3.330717571753552	2.098971618507115
4.047299888984007	5.703680533404504	8.117354085480605	1.6336263369080066	5.252386446412279	7.077853101189049	5.931756577854598	9.334698113976005	1.274971227424149	0.14966185341564084	4.92544310921943	3.5882156713175366	3.21027420813257	1.8213967359650842
3.4846376142373683	5.890676710289934	8.109814492937927	1.2654998315895292	5.5221506851502635	6.977031874341734	6.8172751680054136	9.245898889325247	0.5525684487227478	0.5113009183449735	4.781934869012927	3.831797732993725	2.78457884794557	1.472853410762689
3.80217393865327	5.906580284296784	8.151039686441921	1.5577145365080534	5.371106854439354	7.077853101189049	5.51653812610919	9.371924624016438	1.0928910975553376	1.4996567127214127	4.736216340295434	2.7234691289984356	2.874000575932292	2.676181006900248
