0	1	2	3	4	5	6	7
0.0	0.0	0.0	0.0	0.0	0.0	0.0	0.0
1.0	4.0	0.0	0.0	0.0	0.0	1.0	1.0
2.0	7.0	0.0	0.0	1.0	0.0	1.0	2.0
3.0	10.0	1.0	1.0	1.0	1.0	1.0	3.0
4.0	11.0	2.0	2.0	1.0	1.0	1.0	4.0
5.0	13.0	3.0	3.0	1.0	2.0	2.0	5.0
6.0	14.0	8.0	4.0	2.0	3.0	2.0	6.0
7.0	20.0	9.0	5.0	3.0	4.0	2.0	14.0
8.0	21.0	10.0	6.0	3.0	4.0	2.0	15.0
9.0	22.0	11.0	7.0	3.0	5.0	3.0	16.0
10.0	23.0	12.0	8.0	4.0	6.0	4.0	17.0
11.0	24.0	13.0	9.0	4.0	7.0	4.0	18.0
12.0	25.0	14.0	12.0	5.0	8.0	4.0	22.0
13.0	26.0	26.0	12.0	5.0	9.0	4.0	23.0
14.0	26.0	27.0	12.0	5.0	10.0	4.0	24.0
15.0	26.0	28.0	12.0	5.0	11.0	4.0	25.0
16.0	26.0	29.0	12.0	5.0	12.0	5.0	26.0
17.0	26.0	30.0	12.0	5.0	12.0	6.0	27.0
18.0	26.0	34.0	12.0	5.0	16.0	12.0	28.0
19.0	26.0	36.0	13.0	5.0	19.0	13.0	33.0
20.0	26.0	36.0	13.0	5.0	19.0	13.0	33.0
21.0	26.0	36.0	13.0	5.0	19.0	30.0	40.0
22.0	26.0	36.0	13.0	5.0	19.0	30.0	40.0
23.0	26.0	36.0	13.0	5.0	19.0	30.0	40.0
24.0	27.0	36.0	13.0	5.0	19.0	30.0	40.0
25.0	27.0	36.0	13.0	5.0	19.0	30.0	40.0
26.0	27.0	36.0	14.0	5.0	20.0	30.0	40.0
27.0	27.0	36.0	15.0	6.0	21.0	31.0	40.0
28.0	27.0	38.0	16.0	7.0	22.0	32.0	40.0
29.0	27.0	38.0	17.0	8.0	22.0	38.0	40.0
30.0	27.0	38.0	17.0	9.0	23.0	39.0	40.0
31.0	27.0	38.0	17.0	10.0	24.0	40.0	40.0
32.0	27.0	38.0	17.0	11.0	25.0	43.0	40.0
33.0	27.0	38.0	17.0	12.0	26.0	44.0	40.0
34.0	27.0	38.0	17.0	13.0	27.0	44.0	40.0
35.0	27.0	38.0	17.0	14.0	28.0	44.0	40.0
36.0	27.0	38.0	18.0	15.0	29.0	44.0	40.0
37.0	27.0	38.0	19.0	16.0	30.0	44.0	40.0
38.0	27.0	38.0	20.0	17.0	31.0	44.0	40.0
39.0	27.0	38.0	26.0	18.0	32.0	44.0	40.0
40.0	43.0	38.0	26.0	19.0	39.0	44.0	40.0
41.0	43.0	38.0	41.0	20.0	39.0	44.0	40.0
42.0	43.0	38.0	42.0	21.0	40.0	44.0	40.0
43.0	43.0	38.0	43.0	22.0	41.0	44.0	40.0
44.0	43.0	38.0	43.0	23.0	42.0	44.0	40.0
45.0	45.0	38.0	43.0	45.0	43.0	44.0	40.0
46.0	45.0	45.0	43.0	45.0	44.0	44.0	40.0
47.0	46.0	45.0	44.0	45.0	45.0	44.0	40.0
48.0	46.0	47.0	45.0	47.0	46.0	45.0	40.0
49.0	47.0	49.0	46.0	48.0	49.0	49.0	44.0
50.0	47.0	49.0	47.0	50.0	49.0	49.0	46.0
51.0	48.0	50.0	48.0	53.0	49.0	50.0	49.0
52.0	50.0	51.0	52.0	54.0	50.0	51.0	51.0
53.0	53.0	52.0	52.0	56.0	51.0	53.0	51.0
54.0	53.0	53.0	52.0	56.0	52.0	53.0	51.0
55.0	53.0	54.0	53.0	56.0	53.0	54.0	55.0
56.0	53.0	55.0	54.0	57.0	54.0	55.0	56.0
57.0	54.0	55.0	54.0	58.0	55.0	55.0	56.0
58.0	55.0	56.0	55.0	58.0	56.0	56.0	56.0
59.0	56.0	57.0	56.0	58.0	57.0	57.0	57.0
60.0	58.0	58.0	57.0	59.0	60.0	58.0	58.0
61.0	59.0	59.0	58.0	61.0	61.0	59.0	59.0
62.0	60.0	59.0	59.0	62.0	62.0	60.0	60.0
63.0	62.0	59.0	61.0	65.0	63.0	61.0	61.0
64.0	63.0	60.0	63.0	66.0	64.0	62.0	61.0
65.0	64.0	61.0	64.0	67.0	65.0	63.0	64.0
66.0	65.0	62.0	66.0	68.0	66.0	64.0	65.0
67.0	66.0	63.0	67.0	70.0	67.0	65.0	67.0
68.0	67.0	64.0	68.0	71.0	68.0	66.0	68.0
69.0	68.0	65.0	70.0	73.0	69.0	67.0	69.0
70.0	69.0	66.0	70.0	73.0	70.0	68.0	69.0
71.0	70.0	67.0	70.0	74.0	71.0	70.0	70.0
72.0	71.0	72.0	71.0	75.0	72.0	71.0	71.0
73.0	72.0	73.0	72.0	76.0	73.0	71.0	72.0
74.0	73.0	74.0	73.0	77.0	73.0	71.0	73.0
75.0	74.0	75.0	74.0	77.0	75.0	74.0	75.0
76.0	75.0	75.0	74.0	78.0	76.0	75.0	76.0
77.0	75.0	75.0	75.0	79.0	77.0	77.0	77.0
78.0	76.0	76.0	76.0	79.0	78.0	78.0	77.0
79.0	76.0	77.0	77.0	80.0	79.0	79.0	78.0
80.0	78.0	78.0	78.0	81.0	80.0	80.0	79.0
81.0	79.0	79.0	79.0	82.0	81.0	81.0	80.0
82.0	80.0	80.0	80.0	84.0	82.0	82.0	82.0
83.0	81.0	81.0	81.0	85.0	83.0	83.0	83.0
84.0	83.0	82.0	83.0	87.0	84.0	84.0	84.0
85.0	84.0	86.0	86.0	88.0	85.0	85.0	88.0
86.0	85.0	87.0	87.0	89.0	86.0	86.0	89.0
87.0	86.0	88.0	88.0	90.0	87.0	89.0	90.0
88.0	87.0	89.0	89.0	91.0	88.0	90.0	91.0
89.0	88.0	89.0	89.0	91.0	89.0	91.0	92.0
90.0	88.0	89.0	89.0	91.0	90.0	92.0	93.0
91.0	89.0	89.0	90.0	91.0	91.0	93.0	93.0
92.0	90.0	89.0	91.0	91.0	91.0	94.0	93.0
93.0	91.0	89.0	92.0	91.0	91.0	95.0	93.0
94.0	92.0	89.0	93.0	91.0	91.0	95.0	93.0
95.0	92.0	89.0	93.0	92.0	91.0	95.0	93.0
96.0	95.0	89.0	94.0	93.0	91.0	95.0	94.0
97.0	98.0	97.0	96.0	97.0	98.0	97.0	101.0
98.0	99.0	97.0	100.0	98.0	98.0	97.0	101.0
99.0	99.0	98.0	100.0	98.0	98.0	97.0	101.0
100.0	100.0	99.0	100.0	98.0	98.0	97.0	101.0
101.0	101.0	101.0	100.0	99.0	98.0	97.0	101.0
102.0	102.0	101.0	101.0	100.0	99.0	99.0	101.0
103.0	102.0	102.0	102.0	101.0	99.0	99.0	102.0
104.0	103.0	103.0	102.0	102.0	100.0	101.0	104.0
105.0	105.0	105.0	103.0	106.0	104.0	104.0	105.0
106.0	106.0	106.0	104.0	107.0	105.0	105.0	106.0
107.0	106.0	107.0	105.0	107.0	106.0	106.0	107.0
108.0	109.0	109.0	108.0	110.0	108.0	107.0	110.0
109.0	110.0	110.0	110.0	111.0	110.0	108.0	111.0
110.0	111.0	111.0	111.0	112.0	111.0	111.0	112.0
111.0	112.0	112.0	112.0	113.0	112.0	112.0	113.0
112.0	113.0	113.0	113.0	114.0	113.0	113.0	114.0
113.0	114.0	114.0	114.0	115.0	113.0	114.0	115.0
114.0	115.0	115.0	115.0	116.0	114.0	115.0	115.0
115.0	116.0	116.0	115.0	117.0	115.0	116.0	116.0
116.0	116.0	117.0	116.0	118.0	116.0	117.0	116.0
117.0	117.0	118.0	117.0	119.0	117.0	118.0	117.0
118.0	118.0	119.0	118.0	119.0	118.0	118.0	118.0
119.0	119.0	121.0	119.0	120.0	119.0	119.0	119.0
120.0	120.0	121.0	119.0	121.0	120.0	119.0	120.0
121.0	121.0	122.0	120.0	121.0	120.0	120.0	120.0
122.0	122.0	123.0	120.0	122.0	121.0	121.0	121.0
123.0	123.0	124.0	121.0	122.0	121.0	122.0	122.0
124.0	124.0	125.0	123.0	125.0	123.0	123.0	124.0
125.0	125.0	127.0	124.0	127.0	124.0	124.0	127.0
126.0	125.0	128.0	125.0	128.0	125.0	125.0	128.0
127.0	125.0	129.0	126.0	129.0	126.0	126.0	129.0
128.0	126.0	130.0	127.0	130.0	127.0	127.0	130.0
129.0	127.0	130.0	128.0	131.0	128.0	128.0	131.0
130.0	128.0	130.0	131.0	132.0	129.0	129.0	132.0
131.0	129.0	132.0	132.0	133.0	131.0	130.0	133.0
132.0	134.0	135.0	134.0	134.0	134.0	135.0	134.0
133.0	135.0	136.0	135.0	135.0	137.0	137.0	135.0
134.0	138.0	139.0	136.0	140.0	138.0	142.0	140.0
135.0	139.0	140.0	137.0	141.0	139.0	143.0	141.0
136.0	139.0	141.0	138.0	141.0	139.0	144.0	141.0
137.0	140.0	142.0	140.0	141.0	140.0	145.0	143.0
138.0	141.0	143.0	143.0	141.0	141.0	146.0	145.0
139.0	143.0	144.0	144.0	141.0	142.0	147.0	147.0
140.0	144.0	149.0	145.0	141.0	143.0	147.0	148.0
141.0	145.0	150.0	146.0	141.0	143.0	147.0	148.0
142.0	146.0	152.0	147.0	141.0	143.0	147.0	148.0
143.0	147.0	152.0	147.0	145.0	143.0	147.0	148.0
144.0	148.0	152.0	147.0	145.0	143.0	147.0	148.0
145.0	148.0	152.0	147.0	146.0	143.0	147.0	148.0
146.0	148.0	153.0	147.0	147.0	143.0	147.0	149.0
147.0	148.0	154.0	147.0	148.0	144.0	148.0	150.0
148.0	149.0	155.0	148.0	149.0	145.0	149.0	151.0
149.0	150.0	156.0	149.0	150.0	152.0	150.0	154.0
150.0	150.0	157.0	150.0	150.0	153.0	151.0	160.0
151.0	150.0	157.0	150.0	150.0	154.0	151.0	161.0
152.0	150.0	157.0	150.0	150.0	166.0	151.0	167.0
153.0	150.0	157.0	150.0	150.0	166.0	152.0	173.0
154.0	150.0	157.0	150.0	150.0	166.0	153.0	174.0
155.0	150.0	157.0	150.0	150.0	167.0	154.0	175.0
156.0	150.0	158.0	152.0	150.0	170.0	155.0	176.0
157.0	150.0	163.0	154.0	150.0	171.0	156.0	177.0
158.0	150.0	163.0	154.0	150.0	172.0	157.0	178.0
159.0	150.0	163.0	155.0	150.0	173.0	158.0	178.0
160.0	150.0	163.0	155.0	150.0	174.0	158.0	178.0
161.0	150.0	164.0	155.0	150.0	175.0	158.0	178.0
162.0	150.0	164.0	155.0	150.0	175.0	159.0	178.0
163.0	150.0	164.0	155.0	150.0	176.0	160.0	178.0
164.0	150.0	164.0	155.0	150.0	176.0	161.0	178.0
165.0	150.0	164.0	156.0	150.0	176.0	162.0	178.0
166.0	154.0	165.0	161.0	156.0	176.0	167.0	178.0
167.0	167.0	166.0	175.0	178.0	176.0	168.0	178.0
168.0	168.0	167.0	175.0	179.0	176.0	169.0	178.0
169.0	169.0	168.0	176.0	179.0	176.0	170.0	178.0
170.0	170.0	170.0	177.0	179.0	176.0	171.0	178.0
171.0	171.0	171.0	178.0	179.0	176.0	172.0	179.0
172.0	172.0	172.0	178.0	179.0	176.0	173.0	179.0
173.0	173.0	173.0	178.0	179.0	176.0	174.0	179.0
174.0	174.0	174.0	178.0	179.0	176.0	175.0	179.0
175.0	175.0	175.0	178.0	179.0	176.0	176.0	179.0
176.0	176.0	176.0	178.0	179.0	177.0	176.0	179.0
177.0	177.0	177.0	178.0	179.0	177.0	177.0	179.0
178.0	178.0	178.0	178.0	179.0	178.0	178.0	179.0
179.0	179.0	179.0	179.0	179.0	179.0	179.0	179.0
