0	1	2	3	4	5	6	7	8	9	10	11	12	13
8.413977267340035	4.000218482270942	7.794698369256566	4.619497380354229	5.361615287628095	2.7244253569847117	4.743088530575715	2.7085444084973997	1.3784701978741254	0.3414150338880094	2.051550817812028	4.8476840340962175	0.3742474994737205	3.9089512933620516
8.358571548939555	4.043054888914046	7.892512385190833	4.509114052662792	5.541091224916038	2.7896483621929695	4.516988980972969	2.4380245516436836	1.4001283700547562	0.4324598254668218	1.9398636054726797	4.852165319085925	0.4811379126023464	3.899483561504647
8.358571548939555	4.093560072338295	7.99770393209738	4.4544276891805294	5.588736513543001	2.6836923044313408	4.418838508921676	2.394908390653341	1.3663445737475712	0.4382761506648484	1.8323669595332794	4.906365276889842	0.5876284162397581	3.8944045793552267
8.399653645034503	4.093560072338295	7.941410561929324	4.551803155443472	5.686840645266717	2.78106777069427	4.320734377197926	2.3510883976548933	1.3663445737475712	0.43933464689851326	1.8323669595332794	4.947447372984844	0.5382024231484903	3.8476894326801605
8.342535814459868	4.150677902912788	7.992001130434342	4.501212586938382	5.840884895572576	2.774645756927916	4.166690126892211	2.3027844213406117	1.3663445737475712	0.4815410319469441	1.889484790107918	4.947447372984844	0.5382024231484903	3.8476894326801605
8.342535814459868	4.150677902912788	7.992001130434342	4.501212586938382	5.840884895572576	2.8187450397411205	4.166690126892211	2.2545617265659317	1.3663445737475712	0.48566444390748054	1.889484790107918	4.947447372984844	0.5382024231484903	3.8476894326801605
8.283459267724558	4.150677902912788	7.932924583698972	4.501212586938382	5.9389529466938145	2.7738156399662546	4.068622075770883	2.25586443063354	1.3663445737475712	0.44395152842156466	1.8358872570860754	4.888370826249431	0.5917999561712782	3.8476894326801605
8.283459267724558	4.150677902912788	7.932924583698972	4.501212586938382	5.9389529466938145	2.817847155651974	4.068622075770883	2.2118329149477454	1.3663445737475712	0.44395152842156466	1.7823899998510957	4.888370826249431	0.6452972134058502	3.8476894326801605
8.226462829557036	4.258083348641332	7.932924583698972	4.551621594499491	5.8885439391328225	2.817847155651974	4.068622075770883	2.168266399617968	1.3109005540200465	0.44493318134638127	1.8393864380186518	4.888370826249431	0.6443796160567357	3.8476894326801605
8.226462829557036	4.258083348641332	8.030223893353833	4.4543222848445065	5.8885439391328225	2.7205478459968857	4.068622075770883	2.168266399617968	1.3109005540200465	0.44493318134638127	1.8393864380186518	4.888370826249431	0.6443796160567357	3.8476894326801605
8.226462829557036	4.363034311433535	8.030223893353833	4.559273247636655	5.783592976340643	2.7205478459968857	4.068622075770883	2.168266399617968	1.3109005540200465	0.44493318134638127	1.8393864380186518	4.888370826249431	0.6443796160567357	3.8476894326801605
8.283459267724558	4.306037873265984	8.030223893353833	4.559273247636655	5.839720345647554	2.7205478459968857	4.012494706464054	2.168266399617968	1.2555220079109968	0.44493318134638127	1.7823899998510957	4.888370826249431	0.6443796160567357	3.8476894326801605
8.226462829557036	4.363034311433535	8.07709762532533	4.512399515665295	5.839720345647554	2.718602119713543	4.012494706464054	2.123338393930013	1.2555220079109968	0.44493318134638127	1.785989268440806	4.888370826249431	0.6977767856340854	3.89672642479018
8.226462829557036	4.363034311433535	8.07709762532533	4.512399515665295	5.839720345647554	2.718602119713543	4.048405418357467	2.123338393930013	1.2196112960180403	0.44493318134638127	1.785989268440806	4.888370826249431	0.6485191649993224	3.89672642479018
8.226462829557036	4.363034311433535	8.07709762532533	4.512399515665295	5.839720345647554	2.718602119713543	4.048405418357467	2.123338393930013	1.27498984212732	0.44493318134638127	1.785989268440806	4.888370826249431	0.6485191649993224	3.89672642479018
8.226462829557036	4.363034311433535	8.07709762532533	4.512399515665295	5.839720345647554	2.718602119713543	4.048405418357467	2.123338393930013	1.27498984212732	0.44493318134638127	1.785989268440806	4.888370826249431	0.6485191649993224	3.89672642479018
8.226462829557036	4.363034311433535	8.07709762532533	4.512399515665295	5.839720345647554	2.718602119713543	4.048405418357467	2.123338393930013	1.27498984212732	0.44493318134638127	1.785989268440806	4.888370826249431	0.6485191649993224	3.89672642479018
8.226462829557036	4.363034311433535	8.07709762532533	4.512399515665295	5.839720345647554	2.718602119713543	4.048405418357467	2.123338393930013	1.27498984212732	0.44493318134638127	1.8393864380186518	4.888370826249431	0.5951219954215047	3.89672642479018
8.226462829557036	4.363034311433535	8.07709762532533	4.512399515665295	5.839720345647554	2.718602119713543	4.048405418357467	2.123338393930013	1.27498984212732	0.4875180437515059	1.8929837839589938	4.888370826249431	0.5415246494805213	3.89672642479018
8.226462829557036	4.363034311433535	8.07709762532533	4.512399515665295	5.839720345647554	2.718602119713543	4.048405418357467	2.123338393930013	1.27498984212732	0.4875180437515059	1.8929837839589938	4.888370826249431	0.5415246494805213	3.89672642479018
8.226462829557036	4.363034311433535	8.07709762532533	4.512399515665295	5.839720345647554	2.718602119713543	4.048405418357467	2.123338393930013	1.27498984212732	0.4875180437515059	1.8929837839589938	4.888370826249431	0.5415246494805213	3.89672642479018
8.226462829557036	4.363034311433535	8.07709762532533	4.512399515665295	5.839720345647554	2.718602119713543	4.048405418357467	2.123338393930013	1.27498984212732	0.4875180437515059	1.8929837839589938	4.888370826249431	0.5415246494805213	3.89672642479018
8.226462829557036	4.363034311433535	8.07709762532533	4.512399515665295	5.839720345647554	2.718602119713543	4.048405418357467	2.123338393930013	1.27498984212732	0.4875180437515059	1.9464812282754036	4.888370826249431	0.4880272051644429	3.89672642479018
8.283459267724558	4.360771743326754	8.07709762532533	4.567133385725984	5.784986475587004	2.718602119713543	4.048405418357467	2.123338393930013	1.27498984212732	0.4875180437515059	1.889484790107918	4.888370826249431	0.4880272051644429	3.89672642479018
8.283459267724558	4.360771743326754	8.07709762532533	4.567133385725984	5.784986475587004	2.718602119713543	4.048405418357467	2.123338393930013	1.27498984212732	0.4875180437515059	1.8358872570860754	4.888370826249431	0.5416247381870457	3.89672642479018
8.226462829557036	4.363034311433535	8.07709762532533	4.512399515665295	5.79774580041831	2.718602119713543	4.090379963586679	2.123338393930013	1.27498984212732	0.4875180437515059	1.9464812282754036	4.888370826249431	0.4880272051644429	3.89672642479018
8.226462829557036	4.363034311433535	8.07709762532533	4.512399515665295	5.79774580041831	2.718602119713543	4.090379963586679	2.123338393930013	1.27498984212732	0.4875180437515059	1.8929837839589938	4.888370826249431	0.5415246494805213	3.89672642479018
8.226462829557036	4.363034311433535	8.07709762532533	4.512399515665295	5.741594192651002	2.718602119713543	4.1465315713540685	2.123338393930013	1.27498984212732	0.4875180437515059	1.8929837839589938	4.888370826249431	0.5415246494805213	3.89672642479018
8.226462829557036	4.363034311433535	8.07709762532533	4.512399515665295	5.741594192651002	2.718602119713543	4.1465315713540685	2.123338393930013	1.27498984212732	0.4875180437515059	1.8929837839589938	4.888370826249431	0.5415246494805213	3.89672642479018
8.226462829557036	4.363034311433535	8.07709762532533	4.512399515665295	5.741594192651002	2.718602119713543	4.1465315713540685	2.123338393930013	1.27498984212732	0.4875180437515059	1.8393864380186518	4.888370826249431	0.5951219954215047	3.943445451865798
8.226462829557036	4.363034311433535	8.07709762532533	4.512399515665295	5.741594192651002	2.718602119713543	4.1465315713540685	2.123338393930013	1.27498984212732	0.4875180437515059	1.8929837839589938	4.888370826249431	0.5415246494805213	3.943445451865798
8.226462829557036	4.363034311433535	8.07709762532533	4.512399515665295	5.741594192651002	2.718602119713543	4.1465315713540685	2.123338393930013	1.27498984212732	0.530159513079563	1.8929837839589938	4.888370826249431	0.5415246494805213	3.943445451865798
8.226462829557036	4.363034311433535	8.07709762532533	4.512399515665295	5.741594192651002	2.718602119713543	4.1465315713540685	2.123338393930013	1.27498984212732	0.530159513079563	1.8929837839589938	4.888370826249431	0.5415246494805213	3.943445451865798
8.226462829557036	4.363034311433535	8.07709762532533	4.512399515665295	5.741594192651002	2.718602119713543	4.1465315713540685	2.123338393930013	1.2196112960180403	0.530159513079563	1.8929837839589938	4.888370826249431	0.5415246494805213	3.943445451865798
8.226462829557036	4.363034311433535	8.07709762532533	4.512399515665295	5.741594192651002	2.718602119713543	4.1465315713540685	2.123338393930013	1.2196112960180403	0.530159513079563	1.8929837839589938	4.888370826249431	0.5415246494805213	3.943445451865798
8.226462829557036	4.363034311433535	8.07709762532533	4.512399515665295	5.741594192651002	2.6736741140255393	4.1465315713540685	2.168266399617968	1.2196112960180403	0.530159513079563	1.8929837839589938	4.888370826249431	0.5415246494805213	3.943445451865798
8.226462829557036	4.363034311433535	8.07709762532533	4.512399515665295	5.741594192651002	2.6736741140255393	4.1465315713540685	2.168266399617968	1.2196112960180403	0.530159513079563	1.8929837839589938	4.933400372403193	0.5415246494805213	3.898415905712078
8.283459267724558	4.306037873265984	8.07709762532533	4.512399515665295	5.741594192651002	2.6736741140255393	4.1465315713540685	2.168266399617968	1.2196112960180403	0.530159513079563	1.8359873457914304	4.933400372403193	0.5415246494805213	3.898415905712078
8.283459267724558	4.306037873265984	8.07709762532533	4.512399515665295	5.741594192651002	2.6288150551615397	4.1465315713540685	2.2131254584822244	1.2196112960180403	0.530159513079563	1.8359873457914304	4.933400372403193	0.5415246494805213	3.994179418660898
8.283459267724558	4.306037873265984	8.07709762532533	4.512399515665295	5.741594192651002	2.6288150551615397	4.1465315713540685	2.2131254584822244	1.2196112960180403	0.530159513079563	1.8359873457914304	4.933400372403193	0.5415246494805213	3.994179418660898
8.283459267724558	4.306037873265984	8.07709762532533	4.512399515665295	5.741594192651002	2.6288150551615397	4.1465315713540685	2.2131254584822244	1.2196112960180403	0.530159513079563	1.8359873457914304	4.933400372403193	0.5415246494805213	3.994179418660898
8.283459267724558	4.306037873265984	8.030223893353833	4.559273247636655	5.741594192651002	2.675688787132731	4.110620859460576	2.2131254584822244	1.3109005540200465	0.530159513079563	1.8359873457914304	4.933400372403193	0.5415246494805213	3.994179418660898
8.283459267724558	4.306037873265984	8.030223893353833	4.559273247636655	5.741594192651002	2.675688787132731	4.110620859460576	2.2131254584822244	1.3109005540200465	0.530159513079563	1.8359873457914304	4.933400372403193	0.5907822701152544	3.9452149118414717
8.226462829557036	4.363034311433535	8.030223893353833	4.559273247636655	5.783592976340643	2.675688787132731	4.068622075770883	2.2131254584822244	1.3109005540200465	0.5728576549441916	1.8929837839589938	4.933400372403193	0.5907822701152544	3.9452149118414717
8.226462829557036	4.312729219731142	8.030223893353833	4.508968155934332	5.833898068042953	2.675688787132731	4.068622075770883	2.2131254584822244	1.3109005540200465	0.5728576549441916	1.8929837839589938	4.933400372403193	0.5907822701152544	3.9452149118414717
8.226462829557036	4.312729219731142	8.030223893353833	4.508968155934332	5.833898068042953	2.630898571374661	4.068622075770883	2.257915674240499	1.3109005540200465	0.5728576549441916	1.8929837839589938	4.933400372403193	0.5907822701152544	3.9452149118414717
8.165460253824895	4.373731795463332	8.030223893353833	4.508968155934332	5.833898068042953	2.674863805786085	4.068622075770883	2.21395043982889	1.3109005540200465	0.615612534883528	1.9539863596908982	4.933400372403193	0.5907822701152544	3.9452149118414717
8.165460253824895	4.373731795463332	8.030223893353833	4.508968155934332	5.777852842634968	2.6301434981562695	4.12466730117888	2.171717961207514	1.3109005540200465	0.6598104411957126	1.9539863596908982	4.933400372403193	0.5907822701152544	3.9452149118414717
8.165460253824895	4.319085924373488	8.030223893353833	4.4543222848445065	5.832498713724841	2.585491717456557	4.12466730117888	2.1729833224436756	1.2555220079109968	0.6224212319252537	1.9539863596908982	4.879184504986862	0.5916998674654652	3.9994307792578385
8.222448424446121	4.312410782090953	7.983432672900171	4.551426533636952	5.7821856853861355	2.4987377245498146	4.12466730117888	2.223598608527621	1.2555220079109968	0.6627032595723668	1.9504956333862187	4.879184504986862	0.5382024231484903	4.093269300526692
8.222448424446121	4.312410782090953	8.033858406028049	4.501000800509183	5.7821856853861355	2.4039332855319633	4.12466730117888	2.224705288271883	1.3109005540200465	0.6678346688473725	1.9504956333862187	4.879184504986862	0.5382024231484903	4.093269300526692
8.222448424446121	4.36262802769225	8.033858406028049	4.551218046110202	5.633958613146606	2.4039332855319633	4.222677127817266	2.185036766498233	1.3109005540200465	0.6267021045889561	2.111589246887686	4.879184504986862	0.6250770035267866	4.234630500940389
8.218417433006211	4.421288864052423	8.084201906421768	4.555504390636856	5.5793287682262775	2.3535897851380234	4.222677127817266	2.185036766498233	1.2770176046010029	0.6267021045889561	2.2235189185225877	4.879184504986862	0.6669689922510769	4.329275250619036
8.349342101330288	4.303976216950243	8.093349735501407	4.559968582779341	5.5246031849787	2.347231010086605	4.222677127817266	2.141134150444347	1.2770176046010029	0.6267021045889561	2.214901162014232	4.991547843346914	1.0593276678351715	4.3673679279400766
8.406933712242076	4.301206079390152	8.140158994307118	4.567980797325052	5.427652847347115	2.344256463156276	4.264805992097303	2.097299438568738	1.2555220079109968	0.6267021045889561	2.266428668292063	5.0456087861724175	1.1548855573615129	4.360997410575453
8.48019627940513	4.177787091246864	8.140194437328633	4.517788933323357	5.4756723700868735	2.3314343927890158	4.202600838785583	2.009833302468823	1.2196112960180403	0.5884416712494466	2.479830447216604	5.226417368095586	1.1814938538722781	4.367796496744935
8.496967862717522	4.169701386071744	8.14890102134328	4.517768227446026	5.4676946960541795	2.3250448238013055	4.160578013072219	1.9662016658336754	1.2196112960180403	0.5884416712494466	2.421744242295784	5.230777202967867	1.2857506345806593	4.418733377637711
8.58908849370834	4.044600437276548	8.162868095489575	4.470820835495121	5.571854763393596	2.316129504805296	3.9506559199118487	1.878264737009111	1.3308470120783462	0.5884416712494466	2.6402651029074398	5.315367716624613	1.6319481710773627	4.838760544716879
8.544754768541779	4.152053852407801	8.21536824317293	4.481440377776659	5.579616327297455	2.2220583631276942	3.838203672048816	1.9179332587826794	1.3862910318056882	0.5913829645734615	2.7559065438258563	5.366392506612861	1.626175430134484	4.846057101204111
8.603459956421428	4.093348664528322	8.26252687840382	4.434281742545804	5.635965660062752	2.2193399730797165	3.7459116690007854	1.8734930135999914	1.4222337020885474	0.5913829645734615	2.753799848922481	5.412822208388198	1.5695769371582513	4.899436318467688
8.637778784929088	4.076210184258617	8.167213959263831	4.546775009923961	5.75921308659929	2.2155930844513727	3.462930095809042	1.8299990229510066	1.4777432075959027	0.6340497581009741	3.1487921320910526	5.4100870277814925	1.7163410524337162	5.1652714883236515
8.756327573023091	4.01281926215483	8.167213959263831	4.601932875913976	5.817825436994706	2.2155930844513727	3.2572963250807487	1.790330501177213	1.5357913139220085	0.7164421187782709	3.2039046350820897	5.503742599584923	1.7635688403851033	5.173515107713467
8.554351555541526	4.167115630577125	8.112250297148652	4.609216888969964	5.720538219149192	2.1553664165792017	3.20028717450383	1.7864853616030816	1.6251817649245242	0.6717433094697992	3.7307829425569223	5.823282249880473	2.0961827566376314	5.697661894580952
8.343954676609407	4.529102747883976	8.17312196523498	4.699935459258341	5.748252394917795	1.8947138892746875	2.727572069348923	1.6964143501351687	1.5891371941423305	0.6749144510691693	3.9679388733383925	6.934769636919234	3.196321192727488	6.786401859291716
8.380667119843116	4.404006925451695	8.076550068821565	4.70812397647313	5.749863507139152	1.8901267147935672	2.6700944708351466	1.6570520972900553	1.5891371941423305	0.7140175270785889	4.086887974918746	6.942057811044661	3.1351115881044227	6.74959611441702
8.123495386424674	4.393036150673719	7.857962378814799	4.658569158283676	5.684410513150872	2.0147062837438323	2.650492904053148	1.433907720162782	1.5914003182775294	0.7140175270785889	4.161812784673525	7.090821805341518	1.3628466621150612	8.064510643021334
8.037773710435848	4.381841286967876	7.809058491548777	4.610556505854893	5.5781288776513485	2.0505133963174083	2.7078600913416757	1.3011735069488402	1.5914003182775294	0.795071279461317	4.230793928059893	7.358912323637548	1.9558986652911503	7.954802340545594
7.524189294778905	4.542602893668459	7.440339363073558	4.626452825373891	5.417367270950517	2.128828206925191	2.635559887015484	1.1175914035766794	1.6637005226036032	0.7554732850441154	4.169751503931813	8.01638468713673	0.5889167895317546	8.232748392242831
7.390622696599063	4.591300377556156	7.3557744424687845	4.626148631686558	5.311384686350168	2.1703529061749913	2.692844987728724	1.0704514462157138	1.6298533996143258	0.7501947256049456	4.169751503931813	8.322705907070283	2.5442312155792712	8.291716974478065
6.955875067461565	4.566900686713802	6.944557342119412	4.578218412056006	5.214275077687856	2.295648133867432	2.692844987728724	0.8001163902305943	1.6298533996143258	0.7501947256049456	4.601763022754342	8.445202725365945	5.077586170131504	8.930323910719425
6.818308195343628	4.6713724355077835	6.9040152572502524	4.585665373601327	5.109803328893795	2.3328465898321524	2.692844987728724	0.6658931470173823	1.6298533996143258	0.7501947256049456	4.788351439469589	8.481640192765944	5.392032776081638	8.680942249757605
6.078251062518721	4.841185614264295	6.382494158910573	4.536942517872454	5.118784550354848	2.4622272601811606	2.67174522532445	0.3960993222248865	1.7609921547279894	0.7935811450686107	5.116069523172777	9.34038907979991	6.905387960284836	9.36234594845809
6.0906749152556845	4.889395007473716	6.540378320922291	4.439691601807063	5.070575157145401	2.4090394771331094	2.67174522532445	0.3038267959973751	1.7609921547279894	0.7078873939514816	4.999386434740742	9.006599732438202	7.142648673406962	9.15694130766621
4.8243179147721875	5.460673300223641	6.235374329193691	4.0496168858021395	5.03180618082777	2.150760406344429	2.614378038035984	0.07211203325158473	1.9850132670097627	0.7116703478723486	5.286375550166698	9.495999446674208	6.522713289558	9.04294094573491
4.660135764718046	5.576100705102085	6.332979087679823	3.90325738214018	5.146787059834706	2.1399676704646096	2.5552796272464526	0.06345473452211814	1.9853008405121948	0.7973640989890051	5.527120409511725	9.635141145838974	6.727606271732886	8.882764865531543
3.6159400680844764	5.750889262505164	5.66733720844948	3.6994921221403967	5.161811217547126	2.2215664774528405	2.5962574892279195	0.2965888171348347	2.0415368045570745	0.8059674935379264	5.613272649540268	9.410317910017474	6.389663203694191	8.56841386447775
3.2170424746823927	6.031616228477932	5.557118648075529	3.691540055084741	5.128702947079549	2.2215664774528405	2.637317826751056	0.33978518407836095	2.1542065294499313	0.8921602687768758	5.416264704546921	9.125760440488627	6.220510388720162	8.566849517449862
2.443424470016788	6.244716409841952	5.102115989524231	3.5860248903343557	5.177686603001718	2.3965349590230067	2.6323406262293756	0.6554824132349346	2.118123392448313	0.9352971700113034	5.582504889362472	8.334430215321571	5.22863416388914	7.3227886547239995
2.551832805437592	6.235721531131201	5.203246763139183	3.5843075734296033	5.129902505870594	2.394207120262095	2.6323406262293756	0.6632154583981883	2.1745571669782833	0.8958566398990514	5.493430325071235	8.394454065193532	4.874262193818671	7.210243595712064
2.3658425864433443	6.165994172491589	4.997505938000282	3.5343308209344935	5.180802941769087	2.4805909447951495	2.5337489513940237	0.8472672743628378	2.231056891193093	0.8958566398990514	5.06322242823679	7.500707837718609	4.4432628104863685	6.521785463210103
2.041971039480731	6.32728591830008	4.884990149858433	3.4842668079223227	5.133204356506148	2.4303720955993233	2.5337489513940237	0.8947110234421973	2.2876225706911204	0.8958566398990514	4.560333324492879	7.493269844940605	3.959505389515372	5.717487207497948
1.8269339651167011	6.436567336351729	4.7792344935458315	3.4842668079223227	5.133204356506148	2.4303720955993233	2.5337489513940237	0.8947110234421973	2.197601089517876	0.8958566398990514	4.553060090754941	7.437074806741236	3.965204296740484	5.49169669088753
1.617020469503133	6.435873355632575	4.56263031321113	3.490263511924622	5.118328837938808	2.5177416236771157	2.492882093964562	1.0318262235145474	2.197601089517876	0.8958566398990514	5.36892096977917	7.581687745266417	2.5001926583854974	3.5979988072109346
2.569959724851991	5.852595154218477	4.828980165540263	3.5935747135301885	5.015017636333321	2.5177416236771157	2.492882093964562	1.0712667536266482	2.197601089517876	0.9783508331456342	5.1883974156498045	7.484985416741178	2.179226737157556	3.8276699818808253
3.747027682598445	5.030795710831787	5.065501236044292	3.7123221573857776	4.894432348787915	2.5159037799871435	2.4370313547626985	1.1143442630585962	2.253451828719637	0.9783746794432555	4.36630554664793	8.002447339805897	1.0926630237799824	0.29313271200838925
4.101677984252827	4.785127805982056	5.070202356678595	3.8166034335560575	4.879010595048668	2.5639785673308255	2.3962466196750905	1.1143442630585962	2.253451828719637	1.0214283425774486	4.175764367178814	7.703990845139359	0.806056270112151	0.15113154152390937
3.6856853923556936	5.209151543874466	5.078233502674047	3.8166034335560575	4.879010595048668	2.5639785673308255	2.3962466196750905	1.1143442630585962	2.310053874915481	1.0595154170238945	3.5014677333929414	7.578268997735156	0.5721567879203897	0.8217183379407813
3.3892823847774394	5.508982035642776	5.127220884008459	3.771043536411851	4.822710912559927	2.5097633561669226	2.3404661756303753	1.1619886315274033	2.3658343189602355	1.0595154170238945	2.978065584992445	6.584441176108176	3.3967474282139816	1.4700893299240128
2.975742482541405	5.835412367188656	5.137131812761595	3.6740230369684754	4.917786923890098	2.555533095838571	2.3404661756303753	1.2097028593124974	2.3658343189602355	1.1026192815945535	2.864584623373064	6.214049221525669	3.1872749756320276	1.621912866187111
3.089759245820747	5.835412367188656	5.402190462530714	3.522981150478602	4.917786923890098	2.5001295924745666	2.2847559996517286	1.2622637330058506	2.478212674569707	1.0595417721622498	2.8237669743667393	5.921695459825133	3.460404063706829	1.8686886395615472
2.8587481095909744	6.02696940206835	5.463238068119477	3.4224794435400385	4.924680695837963	2.495230722382514	2.3255407347394543	1.2670511615832143	2.478212674569707	1.016404870928511	2.871528771238217	5.990044445016041	3.3877141623608775	2.18954137948532
2.8610919963790606	5.990276845935438	5.377065403377952	3.474303438936787	4.979452910362468	2.654774685197896	2.3664075921689314	1.2791320570478302	2.534946992545822	1.016404870928511	2.640243639586589	4.982578949331311	3.0066704463423672	1.815626644661322
2.9140116903596796	5.990276845935438	5.480598972576694	3.423689563718654	4.979452910362468	2.652315406735161	2.2745586643215203	1.3235796055257214	2.6267959203931666	1.0126978226511771	3.038128549693366	4.850130782939199	3.9207430789647635	1.6302587842886076
2.863676094840161	5.944742046880733	5.389912498922586	3.4185056427984923	5.0838074580655945	2.709400451094256	2.2745586643215203	1.2814940231021226	2.6267959203931666	1.0126978226511771	3.1003624600792405	5.042289989675836	3.40745447918932	1.8717123095707653
2.754933866380367	6.062002382126504	5.349788057150278	3.467148191356667	5.0838074580655945	2.715886549377602	2.2745586643215203	1.2393375728269311	2.6267959203931666	1.0126978226511771	2.8720520407055967	5.05250090322678	3.116355383289274	1.9355688706614853
2.521880155886983	6.204139482964758	5.263352468079373	3.462667170772234	5.195423442819166	2.8217432483782416	2.3155078506722058	1.1971101213074398	2.5700616024171326	1.0558589775567562	2.4740852120205394	3.960433501279358	3.314222758150499	1.0260613955930866
3.0186366046293593	5.9228813817794554	5.527125865470334	3.4143921209384946	5.1860560041684005	2.7794446620795035	2.373150339157045	1.1548115350089518	2.5700616024171326	1.0558589775567562	2.2982092677697006	4.222702361631709	2.801217863016113	1.5113989019016796
2.727587035171418	6.170971006081667	5.489437719312411	3.409120321940895	5.192040370660795	2.793994876580068	2.471799097935109	1.070000423236364	2.5133934227862236	1.0126978226511771	2.141822749587002	4.164265114205804	3.0505476190981997	0.90444643101377
2.3779470630395894	6.408369724937773	5.339783619014737	3.4465331689626426	5.246775823508226	2.9436489768775354	2.5293048983635154	1.0305111045697073	2.5133934227862236	1.0595881693428886	2.0416449364007314	4.222104973943027	2.646222979049213	0.8392009076952086
1.9223222489120024	6.539578050818222	5.136926432881221	3.324973866849275	5.36266356208963	2.907039486260631	2.685324053814728	0.8041242429294564	2.5133934227862236	1.1067677381929948	1.7513988375293001	3.459560607632947	1.2111123818462382	0.7513988278052306
1.6949335099654943	6.658730439063701	4.984499944045569	3.3691640049838387	5.319625915522823	2.958837896597025	2.783975154902045	0.7599341693169092	2.5133934227862236	1.110582846898998	1.5690494514732065	3.5240247300272545	0.6787967020717603	0.7468266389489112
1.4678454449067275	6.784414346808811	4.93176346785492	3.320496323860943	5.311063080718043	2.910904018654464	2.8412056708296802	0.7120002913740273	2.4799078542903046	1.110582846898998	1.7434010403410376	3.6496043942004928	0.9775038509249617	0.7381461413961452
1.4646721841231096	6.784792474751011	4.736481052810888	3.5129836060629263	5.366594689750375	2.9203198684574394	2.8412056708296802	0.473397249942672	2.4799078542903046	1.023973498944891	1.152179480883935	2.9402259067322603	0.5876961165952204	0.47066744503404345
1.5140161770159306	6.833836134794407	4.7429990036288565	3.6048533081816414	5.37333952720892	2.919242165432724	2.8412056708296802	0.37370500734141504	2.4232694468130154	0.9375938335862187	1.3879637746814102	3.0453583971271825	0.6526786552234121	0.34957650015388414
1.7738693060532909	6.772689697141623	4.911531866076686	3.6350271371182594	5.539050803897883	2.83244549307349	2.8412056708296802	0.04783778381627801	2.366697340591703	0.8513045234780423	1.727834508379178	3.62950791884109	0.9056114694141146	0.8351234729534998
2.132843602812792	6.766285955942236	5.173231017728174	3.725898541026709	5.586847065007845	2.878658011707689	2.799813150919174	0.0032248427553772975	2.366697340591703	0.8462948223226041	2.8409102640780075	4.2187223434447425	2.782615558840373	1.202166046905799
2.079573216853122	6.658094479546553	4.8041357569195045	3.933531939479947	5.746481752819828	2.492504976626627	2.9139722112283253	0.9573540235384619	2.366697340591703	0.7167633370944796	2.9895252919656885	4.443255282687782	0.07834834621608375	1.187387228822158
2.3871351275965274	6.603013131864585	5.008923834455581	3.9812244250056414	5.689525823453977	2.3176007469309035	2.9709281405940158	1.2667377020987982	2.366697340591703	0.587050887174701	3.1100074213209496	4.69129964278428	0.193160576175637	0.789698283946011
3.7643244704382863	5.756908634616892	5.292203921649862	4.229029183405406	5.734003170494413	2.206885468822105	3.234138390857826	1.9402192439365715	2.3304883482111505	0.5006994343919906	3.4256057616618696	4.847260797899701	0.5197422856868579	3.4662409685506703
4.19645624649035	5.470159005042223	5.390859708237939	4.275755543294701	5.677458135158329	2.166026196670029	3.2906834261941156	2.0320121882390203	2.3304883482111505	0.41092555872428477	3.6218000066968252	4.879711400067374	0.4174938799379688	4.218879630854207
5.0471341631298	4.90956596495736	5.594248448567799	4.362451679519375	5.813821457947673	2.0565301353124164	3.530533490176768	2.6044177725930506	2.3075766699554583	0.36361325776401376	5.350530510128028	6.406051056382857	1.3867694898499023	2.5811652718484743
6.937312870756162	3.626978094828819	6.231504247597455	4.33278671798769	5.988230561481649	1.8736608762486406	3.990380034227643	3.336237782242829	2.2519367344885852	0.32103479858720224	5.4646838215234625	6.5815009148127785	3.926088128341521	4.91485174229022
7.27625852897462	3.351620921273376	6.313512037775409	4.3143674124725	5.924467647340689	2.0124263208753757	4.211327698510606	3.296842602951143	2.2519367344885852	0.44097923304099745	5.268706819719091	6.236072759370739	4.867463926923163	5.968323983128654
8.110254649792648	2.7947278462076466	6.529520248719009	4.3754622472814315	5.6922206004295814	1.991174569008325	4.759475475230203	3.556363933735156	1.9710084593853001	0.523995042762832	4.580903072449902	4.567428548286245	0.6529166086534307	4.94738924184788
8.195871780977694	2.7429560608640844	6.521665269492816	4.417162572349147	5.785954650014841	2.0846466794197656	4.737178789016238	3.556363933735156	1.8952035895904544	0.43890741817640777	3.9930638227380753	3.708182714714575	2.6486395119926507	4.445270684714088
8.588596766975948	2.4104085519636644	6.409721589283999	4.589283729655731	5.398882648203105	2.2364220113367206	5.464459841661797	3.6025494034129038	1.5392866202986242	0.5653813116345084	3.727265936078626	4.770028489613225	0.444872446687382	4.922945091892141
8.750147559678103	2.301449254986662	6.456861744844526	4.594735069820543	5.3410762798341205	2.16157566177523	5.6477912913166195	3.648986156795659	1.407009971350031	0.5679164577847556	3.546197277434258	4.759703671840122	0.9259375340871553	4.5666266748408075
8.860304182616199	2.0057541674068324	6.393808280213694	4.472250069809364	5.089934635055895	2.434700587695466	6.3701019784358675	3.4805818326533537	1.0880770993814086	0.6517796296430082	2.1349301574087765	3.9942579992019214	0.5371392642167164	2.0636669866754884
9.003134754635367	1.7520898360229562	6.449017157115218	4.306207433543289	5.248292853370976	2.5238649109352966	6.578991487329139	3.3926644171890934	0.918848934971129	0.6958013604177775	1.8620500660652917	3.595658271582382	0.8631479483448353	1.7316050811187926
8.049636640658948	1.8129281781471365	5.942994133246192	3.9195706855600925	5.494546249402529	2.894824911654595	7.327632214874995	3.4379481579479156	0.6712566884052796	0.6535044905482352	0.20233858032461893	2.9024755316246087	1.2281223427682602	1.408653738166544
7.839060842666413	1.9421864640557935	5.874317874359313	3.9069294323629262	5.697829454369121	2.8515108753901566	7.395354063965573	3.567748041713125	0.499378735046802	0.5269503435401318	0.3238205526179479	2.792955457361131	1.2655168328817243	1.5449169422400162
6.953788003374206	2.7359463110045765	5.968465550845408	3.7212687635334656	5.591146911701543	2.8857266621306357	7.666416615322985	3.3973062154849494	0.4400119681486116	0.3208906573736807	1.5876879692541968	1.9345569483860519	1.5600814041412312	0.09860740130496562
6.646017937587656	2.9592951655584026	5.977085715351924	3.628227387794055	5.48745829612493	2.8773916355295825	7.791810186364836	3.312599866346848	0.41830701268318154	0.2790356811809625	1.5153689711520315	1.7415124622726341	1.924424888567977	0.10736026816600201
6.435150685919994	3.177253735634992	5.978193983344828	3.634210438210127	5.489829084593204	2.833940056603649	7.740004768554224	3.312599866346848	0.41830701268318154	0.2790356811809625	1.7601481021426433	1.6447410926749861	1.6784485758800756	0.12408072886392955
2.3685696715830717	5.019484687531854	4.651706580317736	2.736347778796976	5.319393949663611	2.0764127066576448	8.173424079934778	3.3594781997597445	0.3028578017557628	0.6120346346875531	2.191507142038121	0.3586972748345967	2.320377344213589	0.3262906042655566
1.5588361801442678	5.392077875963435	4.534535098263947	2.4163789578437114	5.311120100774671	1.8407192508946895	8.239530987067463	3.232110078991616	0.24502474351177075	0.687120003850167	2.276354073076372	0.0367182817002883	2.1972964075811845	0.5958502174534342
1.5001080982723005	5.342140270835923	4.516565157186551	2.325683211920997	5.311120100774671	1.8791138208488107	8.297436371074289	3.1030197631150918	0.18711935950658007	0.5664505993987575	2.3677395514294273	0.05647749834679633	2.1916355108536356	0.8539736193185052
0.01458289989228007	5.577275504148753	3.7960911627307246	1.7666014415487774	5.339795878707962	1.5967479524120711	8.415786428448795	2.93029654769575	0.22116610245139476	0.9701069110281558	3.5136757706265076	1.5588609270567013	3.3819227604028286	2.2456403032888996
0.5459231876071462	6.044143802656368	3.92009714169385	1.5781234733555463	5.475006796738999	1.8071563175781842	8.714724884227788	2.6207252811589252	0.12931636354662354	1.290662674976465	4.307228124375451	3.5890312045580983	2.6476585478636365	2.754337976239829
0.34706260923619525	6.069631683455698	4.048201007876945	1.6743680663440943	5.568519203960705	2.0351123106520044	8.83187873290371	2.5285833594579286	0.22876246350984555	1.2915204111335543	4.377211981288838	3.6611915817173175	2.175628313553888	2.562034022950656
0.6336712232843756	6.108749928144397	4.087326890265949	1.3877518145944023	5.349380114354841	1.9398935725218363	9.374251958178533	2.4449744033974463	0.3489297247873275	1.248899923231592	4.365609326290815	3.5181571845675914	2.7462434471606536	3.852266646158121
0.3487332251517756	6.022598767709085	4.190862265065547	1.483003277490792	5.214443722448006	2.1632330445581065	9.554306768429894	2.2681352969798856	0.38702454625151206	1.0854263449827064	4.400221964937287	3.748515754975091	2.7759463177725077	3.5291215807660956
0.014737717121871103	5.812208245126949	4.267661752288357	1.5298087757027967	5.161815238526107	2.6271701612949916	9.639363228035066	2.004225704040987	0.2696347311108545	1.048207752158769	3.412177294604383	1.621208901083425	3.3794946789601514	2.0336193559667697
0.2697008528095373	5.674709202523152	4.3681675733007355	1.5762424820321075	5.104104302725633	2.7685068966109934	9.782289025775926	1.959432278870785	0.3047399892370442	0.9687297634037597	3.4689514089318663	0.5888733223718772	3.1207077269234067	1.1174938249025521
1.9842703393609966	7.583162686563411	3.976315015956653	1.6225773312457645	5.147267767336409	2.7308635755901833	9.73077186887603	2.093605458604432	0.3019659816047277	0.927999350497936	1.4498033522311373	0.6255712682339664	2.0982382933462747	1.9355484054825578
5.6948124190017735	9.56496644214825	3.162851039774048	0.7073029833716523	5.678566433449522	2.829688322566718	9.98305380338123	1.9634334941876654	0.1281228768849117	0.7358705226511486	0.020440876579365358	0.389579239952111	0.480763225479492	3.7034763925517753
3.5780613315545895	8.12970995852046	3.507939067408884	1.0437095595569308	5.485204840852353	3.1981000553156975	9.98305380338123	1.7380667450261205	0.072382508908224	0.40060179496515047	2.0271151965785483	0.4539271551925363	0.6688634761989966	2.3307791527980295
4.232390061558322	8.491983887046167	3.4567015317857868	0.8028922937021458	5.577507229189588	3.0647721681401188	9.992336468873912	1.8747538641204042	0.06684970312030036	0.4941114992436529	1.9471721882074318	0.08750409208952287	0.674350844251224	2.6578502648891003
4.497441939432703	8.658312447935142	3.497838927594478	0.6630315809081608	5.674309486885366	2.9270669210910163	9.827031591128636	1.837064811625569	0.2047863158768649	0.5748374644353605	2.080469371074681	0.09921587771826514	0.8157460130270038	3.0389915794265305
5.498452933376992	9.119218376836926	3.5661351597946505	0.05463028367656252	6.048631093133899	3.0185607348247068	9.752539482852862	1.570414026729466	0.3780641530150028	0.5349744554044144	1.587123890166847	0.37327597723167283	1.334184006538585	3.5370312998626448
5.676434003740528	9.037207322821827	3.915164818719932	0.5543914996383856	6.372679788334296	2.7791571651748197	9.787877944967008	1.5248445082755246	0.3089156695599164	0.05291091095503336	1.6978997480239044	0.3353647500859877	2.2946138286557862	2.3835691568931017
5.448558421158946	8.560338606577224	3.752113101925958	0.6403329165070185	6.308970732883368	2.963318751666207	9.86946497663063	1.3446580515297675	0.4799473698135829	0.2219288692295497	0.3966352307258256	1.3721080487751929	2.4203571299423503	2.763186643163861
5.795617984623928	8.575651856169037	3.6948552018928686	0.9148213303476892	6.481861178379253	3.0066431707795416	9.809229049378313	1.2113143429110833	0.6507612464241147	0.08450976964366261	0.36727499071696185	1.455385667933623	2.3818036705763173	2.7902208309753433
5.99221018573797	8.520369224657626	3.720082459376479	1.191923420456872	6.519801751656973	2.9569787180783895	9.884958201504741	1.0764649979928096	0.6726120956326551	0.04304998697928942	0.23826702207243983	1.2827947721510513	2.542106079599339	2.7339841932057176
6.148602709178835	8.375231000326192	3.6036811671413957	1.3770528759938234	6.564288526366672	3.2344476878270565	9.85424044526561	0.7989960282443143	0.866274122078751	0.043986056686894905	0.9520373063745377	2.8029705215327465	3.515097756628844	2.571734379970242
6.108611477973059	8.245779510682711	3.698487095090269	1.5613190623809612	6.513293566734043	3.4640879370671027	9.937716906072989	0.47454985105578884	0.8778196880068944	0.6935366894907837	1.0804647050657663	3.048223177972142	3.399775552523443	2.561311212040503
5.93564460215823	8.125294390083027	3.750968850305432	1.5613190623809612	6.416563257431518	3.3237418266926677	9.920701671542389	0.6148959614300374	0.9915652318403295	0.7327292825627716	1.3310565586487326	3.7084281571304025	3.881976887726141	1.6507436181043034
5.593793406680692	8.093497484826628	3.876756954139796	1.3770528759938234	6.375431440958218	3.37191039577904	9.872373229577995	0.7044656024155521	0.9915652318403295	0.13165671476673915	1.4747205034432243	3.7498614860647295	3.6854931326349747	1.471582915255683
5.565034283729928	8.052905769521296	3.770453244551111	1.2825817587597423	6.375431440958218	3.4198163166075495	9.872373229577995	0.7510307988207594	0.9915652318403295	0.17072795447738717	2.795464876364716	4.798725243114126	2.557634776653075	2.408650531986115
5.492664526875244	7.987667048688455	3.7752433199796394	1.2802407981662314	6.420200878626922	3.4647659961047728	9.758910182143794	0.7531915175855276	1.1050282792742487	0.24904186866752945	2.6995650987480615	5.107493757854494	2.5228199395800686	2.797347559279399
0.06274325044561069	4.331300117363336	4.708996233272173	0.3149528654672622	6.103286262957226	3.654496478228042	9.658829529052584	1.2113714597959075	1.1955896738239167	0.41734229188492034	6.280395148181908	5.711809717199937	2.9746545235744364	1.8092264514659508
2.4977572548819493	3.5739406951335093	5.656407779215107	0.41529017080084396	5.783773706089263	3.7462761568825225	9.658829529052584	1.5303222605394966	1.1955896738239167	0.5005956688607812	6.277298489597548	1.734339157474759	3.8140748342903783	2.9737781370975083
4.142659289745495	7.20553041687669	3.839004016064763	0.7761328889339504	5.952982360382174	3.2823979588425045	9.750839333210209	1.212858352438923	1.344452168966484	0.5836213357859934	3.301584084880976	6.764273289817804	2.1035863176782748	3.6568270247278116
5.78475982297328	7.873935401720993	3.3269091301226923	1.2377335513752077	6.037327312603057	3.1827257666951434	9.754304072834147	1.0311134704672567	1.4368260654441245	0.6685152518580436	2.5451811434791423	6.90591062652897	2.6941731871730266	4.402229066804814
6.203357048413562	7.8307159761696195	3.3796617932884283	1.7523028655324169	6.169216286446415	3.119659068490978	9.706421105368099	0.7034844782239483	1.4368260654441245	0.5842791366091169	2.131290517997189	7.332802359554045	2.7368620550196026	4.558989697072369
6.466049211573912	7.87700904730094	3.3521319082298375	1.9411720725028343	6.163623211062976	3.062263998402807	9.650011644811293	0.5664172659584316	1.4932355260006296	0.5842791366091169	2.0335669248405948	7.243669106419646	2.6505423807310637	4.626857565249334
6.676195105431454	8.017818179066639	3.235479608086396	1.8938565344514717	6.289431156774835	2.3641981605645244	9.424008212482331	1.2514109525091424	1.4592997701112362	0.83064398778721	2.2301757578252315	7.339773848297691	2.7897996249161494	4.3512873514310595
6.716722633812898	8.108326562738352	3.235479608086396	1.8438756791608772	6.239450301484444	2.3641981605645244	9.4804176730391	1.2514109525091424	1.459236939560791	0.9128719905765983	2.3169811325617022	7.402930546167293	2.8704862032882037	4.2790931373187355
6.63558146028297	8.071843285778405	3.1875104626406316	1.751248637145066	6.3824169599093885	2.183906813828241	9.292793118044116	1.4796714446915809	1.493137395900483	1.0357928023165675	2.2822209793602535	7.53553735025485	4.089917048670156	4.27313957858301
6.6025966953178905	8.092254037861094	3.2888751251340853	1.7992177825908497	6.430705457726164	2.0908022001266313	9.24450462022747	1.4818238916317017	1.459236939560791	0.9928097810013956	2.395704432452584	7.4498791252955545	4.137021003371546	4.1999419283522075
6.61205964242422	8.136989868188879	3.2794121780276533	1.7544819522630286	6.477412381543307	2.0896954523405253	9.209542182687192	1.4829306394176938	1.4027566229559625	0.912713477900286	2.395704432452584	7.440416178189263	4.206892262865613	4.1309080340552
6.549318135713364	8.2716664573915	3.3421536847385322	1.6198053630606537	6.391161332588392	1.9997734966819052	9.161116642439607	1.5299292216758766	1.4027566229559625	0.951564454114171	2.395704432452584	7.226876867679614	4.0994054541618485	4.0548976356139095
6.549318135713364	8.361843263474388	3.3421536847385322	1.5296285569775891	6.349482869082035	1.9549158254316494	9.112618299863012	1.574786892926268	1.4027566229559625	0.951564454114171	2.459550585250016	7.089644995298836	3.9767745205616025	3.9830469971364635
6.339728738487397	8.54810424051697	3.3675250672121138	1.1591495651823376	6.079594371715067	2.0985705949658042	9.155682574969186	1.534970014739433	1.4027566229559625	0.952551002590745	2.9570075143796326	7.122041756142002	3.508242616433094	4.170969490264267
5.892369008763124	8.426179716624992	3.55641900686248	1.0226082990003238	5.995265565757368	2.149956407605641	9.19881988385725	1.5360657726357458	1.4366570792956281	0.9096828040146807	3.267865022289999	7.270256139769237	3.093077835654389	4.227802235060056
5.810289893859858	8.389855965641646	3.5088696804310846	0.9293036086494195	5.900994584783871	2.152715518279196	9.247335500910893	1.5808559883942281	1.380345748838972	0.9504304958491779	3.248731374025465	7.134824459584396	3.030132369015905	4.2201731290838636
6.2947829833478695	8.670336390068057	3.5413122274674294	1.165758820747377	5.946749948703752	2.0975613897991967	9.283229080783554	1.4453102686957857	1.3328958037943253	0.662052516308292	1.6703891190954703	6.774534912934279	2.9585527521633512	4.271907186291149
6.569375257810115	8.846268072202667	3.6322345881353333	1.3553417737430176	5.949206336630848	1.9997640736376305	9.326448054268617	1.3991999932743158	1.2988616079680066	0.45549546240830713	1.6105786243950295	6.587601486961671	2.9025837342398635	4.263929052616095
6.529274828356683	8.756000929089144	3.581810186312416	1.3550840855800992	5.999373050290868	2.0501884754606587	9.382965932205952	1.3991999932743158	1.2423437300303495	0.45549546240830713	1.9223546815762615	6.189281910604616	2.9965952805271843	4.109140239641942
6.582376949457914	8.756000929089144	3.5287080652110445	1.3550840855800992	5.999373050290868	2.3224863564558134	9.475310549411388	1.1269021122789862	1.1499991128251281	0.45322087261970445	2.0558947778953107	6.004573445851243	3.040615748371338	4.039557657183314
6.45584117117503	8.655427493647176	3.604734722067727	1.4051483995955454	6.013288767778194	2.4217291409728356	9.561968267366098	1.0781684491878676	1.1499991128251281	0.08011488880991618	2.4568223749852036	5.481718441360407	2.558492174777151	3.812581187851754
6.299171999177329	8.706627106882255	3.673173238165462	1.265718130460515	5.921903767813223	2.4697744101427634	9.561968267366098	1.0781684491878676	1.2180005479404394	0.12205226993921128	2.523724109455567	5.470742373781231	2.533131826700355	3.866843827065351
0.3116759107021311	6.34257282059654	5.840466072453643	0.1904308374410001	5.373857629596784	3.3312531203104903	9.662032923874255	1.168231586554592	1.262876621333129	0.7871050277365561	4.094571689378369	4.489276179454251	2.0144050991903395	1.4241299103584688
3.2910038606520198	4.581142435784672	6.88178889185231	0.9903574045849332	4.959665556419099	3.808217818943393	9.79762319068881	1.2125916487018729	1.2965777654126647	0.7089152840020463	4.2177261161351325	3.86734341124021	4.069563777807767	0.47866349287543936
0.18834259083554028	6.199985300323495	5.535777027268548	0.852550863892656	5.008156785400643	3.6704112782510716	9.841446008135527	1.2125916487018729	1.237898769532569	0.6699041341540655	4.17324951610801	3.988172913910475	3.2905882684047696	1.7342888995753247
0.6571757246268477	6.61942120227672	5.062333579907236	0.8999118977442424	4.9607957515487255	3.6704112782510716	9.841446008135527	1.2524129239842805	1.237898769532569	0.6707699631692242	3.3705185954788597	3.8514627685035436	2.0498218281763614	2.0163733448828074
2.3445645405527613	6.863612893211422	3.6664974887663533	0.852550863892656	5.008156785400643	3.533500933151212	9.898178745413531	1.389323269083558	1.124995990534661	0.674768528748784	1.9043565800778461	0.7349293339904966	0.6962665867285145	1.6105680167203222
3.453015182241616	7.513111754994424	3.301080867480992	0.7590157052713392	5.145581038325817	3.345694990491914	9.757404253952034	1.480243814586442	1.09132560488263	0.7562899617730028	1.8190233389485237	0.12799717636549837	1.1446580892811387	1.7006586060482674
1.8387097207466356	6.140267921663743	3.0267516476059146	1.2748065533110886	4.955946738607778	3.490853853687609	9.849686437349876	1.7010032791157739	1.055248798308574	0.8403599268960797	3.3220115915206594	1.2300268551828837	0.9929796734591897	0.9585138318719608
1.659413915447628	5.996294876295616	2.96884525928993	1.3680357015582894	4.908328442764559	3.446385860145787	9.849686437349876	1.8307845036115666	1.055248798308574	1.001422377307138	3.513602932731885	1.2280082112265123	1.0119963939428003	1.0998962290495975
