0	1	2	3	4	5	6	7	8	9	10	11	12	13
7.799002259654919	3.6093698410994093	7.9226927839235595	3.4856793168307076	3.998384419462569	2.3049096743257964	2.819498282712988	1.4927838837917913	1.2305286610164607	1.0515374349955158	1.933124519006293	3.7534054493832776	0.6196854956011556	4.366026306234656
7.655542402734804	3.692489857274336	7.7429074654433565	3.605124794565489	3.683242726780652	2.1605131973265608	3.098303846393523	1.7391242226280963	1.0441909338744475	0.7387411648036659	1.9329612175672994	4.285706186623234	0.5817011506845295	3.9319396615591877
7.646673248312312	3.6025373304378583	7.682507826626895	3.5667027521231827	3.721664769223051	2.2310579707052027	3.2397228434187344	1.7044167077251036	0.8543563176097623	0.6110474314441897	1.8814307331733924	4.535317730416076	0.5817011506845295	3.6627184103757253
7.586448056002449	3.6025373304378583	7.50086437569456	3.68812101074566	3.6444844620741645	2.387616367159685	3.3169031505674136	1.6692765698927738	0.7634248080600214	0.5263125726957343	1.9673950991596272	4.654056235719411	0.495736784698211	3.601506308693509
7.443562463780344	3.6025373304378583	7.443225116248385	3.6028746779697634	3.8581171129696337	2.264574240492694	3.1032704996719676	1.7070723637840182	0.7634248080600214	0.5263125726957343	2.010183621391248	4.640676069352726	0.3744711460152924	3.589602240004423
7.375452877995756	3.5511776818458527	7.245212475759205	3.681418084082463	3.8875936718457598	2.3431176466055397	3.0737939407956647	1.743029494933912	0.7420123406765037	0.461984258620337	1.9588239727989376	4.618589394254532	0.41270071563175	3.5727357203880707
7.367166392376619	3.583314854922867	7.185736411342577	3.764744835956953	3.9106498983720437	2.271902664606875	2.9674109623949936	1.7843175571601433	0.7420123406765037	0.49191117839235393	1.9502945200574644	4.688057732577871	0.3700405895757701	3.443791317648074
7.367166392376619	3.66675332277223	7.264279817455216	3.769639897693535	3.827211430522922	2.1933592584941106	2.9674109623949936	1.8565767512376687	0.7420123406765037	0.4552986043633233	1.8643625602137373	4.688057732577871	0.49409771592237794	3.5208539595996915
7.367166392376619	3.66675332277223	7.30672782880929	3.7271918863395466	3.9334172186826337	2.150911247140175	2.884254499941549	1.8565767512376687	0.7403754823535037	0.4552986043633233	1.8643625602137373	4.736336189752555	0.49409771592237794	3.4725755024248675
7.367166392376619	3.704984225061907	7.349059647109965	3.723090970328601	3.9242495959316908	2.108579428839547	2.855191220402891	1.8265635400367648	0.7403754823535037	0.4853118155632748	1.8643625602137373	4.688057732577871	0.49409771592237794	3.443791317648074
7.418186663408664	3.6539639540296958	7.349059647109965	3.723090970328601	3.9532349386160943	2.108579428839547	2.849197643531381	1.8928886694158107	0.7600529105871054	0.41898668618293455	1.7275382960776635	4.688057732577871	0.5799017090240236	3.443791317648074
7.418186663408664	3.6539639540296958	7.349059647109965	3.723090970328601	4.135795613479083	2.1784788844280603	2.6666369686684637	1.822989213827419	0.7600529105871054	0.41898668618293455	1.7275382960776635	4.76865156364239	0.5799017090240236	3.363197486583402
7.418186663408664	3.6920837222832943	7.391275702762266	3.7189946829297837	4.097675845225285	2.0302953387579215	2.6666369686684637	1.862631574466218	0.7600529105871054	0.4853118155632748	1.6418623680867346	4.76865156364239	0.7035987938773404	3.403293417150804
7.500848837951471	3.6920837222832943	7.4739378773050085	3.7189946829297837	4.097675845225285	1.9943605560060633	2.6666369686684637	1.8985663572184506	0.8295474405407051	0.4853118155632748	1.6418623680867346	4.899519551179765	0.6254708089960351	3.3950760023148145
7.500848837951471	3.6920837222832943	7.4739378773050085	3.7189946829297837	4.097675845225285	1.9943605560060633	2.6666369686684637	1.8323107578131188	0.8295474405407051	0.4874861672243173	1.599232062815768	4.980176154139168	0.6681011142658176	3.314419399355176
7.500848837951471	3.6920837222832943	7.516038598866361	3.676893961368606	4.126329251897468	1.9872128133859688	2.6379835619965593	1.7311717770802253	0.7600529105871054	0.48965456491403697	1.599232062815768	4.980176154139168	0.7060999297961381	3.314419399355176
7.551700559288772	3.6412320009461756	7.516038598866361	3.676893961368606	4.126329251897468	1.9872128133859688	2.6379835619965593	1.7613063491618297	0.7600529105871054	0.4595199928327204	1.5483803414784796	4.980176154139168	0.7060999297961381	3.314419399355176
7.551700559288772	3.6412320009461756	7.4739378773050085	3.7189946829297837	4.126329251897468	2.0293135349471743	2.6379835619965593	1.7613063491618297	0.7600529105871054	0.4595199928327204	1.5483803414784796	4.980176154139168	0.7060999297961381	3.314419399355176
7.492338308299325	3.6031122326925322	7.372359570663256	3.723090970328601	4.1644490201511415	2.107484493441531	2.6379835619965593	1.7253514463202653	0.7600529105871054	0.4595199928327204	1.5483803414784796	4.9208139031497895	0.7060999297961381	3.314419399355176
7.492338308299325	3.5648813304028866	7.408611289306184	3.648608349395964	4.174026515768571	2.0362596757673486	2.6666369686684637	1.6942685521213514	0.7600529105871054	0.5255759860625592	1.5483803414784796	4.9208139031497895	0.7060999297961381	3.354300658308158
7.492338308299325	3.5648813304028866	7.408611289306184	3.648608349395964	4.174026515768571	2.0362596757673486	2.6666369686684637	1.7243939620087452	0.7600529105871054	0.49545057617419475	1.5483803414784796	4.9208139031497895	0.7060999297961381	3.354300658308158
7.492338308299325	3.5648813304028866	7.408611289306184	3.648608349395964	4.174026515768571	2.0362596757673486	2.6666369686684637	1.7243939620087452	0.7600529105871054	0.49545057617419475	1.5483803414784796	4.9208139031497895	0.7060999297961381	3.354300658308158
7.492338308299325	3.5648813304028866	7.408611289306184	3.648608349395964	4.174026515768571	2.0011997713099965	2.6666369686684637	1.7594538664660737	0.7600529105871054	0.49545057617419475	1.5483803414784796	4.9208139031497895	0.7060999297961381	3.354300658308158
7.492338308299325	3.648431384429617	7.408611289306184	3.732158403422716	4.090476461741895	2.0011997713099965	2.6666369686684637	1.7594538664660737	0.7600529105871054	0.49545057617419475	1.5483803414784796	4.9208139031497895	0.7060999297961381	3.354300658308158
7.492338308299325	3.648431384429617	7.408611289306184	3.732158403422716	4.090476461741895	2.0362596757673486	2.6666369686684637	1.7243939620087452	0.7387442093192165	0.49545057617419475	1.5483803414784796	4.9208139031497895	0.7060999297961381	3.354300658308158
7.492338308299325	3.5648813304028866	7.408611289306184	3.648608349395964	4.174026515768571	2.0362596757673486	2.6666369686684637	1.7243939620087452	0.7387442093192165	0.49545057617419475	1.5483803414784796	4.9208139031497895	0.7060999297961381	3.354300658308158
7.492338308299325	3.5648813304028866	7.450866651465275	3.606352987237094	4.174026515768571	1.9940043136085128	2.6666369686684637	1.7243939620087452	0.7387442093192165	0.49545057617419475	1.5483803414784796	4.9208139031497895	0.7060999297961381	3.354300658308158
7.492338308299325	3.5648813304028866	7.450866651465275	3.606352987237094	4.174026515768571	1.9940043136085128	2.6666369686684637	1.7243939620087452	0.7387442093192165	0.49545057617419475	1.5483803414784796	4.9208139031497895	0.7060999297961381	3.354300658308158
7.492338308299325	3.5648813304028866	7.450866651465275	3.606352987237094	4.174026515768571	1.9940043136085128	2.6666369686684637	1.7243939620087452	0.7387442093192165	0.49545057617419475	1.5483803414784796	4.9208139031497895	0.7060999297961381	3.354300658308158
7.492338308299325	3.5648813304028866	7.450866651465275	3.606352987237094	4.174026515768571	1.9940043136085128	2.6666369686684637	1.7243939620087452	0.7387442093192165	0.49545057617419475	1.5483803414784796	4.9208139031497895	0.7060999297961381	3.354300658308158
7.492338308299325	3.5648813304028866	7.450866651465275	3.606352987237094	4.174026515768571	1.9940043136085128	2.6666369686684637	1.7243939620087452	0.7387442093192165	0.49545057617419475	1.5483803414784796	5.001605943596094	0.7060999297961381	3.2735086178618102
7.492338308299325	3.5648813304028866	7.450866651465275	3.606352987237094	4.174026515768571	1.9940043136085128	2.6666369686684637	1.7243939620087452	0.7387442093192165	0.559468180275666	1.5483803414784796	5.001605943596094	0.7060999297961381	3.2735086178618102
7.492338308299325	3.5648813304028866	7.450866651465275	3.606352987237094	4.174026515768571	1.9940043136085128	2.6666369686684637	1.6942685521213514	0.7387442093192165	0.5895935901636254	1.5483803414784796	5.001605943596094	0.7060999297961381	3.2336273589088873
7.492338308299325	3.6031122326925322	7.450866651465275	3.644583889526675	4.212737711507566	1.958944409151042	2.589694870640052	1.7293284565788491	0.7387442093192165	0.5895935901636254	1.5483803414784796	5.001605943596094	0.7060999297961381	3.2336273589088873
7.492338308299325	3.6031122326925322	7.450866651465275	3.644583889526675	4.212737711507566	1.958944409151042	2.589694870640052	1.7293284565788491	0.7387442093192165	0.5895935901636254	1.5483803414784796	5.001605943596094	0.7060999297961381	3.2336273589088873
7.492338308299325	3.6031122326925322	7.450866651465275	3.644583889526675	4.212737711507566	1.958944409151042	2.589694870640052	1.7293284565788491	0.7387442093192165	0.5895935901636254	1.5483803414784796	5.001605943596094	0.7060999297961381	3.2336273589088873
7.492338308299325	3.6031122326925322	7.408611289306184	3.68683925168563	4.212737711507566	2.0011997713099965	2.589694870640052	1.7293284565788491	0.7387442093192165	0.5895935901636254	1.5483803414784796	5.001605943596094	0.7060999297961381	3.2336273589088873
7.492338308299325	3.5648813304028866	7.408611289306184	3.648608349395964	4.250968613797204	2.0011997713099965	2.589694870640052	1.7293284565788491	0.7387442093192165	0.5895935901636254	1.5483803414784796	4.9208139031497895	0.7060999297961381	3.314419399355176
7.492338308299325	3.5648813304028866	7.408611289306184	3.648608349395964	4.250968613797204	2.0011997713099965	2.589694870640052	1.7293284565788491	0.7387442093192165	0.5895935901636254	1.6338325965589988	4.9208139031497895	0.620647674716715	3.314419399355176
7.492338308299325	3.5648813304028866	7.408611289306184	3.648608349395964	4.174026515768571	2.0011997713099965	2.6666369686684637	1.7293284565788491	0.7600529105871054	0.5895935901636254	1.6338325965589988	4.9208139031497895	0.620647674716715	3.314419399355176
7.492338308299325	3.5648813304028866	7.408611289306184	3.648608349395964	4.174026515768571	2.0011997713099965	2.6666369686684637	1.7293284565788491	0.7600529105871054	0.5895935901636254	1.6338325965589988	4.9208139031497895	0.620647674716715	3.314419399355176
7.492338308299325	3.5648813304028866	7.408611289306184	3.648608349395964	4.174026515768571	2.0011997713099965	2.6666369686684637	1.7293284565788491	0.7600529105871054	0.5895935901636254	1.5910106467496556	4.9208139031497895	0.6254708089960351	3.2376149251973887
7.492338308299325	3.648431384429617	7.408611289306184	3.732158403422716	4.090476461741895	2.0011997713099965	2.6666369686684637	1.7293284565788491	0.7600529105871054	0.5895935901636254	1.5910106467496556	4.9208139031497895	0.6254708089960351	3.2376149251973887
7.492338308299325	3.648431384429617	7.408611289306184	3.732158403422716	4.090476461741895	1.966052764193164	2.6666369686684637	1.7644754636953028	0.7600529105871054	0.5895935901636254	1.5910106467496556	4.9208139031497895	0.6254708089960351	3.314419399355176
7.492338308299325	3.648431384429617	7.408611289306184	3.732158403422716	4.090476461741895	1.966052764193164	2.6666369686684637	1.7644754636953028	0.7387442093192165	0.5255759860625592	1.5910106467496556	4.9208139031497895	0.6254708089960351	3.2744310011965885
7.441486586962068	3.699283105766909	7.408611289306184	3.732158403422716	4.090476461741895	1.966052764193164	2.6666369686684637	1.7644754636953028	0.7387442093192165	0.5255759860625592	1.6418623680867346	4.9208139031497895	0.6254708089960351	3.2744310011965885
7.441486586962068	3.737417759378816	7.450866651465275	3.7280376948757192	4.129283906158332	1.958944409151042	2.589694870640052	1.7293284565788491	0.7387442093192165	0.5255759860625592	1.6418623680867346	4.9208139031497895	0.6254708089960351	3.314419399355176
7.500848837951471	3.737417759378816	7.510228902454668	3.7280376948757192	4.129283906158332	1.8879035727208704	2.589694870640052	1.7343828060199749	0.7387442093192165	0.5915624730501003	1.6418623680867346	4.980176154139168	0.6254708089960351	3.314419399355176
7.513068240271292	3.680559834460736	7.469706366249939	3.7239217084823264	4.091260254213882	1.8457639343826342	2.566703104826729	1.6987111874360996	0.7617359751323974	0.6272340916353965	1.5469807912240854	4.978306020042638	0.6254708089960351	3.2336273589088873
7.513068240271292	3.680559834460736	7.511730710110489	3.6818973646218414	4.091260254213882	1.838866001531231	2.566703104826729	1.6635847764271154	0.7617359751323974	0.6272340916353965	1.5469807912240854	4.978306020042638	0.7035987938773404	3.2336273589088873
7.525284574918851	3.6234228808999758	7.512601502737937	3.6361059530808	4.005058461978824	1.7893315383681967	2.614991796183584	1.5636270563699322	0.7617359751323974	0.6290678668130417	1.5376066647755893	4.895472300250533	0.6961544684158312	3.310538971990652
7.620503031510771	3.52820442430817	7.512601502737937	3.6361059530808	4.005058461978824	1.824178241920036	2.614991796183584	1.5287803528187085	0.7617359751323974	0.6290678668130417	1.5281922012877163	4.895472300250533	0.6886856094886457	3.3875576705753274
7.72843937723151	3.337262626332791	7.471277068510727	3.594424935053492	4.005058461978824	1.8172581806208306	2.6379835619965593	1.4940193960901482	0.7387442093192165	0.6004550173283285	1.5954297765864165	4.89339434525842	0.7448803069648271	3.4609886048135245
7.72843937723151	3.337262626332791	7.471277068510727	3.594424935053492	4.005058461978824	1.8519336811354552	2.6379835619965593	1.459343895575756	0.7387442093192165	0.6004550173283285	1.681745020398863	4.84540949715164	0.7790147868322037	3.5863130704773885
7.836876408715295	3.221144564856905	7.471121368336847	3.5868996052355695	3.9581388020629693	1.8724286642267698	2.609406882080266	1.386062672690836	0.7387442093192165	0.5702195874716434	1.7498411849935578	4.972478407224984	0.7941404827103554	3.608726522195581
7.790518716752946	3.1626694983949353	7.448055205423452	3.5051330097241555	4.025730741651941	1.8216670355441467	2.5042308134318034	1.3174735768023491	0.8083152260909778	0.5702195874716434	1.7406067424814045	4.911395482383741	0.7443134025487405	3.644347399768759
7.803284857783501	3.1039177961218467	7.4057469417140736	3.5014557121915266	4.093254128793025	1.8146831802803207	2.3992320680612793	1.2833047763042595	0.8083152260909778	0.5702195874716434	1.9056159613559642	4.991009035945155	0.8804934811101462	3.871304856395921
7.816046928087575	3.0448900014789264	7.322114190399273	3.5388227391674003	4.084058519786679	1.8146831802803207	2.371060650091554	1.2833047763042595	0.8083152260909778	0.5702195874716434	1.937982809054245	4.989116810245112	0.911410540683556	3.829180213139685
7.916282438582681	2.9135943351171796	7.2615686680473415	3.568308105652486	4.153896150068839	1.7667984359455478	2.118246143976721	1.2492194304173654	0.94945930588252	0.6342306722596941	2.086295254717703	5.174918636304146	1.324804668317782	4.052666709777942
7.8706685128482725	2.853756026661955	7.119178379335285	3.6052461601749184	4.11695809554654	1.7667984359455478	2.118246143976721	1.218984000561176	0.9282522644558077	0.7641754705612364	2.16514936835751	5.114946535331815	1.2301727978988481	4.011349058118354
7.656919633890373	2.839323171761279	6.8493048674916075	3.6469379381599736	4.034448057553204	1.7599823485492347	2.0951742574684475	1.184981827949669	0.9513241509649282	0.7926799314295594	2.5580569175234977	5.218378301324544	1.4651666557734047	4.084814091459257
7.660610356316499	2.693287070544054	6.706959488700688	3.6469379381599736	4.055425276354637	1.7599823485492347	2.0741970386668536	1.3110520761571498	0.9513241509649282	0.6666096832225	2.500877626999478	5.159264054183659	1.3894020330265595	4.287140529420563
7.433719303971002	2.8125444629961787	6.598513532760355	3.647750234206967	4.117895395307208	1.7453578996360661	1.8924695272622332	1.2672381261680585	0.9513241509649282	0.6634207732508559	2.6789633569918703	5.772128485372963	1.7942575372306346	4.675836545361256
7.319088105480682	2.9316105808476705	6.6425075984017425	3.6081910879265977	4.075852726352495	1.6205040444694179	1.8154460783649022	1.2633671611371446	0.9513241509649282	0.6261757239076821	2.8575440842273276	5.787778584969668	1.6156768099952257	4.794088592550507
7.0763781776366885	2.87079347107657	6.46063395081202	3.486537697901466	4.067077279213367	1.635992358146409	1.78788633362111	1.0898902655513356	0.9513241509649282	0.6261757239076821	2.8103825431605047	6.56246257334266	2.069244663086504	5.27520546534749
6.934275841241742	2.989467361352082	6.358461577506741	3.565281625086948	3.899045812008508	1.7361776302241518	1.8372439105506302	0.9497750303839637	0.9513241509649282	0.5623298970394344	2.7707740008914383	6.765885582626606	2.193126211564294	5.099787993713033
6.505153041297951	3.0254982613335732	6.046762151648202	3.483889150983491	3.8630149120266677	1.7924069764756998	1.790926786452878	0.7761223100475712	0.9976412750629639	0.5623298970394344	2.781235962941972	6.9911550800837645	3.060198703355099	5.843235521793784
6.418820756526477	3.0614256754480955	6.000066607592539	3.4801798243822346	3.8270874979120877	1.7858994538037696	1.8395239568647794	0.7429930920034691	0.9277853850824749	0.5623298970394344	2.7413667647304596	7.168825937861046	2.8613865931647178	5.785454689593718
5.935811298251646	3.146053557448293	5.6829435020106525	3.3989213536893756	3.7912631525963616	1.9125344210325657	1.8395239568647794	0.49927530876519755	0.9277853850824749	0.5623298970394344	2.981998790491737	7.497504811897478	4.020313726378134	5.913980592498709
5.6955436316134715	3.2790508186162617	5.57929636679537	3.3952980834341564	3.7555414610779994	1.8731894592590443	1.8395239568647794	0.4693748648320943	0.9277853850824749	0.6560761678431677	3.0393728823722137	7.3602032694329065	4.169240513132931	5.660388010138278
5.344761360004991	3.3501878899970245	5.384311029103383	3.3106382208985936	3.7119063060514734	1.9234224379374334	1.8120220405105387	0.2633449522385652	0.997613689760727	0.6560761678431677	3.8100037620315663	7.785221203498782	4.54557044514467	5.7914979902955315
5.168352142447846	3.3501878899970245	5.207901811546327	3.3106382208985936	3.7119063060514734	1.9234224379374334	1.8120220405105387	0.2633449522385652	0.997613689760727	0.6560761678431677	3.8100037620315663	7.700375279170493	4.514815869723133	5.761775502116824
4.976932899945937	3.3982478861649086	5.064542565212319	3.3106382208985936	3.684404389697338	1.9234224379374334	1.8395239568647794	0.2633449522385652	1.0674937058688292	0.6560761678431677	3.76628399300326	7.648711208634424	4.420972808600912	5.5458285841423045
4.375709697033507	3.4618526273979473	4.771360240682873	3.066202083748418	3.784862913727539	1.9479181777662478	1.8670997062540193	0.12244734867930858	1.137425282746552	0.7199850436382739	3.918850250153817	7.84432535658038	3.994255546413988	6.105415765644994
3.2158435275343593	3.9406306588708953	4.206516880001894	2.949957306403412	3.673815866900608	1.9022417930763695	2.001311826349631	0.013670914358459817	1.1142602094782452	0.7855349139854476	3.47495483478131	7.4282657565558825	4.0370681178506285	5.838240380226394
2.749936060234088	4.225917989096905	4.10348033451556	2.8723737148152613	3.6458666508528395	1.863030234901723	2.029261042397012	0.052042947731851	1.1842431956258128	0.7572843691824338	3.0374168713352523	7.301400185483851	3.0329477378047853	5.722724172439149
1.8259648720227462	4.674894073699654	3.6736896816969313	2.827169264025136	3.65234462150895	1.8820489122772375	1.9518753922035448	0.1871737554413448	1.2542774387087543	0.8213138172247246	3.2466394268973033	6.946869724915388	2.415527408261147	3.946537547103933
1.9202337182423703	4.5806252274799295	3.7896426813572237	2.7112162643647553	3.65234462150895	1.8368334862345843	1.9518753922035448	0.2579113290580065	1.2542774387087543	0.8213138172247246	3.2439777214908383	6.8510219968653665	2.5629787741605172	4.412918334701985
1.2303004010137113	4.753894167207107	3.2758121641408002	2.7083824040801177	3.644900136353356	1.9014225002826082	1.9240169836719094	0.36063709707860714	1.2542774387087543	0.7572843691824338	3.254232079298348	6.1196848370751855	3.206127664552622	3.6932273025084084
1.2303004010137113	4.753894167207107	3.315411934279029	2.6687826339417904	3.644900136353356	1.8618227301441947	1.9240169836719094	0.4261183734695501	1.3035187464172275	0.8585390236852211	3.260728076645613	6.175196763128436	3.2003788540224503	3.4620221657065797
1.3373506660268768	4.565743096367799	3.2343111284529846	2.6687826339417904	3.644900136353356	1.9644090452382943	1.9240169836719094	0.5287046885645842	1.3035187464172275	0.8585390236852211	3.158171461604193	5.415687930841627	2.683529027303162	3.4409665291662863
1.903569564862055	4.09248257345257	3.4051095049501003	2.590942633365088	3.6726834449726025	1.9574034064982888	1.8962336750526945	0.599539050401133	1.3035187464172275	0.92268943990791	2.8695033745668113	5.399772183265396	2.418773833034864	2.742625025445672
2.1521843127055673	3.93721641333342	3.4170660530886163	2.6723346729504516	3.591291405387016	2.0283160719000732	1.8962336750526945	0.670451715802979	1.3737334389585445	0.9869031014496289	2.4055244365960564	5.266400884171653	1.6435356752076122	1.8295189497754571
2.5331099230092473	3.64945524020816	3.5102304902668773	2.6723346729504516	3.591291405387016	2.0283160719000732	1.8962336750526945	0.6049704394115027	1.3737334389585445	0.9214218250582064	2.8603646800897082	5.205644461659785	1.0225586779894915	1.2164896967515326
2.870661474290272	3.6209000130609073	3.734086422773166	2.7574750645782626	3.4282076178814287	2.0213635572932156	1.8962336750526945	0.6759613206822129	1.3737334389585445	0.9214218250582064	2.9294433123932593	5.37071563502574	0.9793420736675028	0.17291586107576082
2.8653198046161057	3.7191650181529328	3.78901094266165	2.795473880107699	3.455916116844584	2.0593623728226045	1.8685251760895893	0.7059896490818465	1.3529168191099288	0.9514501534576838	2.8063567000772274	5.674479997303599	0.955403592955746	0.38462950619537345
2.669077257675813	3.997099018861863	3.8671389275423764	2.799037348995144	3.3742246630766264	2.052303396232136	1.8685251760895893	0.7114494326322991	1.3529168191099288	0.9501177676062554	1.7806475282462446	5.065009264399428	1.95805407143716	0.8806471078690973
2.5250341447953217	4.276126188360082	3.9606242213289087	2.84053611182613	3.292433702033608	2.0120111980202227	1.8685251760895893	0.7114494326322991	1.3529168191099288	1.01445771509384	1.8362271494615197	5.026473902690285	2.1625776088123643	0.5260489485090936
2.6178862128483193	4.32328399463505	4.015432960998582	2.9257372464843647	3.245275895758829	2.089794227058165	1.796762932410036	0.7511891332873515	1.42467906279023	1.01445771509384	1.9147742465789153	4.2764525998757446	2.2866821916264795	0.9752938002086934
2.5741406097106987	4.502582363366564	4.1093339249168945	2.967389048160519	3.190823888757811	2.0493600435913204	1.7691289542674467	0.7812268567829123	1.445495682638637	1.0444954385899334	2.0027105036970996	4.3299193803269915	2.3075108116617744	0.8727510249250158
2.5237161688940266	4.518271315053494	4.149933230442887	2.892054253504848	3.2255593778875884	2.048643162824719	1.7691289542674467	0.7553716688936606	1.445495682638637	0.9787578259410551	1.6903519258420545	4.3299193803269915	1.920143876152182	1.3318376093384332
2.290150778081077	4.595308614291478	4.110519866318538	2.7749395260538092	3.34267410533845	2.048643162824719	1.7691289542674467	0.7553716688936606	1.5157613516827277	0.9787578259410551	1.794152098069048	4.148607017486415	2.0387146588166236	1.3927354537723817
2.343864672186244	4.595308614291478	4.164233760423489	2.7749395260538092	3.34267410533845	2.048643162824719	1.7691289542674467	0.7553716688936606	1.5157613516827277	0.9144178784532786	1.74771406819902	4.1546955917897685	2.1233605174503443	1.397165094794555
2.3977536772511105	4.560276084430865	4.258888165591722	2.699141596090151	3.405266379943399	1.9763853444479913	1.741569209523326	0.7238792506203146	1.5157613516827277	0.9144178784532786	1.6577459236830323	3.8156868196578158	2.068864679625267	0.9028284387870551
2.400983080028808	4.611111559576223	4.2747389984224	2.737355641182583	3.482273653409964	2.086117688089251	1.6645619360563757	0.7953975491685497	1.5157613516827277	0.9144178784532786	1.618750749280302	3.187086161664134	1.9486192061628982	0.9376690281907508
2.400983080028808	4.575978211286818	4.2747389984224	2.7022222928931092	3.5174070016992007	2.054618599850428	1.6645619360563757	0.7638984609298817	1.5157613516827277	0.9144178784532786	1.618750749280302	2.128594210520849	2.1301513789968785	0.3208465348694613
2.338866629491563	4.76449676227845	4.477532455355376	2.6258309364145735	3.6430744684492966	2.0681290206215652	1.6920312722065396	0.7006634352788256	1.5157613516827277	0.9144178784532786	1.69174036558351	2.458646851398222	2.10144331975073	0.4250603663381634
2.389797731236709	4.825496895199345	4.468452531028895	2.746842095407384	3.6786098784671486	2.224675589631797	1.6920312722065396	0.7006634352788256	1.5157613516827277	0.9144178784532786	1.6989964647391933	2.846943411424162	2.190722763533791	0.4660312331162227
2.478753621323905	4.839298302972704	4.574502451731179	2.743549472565675	3.656438751433727	2.2722070068673523	1.796762932410036	0.6689269421864114	1.5157613516827277	0.8501410395651414	1.439622645574011	2.7467857989070605	1.9857578361465351	0.5340735761820476
2.3306834411080626	4.904910722240765	4.574502451731179	2.661091711617605	3.661782770081297	2.2722070068673523	1.8738766747099236	0.638948857254553	1.5157613516827277	0.8201629546325978	1.454174622872957	2.6963262886557864	1.749684895647893	0.5831971695648255
1.7592172524950656	5.219200050178972	4.165935893301972	2.812481409371843	3.7493503301584865	2.516396440709628	1.9509157253259153	0.5671419826504439	1.4950234654057468	0.8201629546325978	1.446140056374816	3.123051267876255	1.9807012682289211	0.2067471197684258
1.3832097842632343	5.2912681946205	3.901533536031458	2.7729444428522223	3.8397279993409072	2.523399192813211	1.9788048641891314	0.4655054930273428	1.4950234654057468	0.7902535544334792	1.5027133249848679	2.735063693370971	1.9925124862881214	0.2544276873507375
1.4782898239671627	4.950080052598503	3.5095035121621057	2.9188663644032395	3.9807276819860165	2.700727568939904	2.0839132838622847	0.2508038452851861	1.4950234654057468	0.7260398928911913	1.3577027117876337	1.446098768183809	1.373196557964013	0.22525827734209028
1.7592172524950656	4.8548251398154365	3.617094352601249	2.996948039708959	3.903659162472587	2.636075384618248	2.1609818033753574	0.10806998565484716	1.4950234654057468	0.7542381087851185	1.1609402912566555	1.255179203896695	1.1722428821001163	0.10497113502654692
3.1558412865445367	4.212377847469907	4.263586233469776	3.104632900544644	4.067210516187092	2.4810402706589194	2.1609818033753574	0.31820134284992824	1.4950234654057468	0.6618894766686714	1.2396799334849644	2.190689973949789	0.9952478123250532	0.4675466941167081
3.766961879375677	3.9829047457483715	4.486948123763831	3.262918501359995	4.103903024376081	2.5395664362142183	2.1609818033753574	0.4546532863012807	1.4950234654057468	0.5978023729727849	1.4239109100255802	2.460746732348842	1.3209964857089238	0.8118723064022317
3.2533187178634813	4.033763025726853	4.074417261580506	3.2126644820099943	4.231889091505997	2.1398452501359237	2.3148913434223197	1.0561066600063453	1.4950234654057468	0.5636880484455848	1.7598640589759447	4.459001187081716	0.2956682168776289	2.236603447346449
2.780984422217677	4.333898218561269	3.9837063805623565	3.1311762602166753	4.313377313299078	2.0695476183875727	2.3148913434223197	1.0964262068215371	1.4950234654057468	0.5297058532917543	2.0444103265010574	4.914266358592045	0.2374765518831826	1.987993758606126
2.9154150023949668	4.146174128085524	3.8714132397137497	3.1901758907668514	4.561430288894085	2.0333927991151035	2.3200279230914136	1.5164743223178536	1.4963831731993638	0.5297058532917543	3.0325438054947735	5.2381591914078	0.3055059120660989	2.7372552942846626
3.2944828518184512	4.050410794419699	4.162435438521736	3.182458207716395	4.5280048274625795	1.9992962457655141	2.3967923419382493	1.651998667666454	1.4963831731993638	0.4638993356575791	3.4046821598137877	5.759066712663097	0.11313424106904389	2.2343733377192234
4.946126231667724	3.3094661872396633	4.817852312742903	3.437740106164473	4.52130861684399	2.0108513281119795	2.5971593714614465	2.137694375228884	1.495283173063009	0.4638993356575791	4.80009802250188	5.573862897569825	1.808209485645167	2.282047230648447
5.265921873100437	2.9388993574302584	4.771837051365245	3.4329841791655067	4.583040118640335	2.0174875050511525	2.615871704438274	2.140939588430295	1.495283173063009	0.5297058532917543	4.49851750850446	5.618892617329873	1.760902958270279	2.4337160391801866
6.458998418603639	2.314481000160042	5.229509024464785	3.5439703942986616	4.398282818473549	2.1964867045560044	3.0179738837492116	2.313619234065309	1.4484673631007048	0.4942945857370138	4.178959294083857	3.2011431809960915	3.7080519152518234	3.2793783946396537
6.734382178810082	2.0066733999893054	5.197921183404649	3.5431343953948873	4.441208458958202	2.210154654647846	3.093386892460829	2.417453934265821	1.3082942532505548	0.4942945857370138	3.5760345004740834	2.9471954199688613	3.743980294416027	3.38733868551666
6.793134272288332	1.9266767537415839	5.214516299990193	3.505294726039784	4.596618113917547	2.183471705130329	3.0413216346116854	2.4862938606761227	1.3060246361238554	0.4942945857370138	3.3056134476260985	2.7329373375816615	3.5629942888868036	3.0522561406367497
7.378162616720234	1.5241488409464012	5.3305740803114645	3.571737377355668	4.304966210959395	2.3039789636349335	3.5642105746944237	2.4604942198431314	1.164527244157464	0.498211612613882	2.8113663313420307	4.5048764971596045	1.3543352132641697	4.19580219207683
7.427129120514989	1.395507947782686	5.212886349488622	3.609750718809292	4.309690543321634	2.3172946968515378	3.6391606317013	2.4690411714268627	1.164527244157464	0.5303872656184757	2.6263759185246793	4.5264745288417805	1.806466729132914	3.486624947404735
7.863937903772896	1.22234370155701	5.574903493993371	3.5113781113368847	4.145815280747433	2.2235142147617895	4.047685271619274	2.5401638681467147	0.9744368892579695	0.5303872656184757	1.869687202265555	4.261870608921964	0.27287212837480485	2.9296826058682464
7.948339599718034	1.2634330534823288	5.65930518993853	3.5524674632620408	4.074594406642811	2.2235142147617895	4.126714694266516	2.474574314617908	0.9255389887896219	0.5959768191472613	1.6545305920844717	4.115732263061737	0.04656743779235349	3.1274713022502003
7.73615600613593	1.1152187832438771	5.541475367261828	3.309899422117674	4.105120017774169	2.4605517497786136	4.67407928281714	2.4442204588076444	0.7572968666371269	0.5627448457438489	0.5283987992279885	3.1310988388519294	0.8692532039154	1.682743887150161
7.628233096040244	1.1788532831619234	5.533521054207782	3.2735653249945416	4.079320345463195	2.5037673080483613	4.851806681084644	2.3786414038499135	0.7061520782567237	0.6283239007017847	0.5458414517175726	2.9556272950316043	1.0119932538217629	1.7428195646406193
7.120528186996199	1.5879495206125536	5.636896866543067	3.0715808410654417	3.8660528220407233	2.424861607300425	5.2504064066712255	2.4143315463278436	0.679588801751835	0.3456825680522453	0.591976077334437	2.1472495661697226	1.5177025583223653	0.2542354676867623
4.206220953361237	2.995893991768905	4.548232447920848	2.6538824972091444	3.838878228826399	2.007745849498788	5.316384831844986	2.452552792232986	0.7007703723647039	0.5558743951617461	2.5862079798494486	0.3146628691176283	2.2848075847993106	0.8202583087785057
3.5044839813098054	3.3744553701888833	4.453757896565759	2.425181454933149	3.723061141299177	1.7430694175710477	5.504861462747904	2.5189409182189744	0.6281108289892477	0.49329859344411764	2.6208095673057326	0.11488698155214477	2.2666496858978147	0.9443727332266952
0.27926057550946753	4.578029367695858	3.3203968272424267	1.5368931159618013	3.5074174435800822	1.3917574657920313	5.9117911672011	2.100532860536273	0.5553931517644782	0.5862871314955223	3.263427985187212	1.1874083909412723	2.913355074039004	0.9795099465218459
0.34354498134410405	4.830701148359476	3.264919452141383	1.22223671487401	3.4745186191504565	1.2216291489059377	6.0573876867976875	1.9959268251767532	0.4826175054398971	0.460114432023808	3.1054983067224873	0.6780292150779318	2.9454977498178607	1.1406991920746858
0.23923152217944124	4.634695860141767	3.4071466339378045	0.9883177040250445	3.401777786352486	1.4458565715104454	6.202961969261896	1.5377803917231108	0.4795867400187658	0.754944314382011	3.6242071876396604	2.189956994581359	3.4443134282458336	2.828240791925381
0.020172438513267592	4.586246105340989	3.3427796696443846	1.2232939971701247	3.3956011193505917	1.6726500530895103	6.203112222701405	1.4973889995218108	0.40669565378183853	0.8078459895639023	3.702638859912029	1.3787035483052112	3.523059252847793	1.9598050722464395
2.372792737137623	6.016656088747199	3.0097527087782754	0.6341106428305776	3.5268145228665406	1.4309029389772179	6.488686440875347	1.3658116533577378	0.245418719771965	1.0595177019365523	4.0751892054319905	2.1565272975026843	1.913173784744563	4.342186119219145
2.610702709951764	6.175899261627688	3.0097527087782754	0.5554438428965134	3.6054813228000153	1.5018108207603584	6.488686440875347	1.2995660899791441	0.245418719771965	1.0641800203411858	4.015704787318317	2.3273012311355945	1.7052695227427297	3.9461819627575765
1.808876524167078	5.753670117667741	3.42827276724604	0.5165208262539449	3.590763239343574	1.6916062309014859	6.647181464166341	1.2275931788440166	0.22312428998810785	0.3958614267095216	4.624094259578214	3.5735071524254476	2.4353288098529813	3.497232948705728
1.3884039581032752	5.710259822610525	3.606435623442385	0.7154202410660722	3.511857115847102	1.8828340875462455	6.691601150885414	1.1257843646128212	0.19980884202132948	0.44566433082364393	4.3933670731222305	4.622765972331346	2.8315372842560986	2.37554426517952
0.15018382809251501	4.935344059725868	3.715687265731788	1.0694729659023143	3.5637829549559434	2.2450189768880904	6.682666076400883	1.1912172136320893	0.19980884202132948	0.17858422503319724	3.949932609792818	2.201539388873598	1.3533732326617938	0.5706587339040576
0.7977891249007695	4.430926221474825	3.881189789547244	1.3475255568273077	3.572658953120926	2.4576517679309786	6.736810895999964	1.3634287016427666	0.17768317100346215	0.3679729230146256	3.4158484349719775	1.5064273498288214	2.1316452767241736	0.6547672752447794
1.684458392283268	4.1890915662802355	4.366863340256435	1.5066866183075442	3.6071689094001305	2.614624028786099	6.663775455004936	1.2965773422323166	0.19873603140971965	0.6941688954024011	3.6704450246705678	1.6311865448042862	2.22356011688023	0.1899447025757757
1.6457673196327913	6.200548745205178	3.2850085540862426	1.269772871486003	3.520213906821831	2.6460948335779686	6.874198321843474	1.1516606548793957	0.24753723345679218	0.6641265868836674	1.9555750049901586	0.9704128745008873	0.9246395337153933	0.3569241924573273
3.1970667034797327	7.109645507262337	3.1153002763202213	0.7972785274626824	3.5999913971102098	2.2533779798424676	6.896268152387439	1.1210756070100991	0.22546740291370876	0.5406846843829523	1.2504132848623581	1.0169065468161684	0.18107866416075527	1.123697962224794
5.257327212977039	8.140803207477738	3.3556392573907297	0.4721632628888539	4.15520424526685	1.7203019188551234	6.8239863396615155	0.8431916309487034	0.24118781648062462	0.6826864071795307	1.3726909314439635	0.2672531577974976	1.4416225941655063	2.0055624141915547
5.329404562220372	7.954361881276029	3.340233125735471	0.7152758066797651	4.286036505740036	1.784964978193008	6.856326590925156	0.6017382154538206	0.1986167959098986	0.6446202577895325	1.807980775217261	0.03866694431645133	1.8942096928602097	1.907309823582653
5.132451346349699	7.794162442449833	3.0169244964055153	0.355213400305451	4.005205572754544	2.2532283110324545	7.10040374686609	0.3248689156965826	0.21992848914540777	0.06032774609099528	0.945176457089966	0.6634462861419774	1.9472217759239971	2.14047527251318
5.421841912397035	8.1405246351003	2.9941444727771747	0.27546175007475054	4.005205572754544	2.332979961263882	7.10040374686609	0.3248689156965826	0.2904332324104001	0.00387552620325943	0.4763875714581825	0.07654569849872898	1.5908579487115193	2.5776498149036886
3.981184796288051	7.011105452984843	2.3557912974785897	0.674129359218079	3.521447587151878	3.3421354374825154	7.3534100308566455	0.10677885852673137	0.29215450051421077	0.8654411106154243	0.321550164078197	0.707849268192736	0.18128431655595867	0.9979663484827997
1.6650563146058275	5.386808100988394	2.653600652845715	1.0681511335367524	3.289563141688525	3.650036126533368	7.354131493740331	0.03390700653722469	0.42794617702945387	0.995544856001339	1.026513592429631	0.601240656604019	0.2594292664958684	0.3439649817163311
4.2486648701513205	7.161067071965226	2.203774231791339	0.7086279700222154	3.6007688613513293	3.5288271744730273	7.2812399855314585	0.06487115008893823	0.4982149760345209	0.6751041662154375	0.20268451297727302	0.5441769292769413	1.319669363267657	1.1803287694729432
3.9767869803829776	6.984841479833194	2.3776946556299703	0.630359843820344	3.6007688613513293	3.377687196284466	7.2812399855314585	0.1686360779272651	0.4982149760345209	0.6032797942390911	0.6795760453531791	0.6633062915751481	1.6073383525942795	0.9890864531727475
5.223401631399191	7.564762458325881	2.8141309713271974	0.4727701444011182	4.185863141925427	2.9679489508518664	7.248120265402693	0.038513850024240154	0.5685354283012516	0.6690125398459332	1.6651587388948381	2.3888755091205165	2.6342635839440334	1.144868758669114
5.333970827486487	7.513777632493269	3.010739664997896	0.8309328599913424	4.418535761064111	2.809423260607482	7.237346033569597	0.038513850024240154	0.5957268955088517	0.6044431382664345	2.2708061919425035	3.608655754365848	2.2390662325441237	1.8663608664152456
5.333970827486487	7.513777632493269	3.0901777514326993	0.9103709464260793	4.524242479157064	2.691471324149888	7.131639315476626	0.0	0.5957268955088517	0.5103071653351354	2.390162280255931	3.812506946734976	2.219287438369734	2.1287429706870484
5.770261672281518	7.6146376944431875	3.26549153497977	1.4211155128179427	4.732626094975219	2.285040551046883	7.065529873609888	0.09978932597664898	0.5026683872869554	0.19828195733231752	1.7995336816379466	4.303785999708751	3.010634094197843	2.57081814179413
5.770261672281518	7.579766129854613	3.3455476194685754	1.5360431618952415	4.767497659563723	2.204984466557616	7.065529873609888	0.09978932597664898	0.5026683872869554	0.10357593502302735	1.7024505931412695	4.404879756860263	3.0839096612834527	2.5666682268919323
6.0122486889518	7.454189592044712	2.8538352801358315	1.411894377042688	4.819557531174342	2.277580396315945	6.927875974195941	0.13383049868300753	0.5026683872869554	0.1298651184177897	1.2853793702503322	4.102804227346004	2.8219542849886623	2.9986843342178555
6.067704257028067	7.531812189497435	2.7599879378331966	1.2958800053640693	4.741934933721539	2.3499273391548	6.927875974195941	0.1677856672907877	0.565425935163098	0.4916449227614923	1.8075414499391698	4.098984109595633	2.8211490786590185	3.050319784544095
5.778591282763195	7.37589291393211	2.815443505909847	1.2181418747408403	4.7369049005344355	2.3837968054294096	6.855167876759848	0.20165513356642426	0.607008198215576	0.8821553736713365	0.24388876107032853	3.9517221745764513	3.0421877291370554	3.1769859970808696
4.139954516274976	6.444828425964326	2.9293638688158836	0.624489959126615	4.502997605806366	2.7435414263153155	6.855167876759848	0.23624826739314744	0.6277230463637423	0.8514944463370214	1.397357980419301	4.021408693411224	1.462471153417805	2.87826572820835
4.584168202385332	6.794678167209036	2.914395640009375	0.7038856751861744	4.575787685346695	2.664145710256335	6.854521419363972	0.23624826739314744	0.5555794242189254	0.7565615435043549	0.12963460524521253	4.179671183958954	1.5737320568535178	3.2359311640121935
4.676768664944123	6.943329472290342	2.970446482531783	0.7038856751861744	4.575787685346695	2.664145710256335	6.854521419363972	0.23624826739314744	0.5555794242189254	0.7565615435043549	0.17375971173992869	4.235722026481619	1.5309009376745215	3.1761900886505074
4.850327467163538	7.116888274509771	3.0915861589308125	0.8250253515847823	4.648659650367286	2.576790098270385	6.781649454343569	0.2700323318064631	0.5555794242189254	0.5360987878415835	0.06258762025647165	4.185063427157293	1.4681124078946493	3.1255314893262143
5.055874703635351	7.227785607692722	2.9969362556420673	0.8250253515847823	4.648659650367286	2.576790098270385	6.853848673817924	0.2700323318064631	0.4833802047447082	0.3738037127641216	1.6727775228050836	4.090413523868568	1.8701476182410206	2.8887380257973696
5.055874703635351	7.227785607692722	2.9969362556420673	0.8250253515847823	4.680753658968324	2.504577094901783	6.821754665216792	0.16689236193216567	0.5040444385891157	0.3087605007731991	2.2989624312604278	3.9896736982457672	1.7699659267573842	2.7293372633905024
5.227814792373591	7.441977894031192	3.076483225216239	0.8623201235585535	4.711380353948703	2.4250301253276296	6.726861577961231	0.10141797906997604	0.5260586332638117	0.24328611791130772	2.4383086789642205	3.7887258032385995	1.6255937360115555	2.4699413115217554
5.227814792373591	7.441977894031192	3.076483225216239	0.8623201235585535	4.711380353948703	2.4250301253276296	6.726861577961231	0.10141797906997604	0.5260586332638117	0.17959553438405854	2.4665214388396897	3.588487897499008	1.6354813786105216	2.3152548282211187
5.227814792373591	7.6766959916265245	3.0384490347917463	0.5895678355392047	4.5496225458348185	2.46306431575241	6.653901288479711	0.029742250766371558	0.45607866437613365	0.03701785533670206	2.34944985612761	2.789220655682146	0.7899974568112071	3.2481069206072606
5.266617550344688	7.755165144090596	2.9996462768209198	0.5110986830756156	4.471153393370768	2.46306431575241	6.7262387369137615	0.029742250766371558	0.38374121593964816	0.09714299084466659	2.0249275298571994	2.5528981471718595	0.8856290724056401	3.2503599519946986
4.779153757274673	7.4025039905855	3.055864939478165	0.4325147061673138	4.53873378256642	2.284897339344453	6.580074370810614	0.27359495755681734	0.38374121593964816	0.48255241513434355	0.20956175367327556	0.5488758138050628	0.5679254758627765	2.826000256376674
4.731269979285901	7.394394922012286	2.9375891406228196	0.2744641978964857	4.460035025300639	2.1484238704006673	6.558087503770423	0.4894201775055601	0.4057280829822586	0.6073530048094599	0.5180529562528733	0.35894506879155147	0.8499589231925057	2.6469926287214416
4.572366395071472	7.408087482815383	2.793969991553132	0.04175109619073856	4.312136563928289	2.20795375378022	6.567837782415389	0.6299999459868728	0.4070283030157781	0.6073530048094599	2.1391180155131484	0.9244216305271031	1.6614795927236101	1.9402682585261004
4.696849959589593	7.611692816523256	2.672939501033559	0.2419033558995139	4.233014794738691	2.2598285058279837	6.640397203343433	0.6991556844586219	0.3344688820870114	0.6379844999433549	2.327264897438515	0.8310631555722436	2.1264920722072382	1.8500975092138388
4.905731584276693	7.645831294623333	2.656482016343927	0.08361769399987051	4.280262361434853	2.1806646131210456	6.672271405836997	0.6991556844586219	0.3344688820870114	0.3177701119156329	1.7879258751224514	0.10085794983057296	1.7997556848669518	2.913907943170455
5.319790055602213	7.82879094150497	2.62545726482069	0.11645637891414433	4.2859947095188184	2.0595972412387593	6.745545758791669	0.6991556844586219	0.31367579284601266	0.12482367707982038	1.3807057350880296	0.4071157717370466	1.6045737054182654	3.2527540181897643
5.319790055602213	8.069918973510353	2.5090008859027724	0.24112803200652808	4.118141030468183	2.032218592255963	6.650256490770145	0.9393101003400092	0.35648379715445194	0.5423799662741072	1.4419086050566996	0.08966078586750242	1.4798554696542976	2.816551046982728
4.404166667509979	7.868440435127528	2.787376937647207	0.6768968299707504	3.918701446530956	2.1250618321946595	6.722955331611673	1.0827960744295675	0.21377766943800283	0.6703975520895916	1.415496194205052	0.18447968405282453	1.2513776056284036	2.2990363252095896
4.283860587160703	7.842613245390524	2.8033098706021695	0.7554427876272489	3.918701446530956	2.203607789851512	6.7957099185276935	1.0827960744295675	0.14102308252195248	0.6703975520895916	1.3381677493963176	0.0560103842631706	1.1231862386276938	2.118882178265185
2.4944814785531415	6.470337294096566	3.022611303392635	0.9532445121509024	3.90951991769195	2.109598558901333	6.814827304509756	1.3944680351230951	0.09003149404663083	1.1786970002140056	2.7725927827696237	0.5608758279545174	0.6486131000640547	2.1074884399296727
2.2492645876805084	6.3186654772333375	3.158333049948224	0.9110678396045117	3.9827998159238316	2.0674218863546883	6.814497469420238	1.5560703151642055	0.01708143088339773	1.3094263360807679	3.088214156153031	0.41174315306195736	0.6636536874692135	2.163076040813994
2.0953237070083257	6.25808307151591	3.1735670918128864	0.9891922726949571	4.129603343127431	2.0032441163221213	6.718994805179683	1.7285386936078198	0.03421943207319851	1.2148904337391737	3.433036952352344	1.5543657519602136	0.23894376546772858	2.394192057825628
2.3338116704093634	6.439366717838999	3.1163627747348177	0.9891922726949571	4.234613720733054	1.9675040122716554	6.613984427573952	1.8299474406893095	0.03421943207319851	1.1562730430413013	3.2909889223801883	1.8695510228326582	0.3662724303198829	2.5803250985385136
2.517429731530377	6.450688439128827	3.065236461177129	0.8680222464213881	4.387173711911074	1.9605594179950767	6.54045724773573	1.8904705176128147	0.03421943207319851	1.221560456058114	3.2809403638141363	1.962814551324079	0.45179097672631513	2.6427355600591467
1.536454408236558	6.276838448488327	3.5584288067730534	1.1819552334783106	4.450059333807306	2.045513049446291	6.297632711738982	2.0270177215531957	0.012459328322187692	1.2896125290718574	3.411263510942637	1.8252687617078382	0.2699398110045753	2.9186881284154604
1.47625479419807	6.216638834449702	3.600601100191798	1.1397829400602137	4.450059333807306	1.93262718774213	6.297632711738982	2.0977312898391673	0.012459328322187692	1.2896125290718574	3.2501877243489012	1.5137115095310136	0.2638130926916823	3.293230821889527
1.0182819105498238	6.2958979617465864	3.9809430101124677	1.2966730410845824	4.444648940763977	1.939631625014824	6.2019681995070295	2.198207433149927	0.009356449735548038	1.2589661215521812	3.50924028872066	1.7245827076518618	0.08362251605292756	2.4617882989659305
