0	1	2	3	4	5	6	7	8	9	10	11	12	13
7.821026390614442	3.3426266700885003	7.4056573425832966	3.7579957181195045	3.6131909055455114	2.3051533487428895	3.7426675615020195	2.383263275255264	1.4287871002582866	0.42220168215281545	2.019412539975108	3.9497218740273357	0.456997468247011	4.037249164939978
7.690472658287937	3.565075671972909	7.68878391213442	3.566764418126366	4.102428860052628	2.2221262291387656	3.189191675288449	1.8916368943999382	1.12564483124784	0.22168636711582407	2.0544939802237896	4.647369001974661	0.32658613362804273	3.505338208786016
7.547356283299783	3.7637340424756993	7.672316132660519	3.638774193114954	4.212737711507566	2.199995873655208	2.9029262603870842	1.7575334032627035	1.1235289914903182	0.1664402591108181	1.9676837485376457	4.76451323107599	0.41339636531461194	3.286012901027133
7.396009320912669	3.7123157387150494	7.427450144951585	3.6808749146761377	4.346630808992698	2.2073436689780883	2.8142660371525614	1.703122327640705	1.0782961172393928	0.32587284173824976	1.916265444777014	4.659391013129056	0.3348372409080111	3.347165509342533
7.482942198632145	3.6039123721469237	7.409960609410437	3.676893961368606	4.308511040738885	2.0941621072145855	2.836797517829245	1.8102891515974702	1.0557646365622568	0.35344965672946077	1.8127224302224967	4.696894014833057	0.291857120642113	3.331023180817723
7.3914835641890395	3.5909567339564337	7.309523066464032	3.672917231681477	4.347418754452883	2.086996198524668	2.75988071961527	1.7754692461001436	1.0557646365622568	0.3888734208178961	1.588725161924298	4.635273535199249	0.503224034234237	3.3274341829056673
7.3914835641890395	3.6288555827640074	7.4295960504834015	3.5907430964697666	4.309519905645302	2.0016569657158305	2.6881550967525043	1.7407354948897933	1.0574598562918678	0.32509070794264394	1.588725161924298	4.586868475560032	0.503224034234237	3.453161793134989
7.3914835641890395	3.7120214375599954	7.507911720016949	3.5955932817324974	4.254587630999914	1.817679838115021	2.6373090373003767	1.8103109692028996	1.08007233559278	0.3611766916960806	1.5024038409398508	4.667881416082817	0.5895453552206074	3.3721488526124705
7.3830919146573235	3.7445013900517696	7.407006196436294	3.7205871082726825	4.17131212003322	1.8593981536882507	2.6373090373003767	1.7444956915540986	1.08007233559278	0.3632724347764054	1.4516082824650949	4.608694208075919	0.5895453552206074	3.3721488526124705
7.3830919146573235	3.7067946886423466	7.407006196436294	3.6828804068632772	4.28592209104551	1.8593981536882507	2.560405767697304	1.7444956915540986	1.08007233559278	0.3632724347764054	1.36541706087132	4.608694208075919	0.6757365768136256	3.3721488526124705
7.3830919146573235	3.7067946886423466	7.407006196436294	3.6828804068632772	4.28592209104551	1.7885566612195203	2.5113491457420136	1.8153371840223134	1.1291289575482062	0.3632724347764054	1.4086584170362908	4.608694208075919	0.5541229022714999	3.2948263020223196
7.4337190703155285	3.6561675329841927	7.407006196436294	3.6828804068632772	4.28592209104551	1.7885566612195203	2.5113491457420136	1.8153371840223134	1.1291289575482062	0.3632724347764054	1.358031261378031	4.608694208075919	0.5541229022714999	3.2948263020223196
7.4337190703155285	3.6561675329841927	7.407006196436294	3.6828804068632772	4.362900847040458	1.7885566612195203	2.4116771174681415	1.8153371840223134	1.2218526329610113	0.3347935081757918	1.358031261378031	4.657025655964909	0.5541229022714999	3.2464948541329886
7.4337190703155285	3.6561675329841927	7.407006196436294	3.6828804068632772	4.362900847040458	1.7885566612195203	2.4116771174681415	1.8153371840223134	1.2218526329610113	0.3347935081757918	1.358031261378031	4.705220630164711	0.5541229022714999	3.238536417117621
7.4337190703155285	3.6561675329841927	7.365173482520857	3.7247131207789104	4.362900847040458	1.830389375135091	2.4116771174681415	1.8153371840223134	1.2218526329610113	0.3347935081757918	1.3152746697888238	4.786222289144704	0.5968794938615233	3.1575347581374236
7.528824108772385	3.561062494527426	7.365173482520857	3.7247131207789104	4.334846502638081	1.830389375135091	2.4397314618704913	1.8153371840223134	1.2218526329610113	0.3347935081757918	1.2201696313318968	4.705220630164711	0.5968794938615233	3.238536417117621
7.528824108772385	3.561062494527426	7.365173482520857	3.7247131207789104	4.334846502638081	1.830389375135091	2.4397314618704913	1.8153371840223134	1.2218526329610113	0.3347935081757918	1.2201696313318968	4.705220630164711	0.6351905914777793	3.238536417117621
7.579170281905388	3.5107163213943724	7.365173482520857	3.7247131207789104	4.334846502638081	1.830389375135091	2.4397314618704913	1.8153371840223134	1.2218526329610113	0.3347935081757918	1.1698234581990208	4.705220630164711	0.6351905914777793	3.238536417117621
7.579170281905388	3.5107163213943724	7.365173482520857	3.7247131207789104	4.334846502638081	1.830389375135091	2.4397314618704913	1.8153371840223134	1.2218526329610113	0.3347935081757918	1.1698234581990208	4.786222289144704	0.6351905914777793	3.1575347581374236
7.579170281905388	3.5107163213943724	7.365173482520857	3.7247131207789104	4.334846502638081	1.830389375135091	2.4397314618704913	1.8153371840223134	1.2218526329610113	0.3347935081757918	1.1698234581990208	4.786222289144704	0.6351905914777793	3.1575347581374236
7.579170281905388	3.5107163213943724	7.365173482520857	3.7247131207789104	4.334846502638081	1.830389375135091	2.4397314618704913	1.8153371840223134	1.2218526329610113	0.3347935081757918	1.1698234581990208	4.786222289144704	0.6351905914777793	3.1575347581374236
7.579170281905388	3.5107163213943724	7.365173482520857	3.7247131207789104	4.334846502638081	1.830389375135091	2.4397314618704913	1.8153371840223134	1.2218526329610113	0.3347935081757918	1.1698234581990208	4.834207137251528	0.6351905914777793	3.109549910030796
7.484178580566794	3.6057080227328355	7.365173482520857	3.7247131207789104	4.334846502638081	1.830389375135091	2.4397314618704913	1.8153371840223134	1.2218526329610113	0.27108061332825273	1.2648151595371424	4.834207137251528	0.6351905914777793	3.109549910030796
7.484178580566794	3.6057080227328355	7.365173482520857	3.7247131207789104	4.257777983124686	1.830389375135091	2.5167999813836017	1.8153371840223134	1.2218526329610113	0.27108061332825273	1.2648151595371424	4.834207137251528	0.6351905914777793	3.1867964170725016
7.484178580566794	3.6057080227328355	7.365173482520857	3.7247131207789104	4.257777983124686	1.830389375135091	2.5167999813836017	1.8153371840223134	1.2218526329610113	0.27108061332825273	1.2648151595371424	4.834207137251528	0.6351905914777793	3.1867964170725016
7.484178580566794	3.6057080227328355	7.365173482520857	3.7247131207789104	4.257777983124686	1.8652560803870937	2.5167999813836017	1.7804704787705241	1.2218526329610113	0.27108061332825273	1.307893959737507	4.786222289144704	0.5921117912782108	3.2347812651791235
7.484178580566794	3.6057080227328355	7.365173482520857	3.7247131207789104	4.257777983124686	1.8652560803870937	2.5167999813836017	1.7804704787705241	1.2218526329610113	0.27108061332825273	1.307893959737507	4.786222289144704	0.5921117912782108	3.2347812651791235
7.484178580566794	3.6057080227328355	7.365173482520857	3.7247131207789104	4.28592209104551	1.8652560803870937	2.488655873463174	1.8103200856260724	1.2218526329610113	0.2697665352160704	1.307893959737507	4.786222289144704	0.5921117912782108	3.2347812651791235
7.484178580566794	3.6057080227328355	7.365173482520857	3.7247131207789104	4.28592209104551	1.8652560803870937	2.488655873463174	1.8103200856260724	1.2218526329610113	0.2697665352160704	1.307893959737507	4.786222289144704	0.5921117912782108	3.2347812651791235
7.484178580566794	3.522336214990372	7.365173482520857	3.6413413130364	4.369293898788171	1.8652560803870937	2.488655873463174	1.8103200856260724	1.2218526329610113	0.2697665352160704	1.307893959737507	4.786222289144704	0.5921117912782108	3.2347812651791235
7.484178580566794	3.522336214990372	7.365173482520857	3.6413413130364	4.369293898788171	1.8652560803870937	2.488655873463174	1.8103200856260724	1.2218526329610113	0.2697665352160704	1.307893959737507	4.786222289144704	0.5921117912782108	3.2347812651791235
7.484178580566794	3.522336214990372	7.365173482520857	3.6413413130364	4.369293898788171	1.8652560803870937	2.488655873463174	1.8103200856260724	1.2218526329610113	0.2697665352160704	1.307893959737507	4.786222289144704	0.5921117912782108	3.2347812651791235
7.484178580566794	3.522336214990372	7.365173482520857	3.6413413130364	4.369293898788171	1.8652560803870937	2.488655873463174	1.8103200856260724	1.2218526329610113	0.2697665352160704	1.307893959737507	4.786222289144704	0.5921117912782108	3.2347812651791235
7.4010607948212055	3.522336214990372	7.28205569677537	3.6413413130364	4.369293898788171	1.8652560803870937	2.488655873463174	1.8103200856260724	1.2218526329610113	0.2697665352160704	1.307893959737507	4.703104503399152	0.5921117912782108	3.2347812651791235
7.4010607948212055	3.522336214990372	7.28205569677537	3.6413413130364	4.369293898788171	1.8652560803870937	2.488655873463174	1.8103200856260724	1.2218526329610113	0.2697665352160704	1.307893959737507	4.703104503399152	0.5921117912782108	3.2347812651791235
7.4010607948212055	3.522336214990372	7.28205569677537	3.6413413130364	4.369293898788171	1.8652560803870937	2.488655873463174	1.8103200856260724	1.2218526329610113	0.2697665352160704	1.307893959737507	4.703104503399152	0.5921117912782108	3.2347812651791235
7.4010607948212055	3.522336214990372	7.28205569677537	3.6413413130364	4.369293898788171	1.8652560803870937	2.488655873463174	1.8103200856260724	1.2218526329610113	0.2697665352160704	1.307893959737507	4.703104503399152	0.5921117912782108	3.2347812651791235
7.4010607948212055	3.522336214990372	7.28205569677537	3.6413413130364	4.397362520080916	1.8652560803870937	2.4605872521701952	1.7804704787705241	1.2218526329610113	0.23602315403792962	1.307893959737507	4.703104503399152	0.5921117912782108	3.2347812651791235
7.4010607948212055	3.560139213175357	7.28205569677537	3.679144311221366	4.3595595218957	1.8652560803870937	2.4605872521701952	1.7804704787705241	1.2218526329610113	0.23602315403792962	1.307893959737507	4.703104503399152	0.5921117912782108	3.2347812651791235
7.342104649061545	3.560139213175357	7.264932264931116	3.6373115973059384	4.3595595218957	1.8234233664713653	2.4605872521701952	1.7804704787705241	1.2218526329610113	0.23602315403792962	1.307893959737507	4.644148357639469	0.5921117912782108	3.2347812651791235
7.342104649061545	3.560139213175357	7.264932264931116	3.6373115973059384	4.3595595218957	1.8234233664713653	2.4605872521701952	1.7804704787705241	1.2218526329610113	0.23602315403792962	1.307893959737507	4.644148357639469	0.5921117912782108	3.2347812651791235
7.342104649061545	3.560139213175357	7.264932264931116	3.6373115973059384	4.3595595218957	1.7885566612195203	2.4605872521701952	1.8153371840223134	1.2218526329610113	0.23602315403792962	1.307893959737507	4.644148357639469	0.5921117912782108	3.2347812651791235
7.437096350400152	3.42734451365198	7.264932264931116	3.5995085991207856	4.397362520080916	1.7885566612195203	2.4605872521701952	1.8153371840223134	1.2218526329610113	0.23602315403792962	1.212902258399029	4.644148357639469	0.5921117912782108	3.2347812651791235
7.437096350400152	3.5107163213943724	7.264932264931116	3.6828804068632772	4.28592209104551	1.7885566612195203	2.488655873463174	1.8153371840223134	1.2218526329610113	0.23602315403792962	1.2986743193463361	4.644148357639469	0.5846305207048678	3.2347812651791235
7.437096350400152	3.5107163213943724	7.223099551015612	3.7247131207789104	4.28592209104551	1.830389375135091	2.488655873463174	1.8153371840223134	1.2218526329610113	0.23602315403792962	1.2986743193463361	4.644148357639469	0.5846305207048678	3.194620771543464
7.532254860441076	3.4155578113532776	7.223099551015612	3.7247131207789104	4.28592209104551	1.7596341561569862	2.488655873463174	1.8203457443261366	1.2218526329610113	0.273177878984336	1.246530650707631	4.644148357639469	0.5818632261378345	3.194620771543464
7.48202277944867	3.465789892345711	7.223099551015612	3.7247131207789104	4.28592209104551	1.7596341561569862	2.488655873463174	1.8203457443261366	1.1518222298271	0.273177878984336	1.2967627317004111	4.644148357639469	0.6604450559598045	3.194620771543464
7.48202277944867	3.465789892345711	7.223099551015612	3.7247131207789104	4.20901882144245	1.7945668983239276	2.565559143066428	1.719735028073615	1.1518222298271	0.3388558530695219	1.3399717221417837	4.644148357639469	0.6959225222118346	3.231859325726553
7.4942339817102415	3.370349811452632	7.181703386299614	3.6828804068632772	4.20901882144245	1.787580887960246	2.565559143066428	1.6848883245218809	1.1518222298271	0.3388558530695219	1.3308849366430473	4.560919479008016	0.6503562726793475	3.231859325726553
7.539672529580893	3.3249112635822136	7.223421701873313	3.641162091289899	4.237176749264572	1.7806235291148296	2.537401215244	1.6501273677935702	1.1518222298271	0.3739062153872645	1.3719290463307605	4.642057120597886	0.8388768712365272	3.346102272426825
7.635563760395538	3.2290200327674214	7.223421701873313	3.641162091289899	4.160438148171331	1.8857904515574524	2.614139816336994	1.5449604453511687	1.1518222298271	0.3739062153872645	1.362649731189551	4.723330761263764	0.9107854850768735	3.3425853223402755
7.648223044640288	3.1706675386551337	7.181626132394508	3.637264450900988	4.094484502522714	1.9131503539010093	2.6423867605764797	1.5059651752165677	1.1518222298271	0.4077068010943693	1.397650325480789	4.7213405040608265	1.135147160566127	3.495095834074091
7.598119948758547	3.220770634536882	7.223116923147886	3.5957736601472967	4.094484502522714	1.8716595631471191	2.6423867605764797	1.5059651752165677	1.1518222298271	0.4077068010943693	1.5348531877112512	4.8028861837261605	1.1277914162686178	3.4135501544084095
7.527151497469527	3.1995107585410434	7.175379458289239	3.55128279772128	4.019399218560474	1.7864385976407793	2.6423867605764797	1.4716099943350167	1.1518222298271	0.4077068010943693	1.8759448394508087	4.79907204648649	1.0906181450290333	3.720810545796624
7.527151497469527	3.236890227363268	7.2165674499683865	3.547474274864249	4.0102666939779885	1.7795215414096115	2.63683308861598	1.467239502821196	1.1497427570113883	0.31403679744459917	1.963818941017609	4.915606526455825	1.0831046348811988	3.6439523265072573
7.636433271488446	3.0809656874329487	7.2108871830919465	3.50651177582951	4.021576093342122	1.7354747435491509	2.588252415345277	1.433052527740469	1.1497427570113883	0.31403679744459917	2.123404328965555	4.996438465426821	1.3410973821754786	3.8365691707253364
7.649197955956545	3.0212787675153074	7.12680143098094	3.5436752924908768	4.0613158462837395	1.7354747435491509	2.5113491457420136	1.433052527740469	1.1497427570113883	0.3778063571574417	2.1150697027200502	4.99493056379236	1.379724123833322	3.9134015522982786
7.568750892200441	2.957658656188428	7.019097515279993	3.5073120331088243	3.97841245962472	1.6503113961331037	2.5113491457420136	1.3989492291152745	1.1497427570113883	0.3778063571574417	2.3647614751834913	5.182897625677549	1.4869438223077394	4.106786438563723
7.426168681590191	2.957658656188428	6.876515304669846	3.5073120331088243	3.97841245962472	1.6503113961331037	2.488655873463174	1.33345864913693	1.1724360292901108	0.44329693713749846	2.4538058965970206	5.076794862277634	1.3271249181565266	4.156198990639913
7.393269832215743	2.956644973235657	6.811889395364907	3.5380254100864357	4.0718147682529855	1.5556984872238784	2.2019705811725703	1.2953933100080242	1.1724360292901108	0.4419479443238299	2.61695126927675	5.737991248384756	1.516337234719318	4.8712365953787895
7.335699420786201	3.075921729110161	6.83494169885382	3.576679451042496	4.057121206019236	1.5089297335430452	2.097387387531917	1.2913625493534437	1.1724360292901108	0.41212474374148333	2.706627032021025	5.896094271791535	1.5102405369434047	4.906218016966332
7.335699420786201	3.1122656099482002	6.875088965510127	3.572876065224019	4.04826312254491	1.502553875851594	2.0925948624470077	1.3229633321897911	1.1497427570113883	0.37523147854157646	2.706627032021025	6.072074018115258	1.593921185378041	5.017614631270577
7.02344944314787	3.1846395461912533	6.642807364251961	3.565281625086948	4.080128292746579	1.596062395056803	1.9656624837234773	1.1494864366040034	1.1724360292901108	0.40364716315295424	2.8965439814312544	6.529958900872765	2.161672180449818	5.2620693712135
6.59530128242103	3.2206704461727766	6.332082577610311	3.483889150983491	3.9672704209245313	1.6520981027937314	2.019739298299316	0.9760273547820483	1.1951861865549087	0.40364716315295424	2.986950775143612	7.102135557562841	3.082364234495349	5.604645487628652
6.509160705594494	3.3031213294046107	6.245942000783759	3.5663400342152687	3.9616465095330113	1.7554077844337161	1.9920170305032645	0.9084530819259319	1.125467683046943	0.39626439348434295	2.986950775143612	7.060537475946049	2.9304266580142047	5.614281170449169
6.203997155930526	3.241553727406983	6.000099035390546	3.4454518479470537	3.9258151390767115	1.7720073376552274	1.9920170305032645	0.7351339719808822	1.10480344920322	0.39626439348434295	3.2524384792662846	7.281604691631474	3.5719841670598385	6.024853315518214
6.117079230684367	3.277282176143453	6.030107874482608	3.364253532345216	3.8900866903402695	1.75813721346983	1.9920170305032645	0.6617819916336093	1.10480344920322	0.36655973367905825	3.2524384792662846	7.4634594718272345	3.6530540313538995	5.962187078446533
5.679930645905633	3.348431966972033	5.709729342174349	3.318633270703625	3.8189368995113333	1.7819203407009734	1.9920170305032645	0.5212288119312706	1.174912118882339	0.36655973367905825	3.4867334633487292	7.532138512500196	4.455786402799302	6.362829736527158
5.494589515205302	3.481253105634214	5.660763361218572	3.3150792596206555	3.7835147333034627	1.77556228361292	1.9920170305032645	0.4886106917289535	1.174912118882339	0.36655973367905825	3.6756622026385455	7.4019384223477696	4.271133332692332	6.744247151660222
5.5759730731100445	3.467480919870492	5.809482341743629	3.2339716512369425	3.748193840561891	1.7619332225026956	1.9920170305032645	0.3858112517133465	1.174912118882339	0.36655973367905825	3.7182239968352775	7.391836264362219	4.637186010823981	6.6939798431384245
4.9372716761428785	3.5369968399594884	5.247226797709593	3.2270417183926368	3.650532180004102	1.6846636987239496	2.0193391001270165	0.3858112517133465	1.2450712474277241	0.43016586023750425	4.046679787664802	8.043543028420617	4.7127805967339205	6.3164130918023975
3.6405832435157106	4.100300200838898	4.633021811554575	3.107861632799933	3.637819520041755	1.7034798140038745	2.0690013486922982	0.14735547616288128	1.313571161086633	0.49560592882729954	4.247792658719322	8.024696280580361	4.0302725119096285	5.634661726635407
3.030356720582734	4.304986198018295	4.3865231592542795	2.9488197593469443	3.6644320834005404	1.593775207413285	2.1239805817796524	0.11423781394373622	1.3838807261499435	0.624647033096591	4.308586034463766	7.566593037427606	4.01687645303149	5.578859328242925
1.2723100235138192	4.967184214248062	3.4062613872557392	2.8332328505061963	3.6368309170159066	1.651384358357862	2.151581748164046	0.05895824582999987	1.4339985014848164	0.5964079341771797	4.890713887667924	6.5795576451772	4.174290485280013	5.555648742582645
1.78710345276069	4.76364169072622	3.760074273204072	2.7906708702825203	3.601816353302456	1.6443971138238889	2.151581748164046	0.194851795870193	1.4339985014848164	0.661712184805357	4.652156800432627	6.720855376281341	4.428575932049489	5.627690285056923
1.7991063771530784	4.510317581190689	3.5216888605217513	2.787735097821859	3.722015014716103	1.7409356218905003	1.9964679298819272	0.3292412332661253	1.4339985014848164	0.661712184805357	4.336329530692882	6.158969881949542	3.425775398397105	4.743064097470501
2.1797559917415814	4.401350938480477	3.8361546806037414	2.7449522496185006	3.687198867788307	1.6950796690432468	1.9964679298819272	0.36098427555079904	1.413707033853161	0.661712184805357	4.2861761071980204	6.175405038985709	3.404374409617886	4.515509485412474
1.38481378601106	4.495664405444542	3.213227175541089	2.667251015914354	3.687198867788307	1.7195128138158668	1.9964679298819272	0.4333045130961689	1.413707033853161	0.7595382917210148	4.030061041507881	5.90145149088148	3.462837292455173	3.5927467422462014
1.6666921523138645	4.388183205468716	3.384119634770481	2.6707557230121473	3.6333086379987862	1.743705030923848	1.9916948891748023	0.5651142592282433	1.3910622091591645	0.7893524326521835	4.000902542352918	6.231571970894695	3.12791409980052	3.288915384569333
1.7630414356274333	4.314680010346364	3.2910305636343775	2.786690882339438	3.6222018400809914	1.8142598922434823	1.8868665277654406	0.6356691205480628	1.3910622091591645	0.9172438249892865	3.7580021020887995	5.733317522791531	1.9822331019211603	2.00308789456021
2.2369510901711953	4.015269247724003	3.4620250913419257	2.7901952465535222	3.5679702248482985	1.8069865246623928	1.8596883222123506	0.6409969589098687	1.4818422394951463	0.9439311016354891	3.796593240016522	5.840038327141819	1.422714789209354	1.6398011043792475
2.4796557100481325	3.906001794749119	3.513954666889891	2.8717028379072604	3.5135674808738373	1.8464572088356477	1.8325834748331051	0.6804676430838279	1.4818422394951463	0.9159792826205092	3.5110249811637297	5.447744418729902	0.24791288343231968	0.646224972487079
1.9561981795108039	4.324508490519106	3.4054060618601025	2.8753006081696055	3.4319622732085704	1.8704745944612753	1.8325834748331051	0.8123156666957609	1.4818422394951463	0.9458024832039165	1.0674761608430774	5.273224781418832	0.9335165078786801	0.5900286177962717
2.431143152855889	4.0361195596069335	3.5919621042930236	2.8753006081696055	3.4319622732085704	1.8704745944612753	1.8325834748331051	0.8123156666957609	1.4818422394951463	0.9458024832039165	1.2774101042147947	5.40385960200705	0.9967919994509349	0.4980363779649667
2.2846215858181282	4.148398878817934	3.5169681861401583	2.91605227849569	3.5941053248844144	1.9454685126142401	1.7766272246065202	0.8123156666957609	1.4804359362888129	0.9458024832039165	1.7898147328971619	5.447744418729902	0.2883706781560268	0.28996550255172565
2.1942512016043914	4.197569903884598	3.5540425997141605	2.8377785057749407	3.5941053248844144	1.9380579783732457	1.7766272246065202	0.8831789051753948	1.4804359362888129	0.8817627749438219	1.2909906285608481	5.406545059582908	0.33624782796376823	0.48621853182398167
2.1935826118339903	4.357018299300777	3.7029111657607308	2.8476897453743377	3.5808919252109415	1.9746698245365066	1.7766272246065202	0.9230929114132204	1.4804359362888129	0.8817627749438219	1.7871718379769612	5.320051895972668	1.4166436343420437	1.2399095157662459
2.1963955094220267	4.406644357232919	3.7553501212808227	2.8476897453743377	3.658504338143592	1.9746698245365066	1.6764515102488282	0.9230929114132204	1.5029992377139707	0.9097724421441493	1.609251397181185	5.193608774439041	1.2874352834321485	1.522317786777996
2.008628926404411	4.449791667953524	3.7176734645318574	2.7407471298261847	3.8129990496154518	2.082638557367285	1.6255747204477689	1.034386338120087	1.5735870143492166	0.9097724421441493	1.8887288212273856	4.797670626450235	1.5018082267558568	1.488329928637664
2.246509635625168	4.27078439427806	3.8146325135332346	2.70266151636999	3.847737203971484	2.0885977519752985	1.6255747204477689	1.0735843504752933	1.5735870143492166	0.9396638007903225	1.654626317518623	3.409453862648348	1.487529943375057	0.014112260687135178
2.4464425371997347	4.206113507563467	3.9466032502616777	2.705952794501422	3.765257463572791	2.049897770562873	1.553548643556513	1.1140728313298105	1.6456130912408409	0.9396638007903225	1.2851164234489936	3.2664844751013566	1.3931570563798248	0.43693080598853434
2.4496780155665134	4.186251745557449	4.003203230766221	2.6327265303578313	3.834838812042999	2.127666927098698	1.5308468365003367	1.1598967674950869	1.6683148982974176	0.9040736647472635	1.3779310883686704	3.3194395399325085	1.2720455345636799	0.07910679897779473
2.59655774185766	4.1513101443238405	4.15008295705737	2.5977849291240873	3.8697804132766995	2.127666927098698	1.5308468365003367	1.1598967674950869	1.6683148982974176	0.9040736647472635	1.4674960397554448	3.3239937942800717	1.3940417431629342	0.1866747156737779
2.5927034860859193	4.248741184972701	4.205677972082564	2.635766698976312	3.8428990570394257	2.103300476784273	1.557728192737762	1.0975485473283604	1.6482629437281535	0.9040736647472635	1.5687339709654826	2.466641484846537	1.6981858608474276	0.4061246779004965
2.3480967020208827	4.4933479690379645	4.205677972082564	2.635766698976312	3.8428990570394257	2.103300476784273	1.557728192737762	1.0975485473283604	1.6482629437281535	0.8120869415465508	1.5962314139636886	2.6537567779496807	1.4531371120713734	0.4440833162047323
2.2505349747743617	4.6677373221684535	4.276411716558896	2.641860580383726	3.8861316119443776	2.148289523899549	1.5846827522079021	1.0662565986616075	1.6482629437281535	0.8120869415465508	1.794152098069048	2.8007715182086987	1.6501828879907132	0.7943402521771716
2.4993314904670507	4.778232604081064	4.756867146224984	2.5206969483230783	3.891137311924187	2.0379652783482727	1.6626471410848953	0.9941258963141323	1.6482629437281535	0.8120869415465508	1.9876174688383095	3.3868219806604807	2.5600233243696633	0.5835685538338947
2.1690834561682633	5.080232503870941	4.693574928034233	2.555741032004893	3.896114532130596	2.1152644604040756	1.7405378549750075	0.8937804842325702	1.6482629437281535	0.7804216844068892	1.7438887803098624	3.3911324043320996	2.1347155500806196	0.8936963133635767
1.3068325339113385	5.543503305681008	4.412901165067201	2.4374346745250786	3.8588612177866244	2.083825623035408	1.8960975267987545	0.8623416468632705	1.6281614470933714	0.7804216844068892	2.058145361873387	3.1104586413652147	2.141245059127032	0.7396647951046552
1.398981712094035	5.508965191439602	4.282388155722249	2.625558747811368	3.9108755734408014	2.257766779176472	1.9737661228257288	0.6232716708182521	1.608010229527678	0.657150257968606	2.0644612121918207	2.663148343642021	2.2549547171753126	0.8777553112179037
1.2494912198578652	5.521478175359347	4.148683821964612	2.6222855732526904	3.8881549001670583	2.2967944416962927	2.0789445570474387	0.5831147469491386	1.608010229527678	0.657150257968606	1.8937800191067091	2.6965073971207247	2.1655458147689095	0.8732672275999636
1.7165164828749697	5.344152590917891	4.3227735361808515	2.737895537612119	3.892898436955865	2.208585373083628	2.1565558598321837	0.2969408744023054	1.608010229527678	0.5932359216325483	1.6224047732788482	1.950251512762012	1.834715023057627	0.29969819994870167
1.8090867328568858	5.344152590917891	4.336669475485734	2.8165698482895354	3.892898436955865	2.144649380396904	2.1565558598321837	0.15433057104006176	1.608010229527678	0.5932359216325483	1.397277532765416	1.9042315702970625	1.7356698703786777	0.4382883923936866
1.9966245154114024	5.249007753477781	4.272034758261119	2.9735975106280117	3.8153621773936877	2.230491359092437	2.256793926450863	0.08314488739628137	1.585308422471225	0.529384371607278	1.0707391884943709	2.1874362758188344	1.4245408455970796	0.34863294649928944
2.459742779109785	4.9892885417343855	4.249140705559497	3.199890615284686	3.9797625061656037	2.337240501254983	2.256793926450863	0.2958846023917681	1.5144801084053057	0.3705104752623384	1.343222971171099	2.5465095251003476	0.4105506410001342	0.10918085392747351
2.551249717441801	4.9892885417343855	4.3406476438915815	3.199890615284686	4.007529815497317	2.337240501254983	2.2290266171195743	0.2663072840219353	1.5144801084053057	0.4000877936350624	1.8164141748691705	3.1201057678998936	1.0175474941644314	0.3816312957287635
2.551249717441801	4.9892885417343855	4.3406476438915815	3.199890615284686	4.035222197987212	2.2664544539159075	2.201334234629418	0.40266895700073885	1.5144801084053057	0.33451216799379324	1.9556286749323306	2.9115086377662873	0.6989130262533494	0.017289410909247953
3.0630477668993366	4.595923063450808	4.394284296205303	3.2646865341448743	4.281047170898843	1.9475022472057402	2.201334234629418	1.0322420554822547	1.5347116681270334	0.20712358877201417	2.5505145745634	3.3804182221092978	0.08944345357016449	1.6759904057411592
3.502119966271046	4.076760821260243	4.335973018320544	3.242907769210664	4.561993990634153	1.7065198235700416	2.25604939949843	1.6590767934796906	1.6066807628182231	0.17193295095675212	3.1971786246608866	4.470755344434378	0.11124953044417828	1.9224954196373676
3.6001864436262854	3.9876594312752576	4.426151554602637	3.1616943202988246	4.566168388930193	1.5332287539304523	2.3330884501143276	1.898011167331203	1.535982674850193	0.07788053118798181	3.5440311286964414	4.806819844774079	0.5150890036689011	1.8149834755496874
5.393832564353414	2.975757365295717	4.882742932631038	3.486846997018067	4.6016240393995425	1.5564257200965623	2.5842267645071106	2.3913322874280087	1.5562443502183394	0.1095724413969758	4.796019308322337	4.431558154819869	2.492385284412231	2.6772399951387595
5.857962772120963	2.6872125862706673	4.982347060032963	3.5628282983585646	4.553247398415796	1.6324070214368314	2.655329546229978	2.3913322874280087	1.4629499878051553	0.1095724413969758	4.3996480453903875	4.418252227169473	2.47779278938968	2.5346168755855256
6.754604441134005	2.0778134234810173	5.247299407337004	3.585118457278022	4.522626323814308	1.598589714166551	2.9849964441143375	2.7692117176396094	1.4151579345071406	0.13803783773060402	4.082324448130776	5.416433672274227	1.9116919687927827	5.251295822815266
7.356670493064328	1.6124790945920326	5.394737227059706	3.574412360596811	4.0875301731630715	1.6656714332225926	3.74018352155144	2.98186168166958	1.3446899283415668	0.16769098475361813	3.3461646560561475	5.941933435858921	2.4330995901655883	4.416246594130602
7.489952684632484	1.4846244102543922	5.320843724689802	3.653733370197165	4.092190779769216	1.7539470112810243	3.7433702372195077	2.986971070494285	1.4370521289903082	0.10661456032412611	3.060199278153298	5.760980239433525	2.1825869055268163	4.91689143264528
7.866164522000208	1.232973182410343	5.483878622894293	3.6152590815160996	4.173103740344255	1.8002628877999045	3.818391963304844	2.9626475192321307	1.4370521289903082	0.11015831138973088	2.476092580648622	4.554561186965253	1.0574615772360125	3.5950096610090903
7.9504221506873805	1.1562661830278635	5.483574408715314	3.6231139249996556	4.324832465812279	1.9535684583105348	3.720505688144609	2.798316417302993	1.3895781391724003	0.20574568567791804	2.3410522729227248	4.5561989796252345	0.7157600384172488	3.4368923443149306
7.678890121627683	1.3267114234824178	5.5421588421463115	3.463442702963943	4.259669891398018	2.091312291636835	4.017332704580882	2.660572583976197	1.2472967056856779	0.05043456273882571	1.0762539719292732	3.311716267874128	0.6953244098812065	2.5166198321525304
7.5850935415483915	1.340833614192785	5.466719641009537	3.459207514731679	4.2645542097924505	2.2357515183298773	4.164173345531014	2.5259633336807252	1.175246135710622	0.08717278300152399	0.9597220508333449	3.231451466965366	0.6408426937690147	2.4530988200765074
6.726815273696444	1.686570663484101	5.304789986549584	3.108595950631022	4.179246027801472	2.1654013784876724	4.639209948624668	2.5633225701529336	0.9834284011957289	0.2531693815381324	0.614443883430581	2.119281113592706	0.7466783086101263	0.7767633698635155
6.414403052952383	1.8544248179391998	5.160419174307129	3.1084086965844735	4.192862318577328	2.1763167919127047	4.770833884256664	2.6050022056878857	0.9565108892898507	0.18762897004256396	0.2522984854747351	1.912395120722004	0.9165408360865747	0.7461778019718087
4.528140687279241	2.7625863608137977	4.6040532236973455	2.6866738243955695	3.971086613083957	2.2574340903965933	5.233654990832578	2.2209097040870476	0.8342251572785031	0.6251169046642904	2.2969214827494677	0.8247988209834913	2.647111384215586	1.6874661795730994
4.036136223468795	2.8271245781612855	4.4497753988297974	2.41348540280021	3.9759672401050614	2.167582279529458	5.284984317753376	2.0810591389425013	0.8774906385261251	0.6195955493828137	2.3328878606687	0.45242078139772013	2.662818042846124	1.3507699046329567
0.12498426987873529	3.986452088113679	2.8020564808432664	1.0594113373928056	3.984719230794468	1.9358720985928946	5.955058675802769	1.5572839058927597	0.8974297237844625	0.8658186904941837	2.616326838715814	1.0318052199715972	2.8022188585896646	1.478560648614026
0.7787068109063409	4.232380921752472	2.7460855198182195	0.7075885910282077	4.0628188203047815	1.8753322873790006	6.0278660445224315	1.3138852421847746	0.8741955163113578	0.9594742770315462	2.5588843305893625	1.0339201765148651	2.6978883745711615	1.7301657679882183
0.8881899454586716	4.209374497726889	2.691585943858107	0.6295986084106898	4.140808802923066	1.8753322873790006	6.0278660445224315	1.3138852421847746	0.8741955163113578	0.9267279415568704	2.583423192120889	1.0570377046675965	2.690972501224232	1.9368727847033937
0.03565387187635488	4.018722790847678	3.188896624972944	0.8654800377589139	3.991959991582718	2.178209894958685	6.101155280865143	1.1410450123830365	0.8741955163113578	1.0228596535448171	3.0050651097235077	0.39940516920182567	3.709970547688102	1.7615478157951017
0.4916845110845363	3.8377101289267883	3.3066964256614524	1.0226982143501555	3.849100469924745	2.3321173443766656	6.183450737420501	1.0408204946753903	0.9669539422508895	1.0204464895913303	3.1714996421724315	0.49085350264153177	3.729756971168892	1.5587521586748327
0.7105241606599196	3.8055972708940833	3.4525858495357693	1.0635355820172083	3.5175426146053277	2.35821211313088	6.677526090329017	1.1876678548438304	0.9669539422508895	1.020703111823233	4.0277499633320515	2.5832341875345755	3.4891515207705353	2.9490414533972067
1.4970045527673286	3.542625071216266	3.742059590327085	1.2975700336563802	3.4528577923212307	2.633155880754921	6.760513764983018	1.1876678548438304	0.989560405865943	0.9269267427766718	3.9512361888237106	3.2451790094485458	3.819055766409831	1.807362669942811
0.5316780640282573	3.8182023133062115	3.1311507420437152	1.21872963529043	3.4586100367286403	2.5620080000960606	6.7833172963189226	1.2588157355027696	1.0602739244348778	1.0530733142194613	3.974442779761593	1.964786368962594	3.348594814456742	2.35154388391396
0.716454593880542	3.6618707487709927	3.2369949544544676	1.141330388196123	3.465311852706572	2.604516322637425	6.8464058177097105	1.2892284718370113	1.1103911567018783	1.083486050553284	4.129744769906212	2.243071245768149	2.813493275670609	2.074566155659743
0.8093376885818145	3.749941661551309	3.458026085035059	1.1012532650978941	3.661218191338057	2.683361665837265	6.755858690617032	1.2530065905115932	1.087732530136911	1.083486050553284	3.5124125145565817	0.8308861090642632	1.7162240996766698	1.3020425865334824
1.8159596276437053	3.427225016414768	4.063133698329117	1.1800509457287145	3.7432467917775014	2.8050044389869826	6.64274225408259	1.2212701521711464	1.0902109507193685	0.7372014684953562	3.4652196104238437	0.6549225926201618	1.8290750771253623	0.029262397620047304
5.1807403584322875	7.349756418251965	2.404537263396806	0.23552120357750084	4.541338653218647	2.0604603196140716	6.4521310726887044	1.1543156622032897	1.02661955896831	0.6102463532821193	0.9167883604734153	0.2550566628750832	1.1012096095711992	2.3043006216893938
5.667125587625194	7.609800208660228	2.3716963528909645	0.4290217318560833	4.592716988270909	1.9028677050682037	6.43666065137007	1.2199536586067654	1.02661955896831	0.706298924979537	1.0135662372815761	0.15856240712181893	1.994011835082946	2.7696256032111464
6.188894107545224	7.802165351855595	2.5134560409765627	0.9001847966656108	4.761680052771496	1.5940195806083213	6.425281416374936	1.2610527330695143	0.9496694643945811	0.5423799662741072	1.2250060766375683	0.5762485701647734	2.118942339009704	3.0045595247905124
6.365071792808639	7.801382352548408	2.6902719996174973	1.2539614398773724	4.766973499307351	1.5447030571945104	6.558103358227542	1.1588970521852082	1.0235027201729776	0.02710579384224403	0.8484317751783821	0.14037562625392086	2.540014042096701	2.876234104242093
6.202606188901059	7.617619439565832	2.905184554461321	1.4901713037965385	4.76411118579173	1.457564760376101	6.6383571238129955	1.087216937154561	0.9109007054804796	0.05288247991405303	0.7285234726370294	0.006386207758644723	2.6760697933083306	2.7690871167656095
6.519778519111096	7.780355713324422	2.9847660685324113	1.7241888743188785	4.773414011601158	1.4497510586664704	6.71149713446852	0.9848155275135699	0.9617403362795441	0.18236358223151028	0.43505847784858787	0.5922752714880134	3.2327055579694983	2.385039657028156
6.6040832349126894	7.8216318893203	2.9847660685324113	1.7672174141247947	4.8164425514070155	1.521606503782693	6.56768337793884	0.9788457628785053	1.1055540928097172	0.31305333990756545	0.2681801524520585	0.5922752714880134	3.5136492083909547	2.1571591534933368
6.6040832349126894	7.701300042079295	2.9818061171214465	1.8845893099548476	4.758969893388483	1.6337441375536306	6.745487883198195	0.8696680805174484	1.1267076819958273	0.3777884463151721	0.9768658377693776	2.167736385980333	4.002115965108473	2.10651151073369
6.540726763855983	7.517469437111368	2.9818061171214465	2.0050634438661947	4.879444027299728	1.7059318539447041	6.840311535256728	0.7974803641268414	1.0318840299377077	0.28258166502583426	1.4829030561743997	2.366237173594736	3.7140616189525595	2.221989190303118
6.519778519111096	7.462970387682768	3.061780459794069	2.118588591222271	4.840646833264694	1.6982328947687364	6.912659533975266	0.7252049806296356	1.0318840299377077	0.15301892456729063	2.0179044455374444	3.0667715521421632	3.2714568356965774	1.5110932919335491
6.552369345643898	7.39966788410315	2.9658871296816884	2.118588591222271	4.840646833264694	1.8775612953485181	6.984514187521651	0.5458765800497299	0.9600293763913549	0.15301892456729063	2.0783919003517615	3.123507029321711	3.1096745248939457	1.7780540605501711
6.608357987474046	7.366257686263307	2.9899883805043124	2.2320886817150134	4.946405029823253	1.9042952119571674	6.912166188803017	0.4390527707873382	1.0021805779744344	0.21783464412512304	1.901020670140083	3.472950615112073	3.0897979604147254	1.7761613586710885
6.608357987474046	7.409569033067611	2.9899883805043124	2.188777334910743	4.903093683018929	1.9767780157399466	6.984078142054883	0.43252608196710884	1.0216385590858172	0.2837907590845925	1.8126217117898094	3.6248383973699596	3.018522645202557	1.8800174812065666
6.608357987474046	7.409569033067611	3.0312102949592368	2.229999249365739	4.93609707975216	1.9355561012848919	6.951074745321635	0.43252608196710884	1.0216385590858172	0.2837907590845925	1.8744403649565025	3.6248383973699596	3.0180695509851363	1.8800174812065666
6.704332890433392	7.452764666939061	2.935235391999672	2.186803615494138	4.89290144588062	2.0038675842081966	6.951074745321635	0.3947292743648223	1.0425063380015032	0.18460535340098774	1.997508087588425	4.188400207613222	2.710271383983879	2.279395631861498
6.675591267034144	7.411408155978158	2.840721322624895	2.104904433681103	4.882741300278025	2.0767128976072393	6.990123650484381	0.3607028076463658	1.0121195063637436	0.11965240764234265	1.91307124149677	4.284257008809232	2.6848790538664353	2.381664690784375
6.340191745909908	7.19281926875475	2.8809745580105544	2.028347035165646	4.983532205482783	2.1106535836136957	6.812775346764517	0.3267621216423614	1.1235289914903182	0.024515174392167487	2.1782892660509194	4.680331273297176	2.935463925172727	2.9096446136705594
6.130199519320386	7.022868396435197	2.9210159122805255	2.028347035165646	5.0161420823929905	2.178278813185309	6.780165469854157	0.2591368920675178	1.1235289914903182	0.070506176127498	2.06557177392047	4.822908056465115	2.8960214232684374	3.0699956266811816
6.215267817424035	7.261396088565667	2.8412048693443164	1.7950765982026333	5.039759530612835	2.2243198320862643	6.675114704498912	0.2929069161062089	1.0720386024396973	0.13554799064583592	1.3406432262750536	5.083292309758168	3.319174206332955	3.4466615183435967
6.215267817424035	7.380980888957557	2.8027454912266863	1.6370324196931298	5.024798926894259	2.190651388124588	6.570490507825764	0.2991381968029789	1.0720386024396973	0.1364027175051358	2.9641533026666504	5.083292309758168	2.7284091299196893	3.6124999670389606
6.395621651644276	7.46586346317358	2.786889418928212	1.7166476073986487	5.024798926894259	2.111036200419115	6.570490507825764	0.2991381968029789	1.0720386024396973	0.1364027175051358	0.5926808021775102	5.1466003418421575	3.0063468077971467	3.4979930941014534
6.395621651644276	7.46586346317358	2.786889418928212	1.7166476073986487	5.024798926894259	2.111036200419115	6.642573406706052	0.2991381968029789	0.9999557035593284	0.1364027175051358	1.2827522493065848	5.1466003418421575	2.87914768586332	3.439885654071794
6.480318738148063	7.593128986581804	2.8666189053249855	1.7538086568914122	4.98223048999004	2.103434536101083	6.6200351744492245	0.22701037472534646	1.022493935816379	0.05831463594639487	2.230287159251322	5.250472365518917	3.442565620360376	3.436234655322743
6.535564048946628	7.593128986581804	2.8912173164895036	1.8336523788543664	4.98223048999004	2.02359081413809	6.69225683292753	0.22701037472534646	0.9502722773382324	0.05831463594639487	2.4103448246178805	5.195227054720456	3.366056266403341	3.436234655322743
6.417683945322102	7.530494193755826	3.0264205197364045	1.9136102713028709	5.054635707139262	2.015845925058472	6.619851615778027	0.15479737135450536	0.9297365894964521	0.05831463594639487	2.771121026252781	5.202298060130613	3.0042724294558574	3.330313540417592
6.322212685317784	7.607367622012353	3.041933887292116	1.7567789505974567	4.977762278882593	1.8074632008099176	6.692129980009893	0.37731165595111144	0.8574582252643163	0.10238662566330246	2.921598265357084	5.19374934729314	2.7503673840062395	3.333673423560796
6.086645488991513	7.599714639983872	3.192860706778506	1.6797915557858645	4.900774884070954	1.9514629920589739	6.692129980009893	0.1675558032283065	0.9275389077172713	0.2329907470015357	2.8674461982679578	5.240831820715123	3.0308295187715117	3.2298290774963783
6.17128586583156	7.838671604417512	3.192860706778506	1.5254749681924642	4.714304739202996	1.9514629920589739	6.724283537284425	0.1675558032283065	0.9275389077172713	0.025993975130304627	2.8615087562491426	4.7242525665430595	2.1945561952243287	2.8204133172728856
6.17128586583156	7.916000742030689	3.1130169848155056	1.3683021086160545	4.636975601589808	2.103434536101083	6.724283537284425	0.09542798114837067	0.9275389077172713	0.025993975130304627	2.921598265357084	4.51885810175013	1.7283053247195992	2.7219658901640202
6.076079880900136	7.951311495769655	3.1284934833502644	1.2532618684806716	4.53711295286211	2.255377025866478	6.86117033875614	0.023214977758207522	0.8552040012348107	0.19811202649940307	3.1315470781347345	4.3073031024208825	1.9471037007224785	2.5121949684145366
5.925026794175157	7.986770176079018	3.199931382369491	1.138188000465605	4.469255354066808	2.4072903193892605	6.871221564371136	0.049083128038651565	0.8775516941062511	0.45767892662540666	3.762578337481423	4.356458143271035	1.723977715647563	2.5640476195795867
4.913518232668759	7.6753347827382665	3.427513945717532	0.6656973956487792	4.501285024819157	2.732451338333583	6.725574931836259	0.050375006142987594	0.8775516941062511	0.5223533236076713	3.5784301120526028	4.335272236570168	1.6057337225454438	2.0979704822597527
4.913518232668759	7.633082585137982	3.427513945717532	0.7079495932491245	4.543537222419411	2.6600817921936017	6.725574931836259	0.04356218471283967	0.8980090916042601	0.6529120082039233	3.512374202627845	4.033866529674838	1.630835534107822	2.0051939285148856
4.913518232668759	7.7112825432821195	3.3483921765276996	0.5506278659149113	4.538283895830239	2.7053340951086335	6.652628300281313	0.009692718385383242	0.8980090916042601	0.7179811146380114	3.537418710940548	4.033866529674838	1.5650690855923381	2.1091923768826013
0.9882087735543251	6.086115880526142	4.819783880874319	0.2781232260965753	4.145554314880413	2.0289774126396156	6.674975993152045	0.8755225404107427	0.8756613987336787	0.16072028697035953	3.14005695613317	5.0340349785895375	0.5603499336949702	2.7148701567473474
0.7479039527700064	5.464890748303117	5.619874790747939	0.5929199103257827	3.9876560299156023	1.9027639218036096	6.674975993152045	1.0933012325177132	0.8056590066229123	0.31811417597002994	3.8515884340237037	5.137339477074555	2.05100482877338	2.2255380347592744
0.3303731051902975	5.777537916440731	4.734333354057796	0.7128314571895047	3.9460200021925833	1.9810394409442091	6.7473672774062	1.124273299854588	0.7537533094775092	0.2859515092223036	3.331320706838118	0.8064359387516784	2.3868717296012454	0.2698507075084901
0.7839834940628531	5.867499458055505	4.370684506803696	0.7128314571895047	3.9460200021925833	1.9104781717974604	6.7473672774062	1.1948345690007534	0.774188973754788	0.5362913914370617	2.8360102060514287	0.1972164063675371	1.9340941854796192	0.09307419665823484
1.309485764592176	5.619354611396983	3.6343657043044346	0.6755031425008414	3.9833483168809085	2.0165158906713114	6.841940444991909	1.1196984645557855	0.6796158061699449	0.44091158043888773	3.492739207690133	0.5391023961306829	1.4770767489008254	0.8848660484209329
3.0469662847907077	6.608446045653676	2.928344223770134	0.6331355370925892	4.193457303937089	2.0449488305296035	6.70425186987364	1.1141157306535483	0.6071953942319571	0.3795785324671631	3.6670366938075505	0.5732724959149745	2.360523825699697	1.196928812176616
2.234351397433152	5.890041319604898	2.788647090350455	0.8670428318212766	4.1204970144555935	2.3133104970662135	6.849688244593044	1.1104351326364938	0.5347193089930419	0.3469759557430994	3.1798301198641643	1.1672303735453091	1.2069559967946042	0.6982691698485112
2.3248183425368527	5.980508264708461	2.788647090350455	0.8670428318212766	4.1204970144555935	2.3482228875174394	6.849688244593044	1.1062265624381196	0.5347193089930419	0.34734558358338674	3.1312001731761474	0.7365639644976977	1.349145645370913	1.0075681267493408
1.901767494549014	5.598943022035898	2.788647090350455	0.9085284371358292	4.225013284434422	2.3133104970662135	6.754342295508726	1.23688770233482	0.48406338278398786	0.8220218847479752	3.26157675111262	1.207546996354654	1.3444927751259763	0.9656889261094251
1.8680981980779583	5.507794072804378	2.653429306966943	0.9862665677587968	4.225013284434422	2.4267190291677383	6.754342295508726	1.2664014188188404	0.48406338278398786	1.0129773574524843	3.2065526189247766	1.0895777407670098	1.1983196937066332	1.2327784954104841
3.3129982806799037	6.895402834537696	2.5961379860983467	0.9862665677587968	4.371339936359417	2.2854676421102447	6.65883902525365	1.4729063219295753	0.5030862782691697	1.2355335727745553	2.277984983029691	0.743952367025755	1.1328552275700143	1.846541001698015
3.7615517005891235	7.328224229198444	2.5040350514578544	1.0626374771508855	4.4032530210981395	2.3204667776879147	6.58555416670075	1.538229177412355	0.5030862782691697	1.3008564282577169	1.9070038549383987	0.6875720264573267	1.1291737199401926	1.9894830171460036
