0	1	2	3	4	5	6	7	8	9	10	11	12	13
8.206681720976146	4.273705550330354	7.952267589771063	4.528119681535453	5.505343119449579	2.871102154362139	4.483734330709078	2.4252552131570564	1.531579289081889	0.312583523876634	2.017767077417929	4.616617204485388	0.4513710689529053	4.035079973978728
8.206681720976146	4.3825180127189745	7.998805517517519	4.590394216177718	5.718462918096485	2.734628823518487	4.161802069673773	2.4756874065338486	1.531579289081889	0.3992793518692727	1.9643721707448862	4.72507411826294	0.5535243228425893	4.025248853415343
8.188465158759781	4.437067904612493	7.980588955301159	4.644944108071243	5.8185002337900364	2.644970971182445	4.043151003709134	2.5653452588699404	1.4956431474593341	0.3992793518692727	1.9643721707448862	4.706857556046691	0.5528535220419895	4.025248853415343
8.188465158759781	4.491713775702193	8.027209050437248	4.652969884024712	5.862252317138845	2.5978673650268242	3.88913716292217	2.565828769889221	1.5512590338075816	0.3992793518692727	2.0181704424163978	4.805481959471178	0.4990552503715545	3.975817193177178
8.188465158759781	4.491713775702193	8.0777106937117	4.60246824075033	5.960601421898174	2.502710325352821	3.790788058162849	2.5709206280762973	1.5512590338075816	0.4815410319469441	1.964673560393177	4.805481959471178	0.5518836209103385	3.975817193177178
8.188465158759781	4.491713775702193	8.0777106937117	4.60246824075033	6.017000489473551	2.4581237854651214	3.734388990587494	2.6155071679643873	1.5512590338075816	0.47686370440017584	1.964673560393177	4.805481959471178	0.5518836209103385	3.975817193177178
8.229293840075938	4.491713775702193	8.068037731753437	4.652969884024712	5.960601421898174	2.508625428739501	3.7352418864033323	2.6155071679643873	1.606805205567281	0.47686370440017584	1.964673560393177	4.846310640787335	0.5518836209103385	3.9292660922392773
8.17031202686926	4.491713775702193	8.009055918546753	4.652969884024712	5.960601421898174	2.508625428739501	3.699243006136766	2.6155071679643873	1.6090202895268004	0.47686370440017584	1.964673560393177	4.78732882758064	0.5518836209103385	3.9292660922392773
8.17031202686926	4.491713775702193	8.009055918546753	4.652969884024712	5.960601421898174	2.4641076401010795	3.699243006136766	2.6204009894083713	1.6090202895268004	0.5164876715942751	1.964673560393177	4.78732882758064	0.5518836209103385	3.9292660922392773
8.113575250893998	4.49804932689837	8.009055918546753	4.602568659245498	6.011002646677291	2.4641076401010795	3.699243006136766	2.6204009894083713	1.6090202895268004	0.5164876715942751	2.021410336368734	4.78732882758064	0.5518836209103385	3.9292660922392773
8.154351586277578	4.49804932689837	7.999248287375525	4.6531526258004865	6.011002646677291	2.5146916066562577	3.699243006136766	2.6204009894083713	1.6090202895268004	0.5164876715942751	2.021410336368734	4.828105162964324	0.5518836209103385	3.9292660922392773
8.154351586277578	4.49804932689837	7.999248287375525	4.6531526258004865	6.011002646677291	2.5146916066562577	3.699243006136766	2.6600249566025833	1.6090202895268004	0.47686370440017584	2.021410336368734	4.828105162964324	0.5518836209103385	3.9292660922392773
8.154351586277578	4.49804932689837	7.999248287375525	4.6531526258004865	6.0529281230847065	2.5146916066562577	3.601809938317497	2.6600249566025833	1.7200373864455993	0.5148279391884509	1.9680137280272039	4.882139915339921	0.6052802292516675	3.875231339863484
8.097735820763129	4.554665092412942	7.999248287375525	4.6531526258004865	6.0529281230847065	2.5146916066562577	3.601809938317497	2.6600249566025833	1.7200373864455993	0.47219952697098827	2.024629493541693	4.882139915339921	0.6052802292516675	3.875231339863484
8.097735820763129	4.554665092412942	7.999248287375525	4.6531526258004865	6.094771238486036	2.5588661604571543	3.5599668229161434	2.6158504028014957	1.7200373864455993	0.47219952697098827	2.024629493541693	4.882139915339921	0.6052802292516675	3.875231339863484
8.097735820763129	4.605066317192011	8.049832253930306	4.652969884024712	6.044370013706901	2.508282193902045	3.5599668229161434	2.6158504028014957	1.7200373864455993	0.47219952697098827	2.024629493541693	4.926762320632625	0.5561033212645516	3.879717468936493
8.097735820763129	4.605066317192011	8.049832253930306	4.652969884024712	6.044370013706901	2.5523882089656973	3.5599668229161434	2.611307925950701	1.7200373864455993	0.3900639981667722	1.9713329697108268	4.926762320632625	0.657910519214304	3.879717468936493
8.097735820763129	4.605066317192011	8.049832253930306	4.652969884024712	6.044370013706901	2.5523882089656973	3.5599668229161434	2.611307925950701	1.8093283272886278	0.3900639981667722	1.9713329697108268	4.926762320632625	0.657910519214304	3.879717468936493
8.097735820763129	4.605066317192011	8.049832253930306	4.652969884024712	6.044370013706901	2.5523882089656973	3.5599668229161434	2.611307925950701	1.8093283272886278	0.3475483641728954	1.9713329697108268	4.926762320632625	0.657910519214304	3.879717468936493
8.097735820763129	4.605066317192011	8.049832253930306	4.652969884024712	6.044370013706901	2.5523882089656973	3.5599668229161434	2.611307925950701	1.8093283272886278	0.3854757135452256	1.9713329697108268	4.926762320632625	0.657910519214304	3.879717468936493
8.097735820763129	4.605066317192011	8.049832253930306	4.652969884024712	6.044370013706901	2.5523882089656973	3.5599668229161434	2.5676209757770394	1.8093283272886278	0.3867096707468916	1.9713329697108268	4.926762320632625	0.657910519214304	3.879717468936493
8.097735820763129	4.605066317192011	8.049832253930306	4.652969884024712	6.044370013706901	2.5523882089656973	3.5599668229161434	2.5676209757770394	1.8093283272886278	0.3867096707468916	1.9713329697108268	4.926762320632625	0.657910519214304	3.879717468936493
8.097735820763129	4.605066317192011	8.049832253930306	4.652969884024712	6.044370013706901	2.5523882089656973	3.5599668229161434	2.5676209757770394	1.8093283272886278	0.34431281253178003	1.9181363412357344	4.926762320632625	0.7111071476902078	3.879717468936493
8.097735820763129	4.605066317192011	8.049832253930306	4.652969884024712	6.044370013706901	2.5523882089656973	3.5599668229161434	2.5676209757770394	1.8093283272886278	0.3019720241462732	1.9718315372416646	4.926762320632625	0.6083193092362372	3.879717468936493
8.097735820763129	4.550420446102347	8.049832253930306	4.598324012934919	6.099015884796725	2.5523882089656973	3.5599668229161434	2.5676209757770394	1.8093283272886278	0.3019720241462732	1.9181363412357344	4.926762320632625	0.6620145052430151	3.879717468936493
8.097735820763129	4.550420446102347	8.00321215879424	4.644944108071243	6.042748715013686	2.5990083041019245	3.6162339926991796	2.5676209757770394	1.8093283272886278	0.3019720241462732	1.9181363412357344	4.926762320632625	0.6135028397319875	3.879717468936493
8.097735820763129	4.550420446102347	8.00321215879424	4.644944108071243	6.042748715013686	2.5990083041019245	3.6162339926991796	2.5676209757770394	1.8093283272886278	0.3019720241462732	1.9181363412357344	4.926762320632625	0.6135028397319875	3.879717468936493
8.097735820763129	4.550420446102347	8.00321215879424	4.644944108071243	6.042748715013686	2.5990083041019245	3.6162339926991796	2.5676209757770394	1.8093283272886278	0.3019720241462732	1.9181363412357344	4.926762320632625	0.6135028397319875	3.8332417706831206
8.05695948537948	4.550420446102347	7.962435823410663	4.644944108071243	6.042748715013686	2.5990083041019245	3.5801341703019505	2.5676209757770394	1.8454281496860057	0.3019720241462732	1.9181363412357344	4.88598598524895	0.6135028397319875	3.8332417706831206
8.05695948537948	4.550420446102347	7.962435823410663	4.644944108071243	6.042748715013686	2.5990083041019245	3.5801341703019505	2.5676209757770394	1.8454281496860057	0.3019720241462732	1.9181363412357344	4.88598598524895	0.6135028397319875	3.8332417706831206
8.05695948537948	4.550420446102347	7.962435823410663	4.644944108071243	6.042748715013686	2.5990083041019245	3.5801341703019505	2.5676209757770394	1.8454281496860057	0.3019720241462732	1.9181363412357344	4.88598598524895	0.6135028397319875	3.8332417706831206
8.05695948537948	4.550420446102347	7.962435823410663	4.644944108071243	5.986563636933833	2.5990083041019245	3.6363192483820708	2.5676209757770394	1.8454281496860057	0.3019720241462732	1.9181363412357344	4.88598598524895	0.6135028397319875	3.8332417706831206
8.05695948537948	4.550420446102347	7.962435823410663	4.644944108071243	5.986563636933833	2.6435249253335016	3.6363192483820708	2.5231043545452234	1.8454281496860057	0.3019720241462732	1.9181363412357344	4.88598598524895	0.6135028397319875	3.8332417706831206
8.05695948537948	4.550420446102347	7.962435823410663	4.644944108071243	6.042748715013686	2.6435249253335016	3.5801341703019505	2.5231043545452234	1.8117122118286728	0.3019720241462732	1.9181363412357344	4.88598598524895	0.6135028397319875	3.8332417706831206
8.05695948537948	4.550420446102347	7.962435823410663	4.644944108071243	6.042748715013686	2.6435249253335016	3.5801341703019505	2.5231043545452234	1.8117122118286728	0.3019720241462732	1.9181363412357344	4.88598598524895	0.6135028397319875	3.8332417706831206
8.05695948537948	4.550420446102347	7.962435823410663	4.644944108071243	6.042748715013686	2.6435249253335016	3.5801341703019505	2.5667913047187754	1.8117122118286728	0.2582850739719419	1.9181363412357344	4.88598598524895	0.6135028397319875	3.8332417706831206
8.05695948537948	4.550420446102347	7.962435823410663	4.644944108071243	6.042748715013686	2.6435249253335016	3.5801341703019505	2.5667913047187754	1.8117122118286728	0.2582850739719419	1.9181363412357344	4.88598598524895	0.6135028397319875	3.8332417706831206
8.118056441733584	4.489323489748104	7.962435823410663	4.644944108071243	6.042748715013686	2.6435249253335016	3.5801341703019505	2.5667913047187754	1.8117122118286728	0.2582850739719419	1.857039384881391	4.88598598524895	0.6135028397319875	3.8332417706831206
8.118056441733584	4.489323489748104	7.962435823410663	4.644944108071243	6.042748715013686	2.6881100823497075	3.5801341703019505	2.5222061477027125	1.8117122118286728	0.2582850739719419	1.8039424626260774	4.88598598524895	0.6665997619871911	3.8332417706831206
8.118056441733584	4.489323489748104	7.962435823410663	4.644944108071243	6.042748715013686	2.6881100823497075	3.5801341703019505	2.5222061477027125	1.8673527235263987	0.2582850739719419	1.8039424626260774	4.88598598524895	0.6665997619871911	3.8332417706831206
8.118056441733584	4.489323489748104	7.962435823410663	4.644944108071243	6.042748715013686	2.6881100823497075	3.5801341703019505	2.5222061477027125	1.8673527235263987	0.2582850739719419	1.8039424626260774	4.88598598524895	0.6665997619871911	3.8332417706831206
8.118056441733584	4.489323489748104	7.962435823410663	4.644944108071243	6.042748715013686	2.6881100823497075	3.5801341703019505	2.5222061477027125	1.8673527235263987	0.22033895033366588	1.8039424626260774	4.88598598524895	0.6665997619871911	3.7868456017864025
8.07719612726078	4.489323489748104	7.921575508937887	4.644944108071243	6.042748715013686	2.6881100823497075	3.5801341703019505	2.5180284729892732	1.8673527235263987	0.22451662504467051	1.8039424626260774	4.845125670776225	0.6665997619871911	3.7868456017864025
8.1338210999815	4.432698517027453	7.921575508937887	4.644944108071243	6.042748715013686	2.6881100823497075	3.5801341703019505	2.5180284729892732	1.8673527235263987	0.22451662504467051	1.7473174899054202	4.845125670776225	0.6665997619871911	3.7868456017864025
8.09287658840903	4.432698517027453	7.880630997365443	4.644944108071243	6.042748715013686	2.7327638794236986	3.5801341703019505	2.4297539459118913	1.8673527235263987	0.26813735505012615	1.7473174899054202	4.804181159203716	0.6665997619871911	3.7868456017864025
8.09287658840903	4.483011545366163	7.977752735775975	4.598135397999223	5.992435686675014	2.590988343938924	3.5801341703019505	2.474407742985738	1.8673527235263987	0.22584649563770878	1.8004144121607335	4.8488877689020695	0.6135028397319875	3.6930393631936016
8.108593424551396	4.476483027586592	7.936723808537949	4.6483526436003	5.942218441073821	2.635024339031306	3.6162339926991796	2.3433104562476967	1.8312529011294574	0.27067295819832543	1.7436686487801503	4.807858841663923	0.6625964735709052	3.6930393631936016
8.124346691799508	4.474246043233579	7.946029689031413	4.652563046001863	5.887588596153449	2.628572359753759	3.6162339926991796	2.2559022837143825	1.8312529011294574	0.31411366749055186	1.6868018195067802	4.766745279638575	0.6625964735709052	3.6930393631936016
8.142287696870893	4.528971626481143	7.963970694102874	4.7072886292493115	5.83286301290603	2.628572359753759	3.6162339926991796	2.212521433554799	1.8312529011294574	0.27729567428751006	1.793694574130108	4.829477282792781	0.6048806269341236	3.6946400205865695
8.199275867492108	4.471983455859973	8.010685849074052	4.660573474278068	5.83286301290603	2.581857204782736	3.6162339926991796	2.1259390145439774	1.8312529011294574	0.3638780933003805	1.7367064035092585	4.874352853521934	0.6048806269341236	3.6497644498573774
8.055553773428839	4.583220895244778	7.978439715666629	4.660334953006873	5.726572955703678	2.4869303473421076	3.6724190707790547	2.084178500153582	1.8312529011294574	0.45022196473632	1.7978388637712528	4.737664135046502	0.7529123898661718	3.7968859416728393
8.112655242251108	4.526119426422382	7.978439715666629	4.660334953006873	5.670469897624133	2.4869303473421076	3.7285221288585917	2.044619089792427	1.8312529011294574	0.4095710286703281	1.7940346649915129	4.78260863549418	0.7987218879435809	3.75194144122503
8.112655242251108	4.526119426422382	8.028701106771608	4.610073561901974	5.614448787422487	2.3921539195520856	3.7845432390601386	2.0891341264775334	1.7756123894318392	0.4095710286703281	1.8474318345693537	4.836723547639386	0.7950041982435023	3.7444575688336417
8.185801744421491	4.4115498545845675	7.9872780371040895	4.610073561901974	5.614448787422487	2.435442857903112	3.7845432390601386	2.0458451881267425	1.7756123894318392	0.4095710286703281	2.001961652864535	4.7411855658265765	0.7788095477258159	3.8404477006470517
8.239567003951281	4.412597431749291	7.9872780371040895	4.66488639859636	5.559635950727945	2.435442857903112	3.7845432390601386	2.0458451881267425	1.7756123894318392	0.4517054066333323	2.003220223338755	4.7411855658265765	0.8751331610914076	3.8380175450090257
8.329956923594937	4.239103754367484	8.001168648757211	4.567892029205215	5.559635950727945	2.425912645216877	3.7845432390601386	2.001528364648375	1.7756123894318392	0.4929951336585029	2.1583557094924815	4.8840837168235955	1.0052029916592438	3.9922755342898775
8.404559289999332	4.122820253056388	8.056493016642312	4.47088652641346	5.615657060929679	2.328907142425197	3.7285221288585917	2.0447353576315335	1.8093283272886278	0.44978814067603035	2.0972062975981505	4.987626642216917	1.0529577783242015	3.991648782953569
8.613836192256285	3.9298268032114154	8.069887195328208	4.473775800139329	5.571854763393596	2.231147540624873	3.6724190707790547	2.0454788775424184	1.8093283272886278	0.49209095527644536	2.361405671498181	5.133096230336884	1.011749610293323	4.341171371700954
8.630852422146342	3.8708693548061404	8.027945976813124	4.473775800139329	5.669825570301715	2.2747116979003974	3.574448263870918	2.001914720266886	1.8093283272886278	0.5768654836824235	2.358737990443171	5.183400562592348	1.1087142691031993	4.395456001750817
8.741684520365817	3.684054891551065	7.936312459922643	4.48942695199427	5.518163132611017	2.1804861408930307	3.6162339926991796	2.001914720266886	1.8093283272886278	0.6618656505493921	2.62047834721821	5.37004116406571	1.4015421775859533	4.666736514744451
8.89127618753674	3.3618828606662	7.714205537101058	4.538953511101693	5.587725458105856	2.174023740431873	3.447185923552028	1.9979668917707538	1.8093283272886278	0.6223166949613264	3.00838710118993	5.619490724476313	1.4959951825205655	5.1720064306120115
8.805599055117549	3.41694523876534	7.628528404681846	4.594015889200973	5.532663080006498	2.174023740431873	3.447185923552028	2.0807121169329235	1.8093283272886278	0.539571469799553	3.125779170704803	5.6298125667949614	1.505787245248942	5.183223164231493
8.57443017366336	3.664564204085025	7.6326894235498415	4.606304954198659	5.761890572394681	2.008284375328399	2.909842826551918	1.9900492002681829	1.8093283272886278	0.5381809254130963	3.8391058316909867	6.169085173142699	1.8857619744612155	6.1313556144122625
8.489292307904602	3.8122329284765266	7.583095262728717	4.718429973652442	5.765812137010031	1.9978558043133692	2.716416657680512	1.982329403906193	1.734348488082879	0.4549724897409912	4.019727151693351	6.3224434009506005	1.8191412848464508	6.166068848835848
8.15128910205306	3.965539075436575	7.440465176646524	4.676363000843179	5.637566155443145	2.021883315890446	2.6913564922871465	1.7629287725598122	1.7005985376218795	0.49289983911276	3.905716163487946	6.907569449339652	2.4872500369719055	7.562877236381003
8.019813769709637	3.9049113852761463	7.295882049302663	4.628843105683189	5.637566155443145	2.0635491425304497	2.6552177124801384	1.673743050759989	1.736737317429088	0.49289983911276	3.7310489213556126	7.03107067198405	2.8289499229451547	7.548534011866054
7.647374312672413	4.113498644914761	7.116964503848439	4.643908453738767	5.371857782429655	2.004308612685504	2.731800968030276	1.500156344942073	1.6617656697468568	0.5322051631920088	3.6774407185544784	8.05630173188758	2.8458538627216052	8.253545814688513
7.4975478935954145	4.1692065405666705	7.014908005341011	4.651846428821044	5.3732710001526085	2.0463959382802206	2.67467985465546	1.4102990987774204	1.6279163875827092	0.5322051631920088	3.6774407185544784	8.017081720469472	0.11340792469371913	8.078627364609762
6.993953648137068	4.217754110558271	6.656100946735831	4.555606811959569	5.324723430160986	2.08213389315984	2.7304214059502225	1.1904092148762657	1.5721748362876926	0.5715699053605814	4.165209243782144	8.363273032748596	3.869487985328095	7.980943348896319
6.794787084706137	4.321983225569504	6.601974211597536	4.514796098678179	5.220494315149588	2.070678005488859	2.7304214059502225	1.0568252742542936	1.5721748362876926	0.5715699053605814	4.1038382185145705	8.684901018013656	4.881807251182817	8.067994385802269
6.2630217792680645	4.430956472522966	6.227861383568825	4.466116868222463	5.213184951604356	2.244324553579097	2.7451972087059855	0.7429035536770208	1.55021212244867	0.6148202905992631	4.792458651616342	9.051994725166663	7.0814873475251074	9.040345301129491
6.263667446997539	4.4785622704474655	6.3248881185495875	4.417341598895572	5.164933485950191	2.1930673403696903	2.7451972087059855	0.6971340319055973	1.6612966309417085	0.6148202905992631	4.917255232926521	8.821125709826706	7.506755239836653	9.200225531798235
5.205480569942818	4.826018666982826	5.857086383984529	4.1744128529408275	5.116775905260566	2.213736442671896	2.8010796769232162	0.34218765998046385	1.6830477646749022	0.6580112335771832	5.172345914178343	9.654106186125025	6.571806472018852	9.054159031658052
4.94155703117595	4.930913577969759	5.795701472383897	4.076769136761568	5.084878886299882	2.114125337730922	2.78491279425488	0.29609114711254886	1.7947256047218725	0.6580112335771832	5.238519524961744	9.573154495588701	6.150899666460504	8.81282292838968
4.872378527010444	4.9935348681379015	5.844865470599117	4.021047924549082	5.099509592270774	2.114125337730922	2.82600330049632	0.29609114711254886	1.9066663155035295	0.6580112335771832	5.249085541614192	9.433288679725614	6.209513030114702	8.422849373304715
2.6581247053037975	6.037519740997996	4.8273341139459	3.8683103323558314	5.155137460577238	2.244586137260837	2.862086437497764	0.06852062369044735	1.9266521331044997	0.6580112335771832	4.045408194249646	8.852029672454846	5.39596515010288	8.5227887600352
2.4420257964164533	6.14319540057143	4.773276243803007	3.8119449531847467	5.162660293885363	2.2846008395746167	2.862086437497764	0.02408696382191055	1.9827868316509505	0.6617615729128341	3.7473695368383124	8.758162171321883	5.058785088633211	8.493653100995255
1.5904793878051084	6.312733896447145	4.292892149555059	3.6103211346971427	5.234256483297125	2.278101280827557	2.845918427104574	0.16378304453788461	2.038987281886152	0.6617615729128341	3.9275586488504772	7.956357293848482	4.335400667740457	6.978288882731169
2.182873436207421	6.135699681271305	4.660319523062969	3.6582535944157506	5.145096583394501	2.3248045628576985	2.887145867288488	0.249867561422936	2.038987281886152	0.7011428077690648	4.360185953974468	8.083983556275811	4.965268787609254	6.489692400046833
1.886802968402307	6.013562121702363	4.292531960551094	3.607833129553563	5.138484114424193	2.4047173760830187	2.845918427104574	0.4711130276132896	2.038987281886152	0.7442150867170911	5.809251923429572	8.19250744939039	2.6883266084163364	4.231090580848186
2.1143911540204305	5.886864301737169	4.393852102325711	3.607403353431751	5.090736554551727	2.3565400400889667	2.845918427104574	0.4711130276132896	2.151585465964064	0.7488033713402238	5.779167217655448	8.312614415870986	2.5029415998876003	3.7291120724770157
1.7432316130615624	5.837370477362551	4.113551502634384	3.4670505877896463	5.140506346339629	2.3494307899967857	2.7884951854357696	0.572623454095038	2.151585465964064	0.8373021339945931	4.96303741490637	8.043571966032765	2.497266299469972	3.1149106307883665
1.8004996475330448	5.883315734453394	4.1630529166703765	3.5207624653160177	5.037293054777716	2.347033544987255	2.7884951854357696	0.6197276231220266	2.151585465964064	0.9228416507339653	4.7220782304352245	7.9750458222799985	2.6678121738174645	2.974540920698589
3.6627132584664084	4.583191291258094	4.663490381976948	3.5824141677476034	4.983562508155513	2.391865546583036	2.7309893850072826	0.7535308082855142	2.2079832128487964	1.0050829371343426	4.623550160710145	8.026996567094518	0.5855870294608625	0.31735136845616324
3.7082336515645413	4.699962142117893	4.770024534938771	3.6381712587437365	4.911416564398514	2.4391782024908504	2.691527498566422	0.8008434641927068	2.263833952050216	1.010064402098634	3.615521114947649	7.679014281946492	0.4157359854008963	0.9495572189313298
3.996253617180538	4.531282899371467	4.888875194369807	3.6386613221822106	4.901697968553475	2.53472724558645	2.7489227440066055	0.8518471046511977	2.263833952050216	1.0136857124948329	3.3823639226919995	7.445698767249942	0.2714492524245893	0.687307025076999
3.874379347884575	4.770069761151759	4.951345904169562	3.693103204866978	4.845833303531332	2.5807565565332036	2.7489227440066055	0.8992991979350708	2.263833952050216	1.056661139482277	2.263778553828362	6.509371487312349	2.7436734930021887	1.409064620099286
3.578660313988536	5.01283606841032	4.8998208355538795	3.6916755468447846	4.788520349242066	2.6268508439649234	2.8062356982959216	0.9468211433893176	2.376826784405089	1.056661139482277	2.247163095543029	5.751757404187914	2.7808673774119206	1.0324874258150756
3.5099770991624983	5.086717044036341	5.002616905481117	3.594077237717805	4.877365821320893	2.577007500675346	2.801189762837122	0.9468211433893176	2.340782213622698	1.0996935360026903	2.8063654427188744	5.723039559060753	3.6258746782522557	1.4088559347814327
3.5711378513103953	5.086717044036341	5.065297049990754	3.5925578453559157	4.877365821320893	2.533321224681407	2.801189762837122	0.8616464104118274	2.340782213622698	1.0997751174215629	2.6949898803969132	5.534481747158789	3.3671416130205234	1.2899484072967438
2.8614132066492797	5.647715251036055	4.963868011562784	3.5452604461225103	4.97315591252014	2.5818139166471665	2.801189762837122	0.8616464104118274	2.340782213622698	1.0997751174215629	2.8319718600737	5.361045815078459	2.981723006934421	1.9325524170330066
2.5706718930624457	5.885406947809572	4.8622410356529	3.5938378052192497	4.915952836604111	2.5881543224391876	2.8026439737583724	0.8194094571066739	2.453126174150913	1.0997751174215629	2.6742221400241553	4.375873717348125	2.382648695306327	1.3739225543626812
2.576642690033386	5.95412809174207	4.8875591886376775	3.6432115931378646	4.947930964873175	2.685563649721983	2.8187013848537004	0.8194094571066739	2.453126174150913	1.0515761944042166	2.7046832053158703	4.256339878907637	3.3134714327745836	1.0719887307226783
2.638177183083781	5.9059986133924385	4.949093681688046	3.595082114788303	4.996060443222826	2.69087365247897	2.8187013848537004	0.8247194598641203	2.453126174150913	0.9656963981852248	3.2169254803405676	4.076883281769855	3.9086676351785736	0.581461688406669
2.754933866380367	5.7892419300957805	4.949093681688046	3.595082114788303	4.996060443222826	2.69087365247897	2.7630226117456838	0.8247194598641203	2.4522098517249904	0.9228416507339653	3.221050601453897	3.60182412333851	3.880981334865066	0.5389967887677518
2.8056758884322845	5.9059986133924385	5.067760114900904	3.643914386923962	4.996060443222826	2.697336688419338	2.7630226117456838	0.7823502236691277	2.4522098517249904	0.9228416507339653	3.1058325806585043	3.650099464688291	3.3745818755351236	1.2170678661273273
2.7368756308389344	5.920163361522194	5.123214384719503	3.533824607641666	5.156091347261627	2.704838029864563	2.7630226117456838	0.7399104403575232	2.5088049472587133	0.9228416507339653	2.8146497508363346	3.7506261873570907	2.8669047452604794	0.7242443504837096
2.7114141961630502	6.1125561078637975	5.196030315709557	3.6279399883172925	5.105152526575581	2.8179831559216746	2.9180829045370764	0.6117517387789206	2.4754880170922196	0.8797746758789917	2.37240208998158	3.0838073262681505	2.1403645218528378	0.09755811239410564
2.877111609340482	6.05687435700302	5.263115532332171	3.6708704340111424	5.119634390131059	2.8262856928347113	2.9592827918424196	0.5214420791375489	2.4754880170922196	0.8797746758789917	2.1468315185253783	3.2495047394454804	1.848746714468519	0.027561349284998947
2.410868296838909	6.350345112068703	5.151482870906658	3.609730538000925	5.173813488066551	2.8713086832587176	3.016185235927335	0.5165234235510399	2.418856377212787	0.8797746758789917	2.3250304675490026	2.906333526255887	2.2532692374918666	0.12750125609302715
2.344069069109345	6.3650753458352565	5.153969563121742	3.5551748518229718	5.236409441702824	2.920657587826305	3.0574938730370507	0.473397249942672	2.418856377212787	0.8366485022712442	2.3316583801077067	3.1288200052161526	2.357120370605024	0.013271203250620195
2.9689283439677503	6.24779875263057	5.5203167806009095	3.6964103159971393	5.2917281962314	2.8332219377342627	3.021386320333711	0.18940738114744457	2.4549639299163974	0.8366485022712442	1.9929677219481352	2.330841447958766	2.36716003717739	1.0450405342115776
3.126531615642223	6.191121766794302	5.523468793578793	3.7941845888580414	5.2917281962314	2.7899501623677416	3.021386320333711	0.04836133291920351	2.4549639299163974	0.8317446527616494	1.7680722315150232	2.651286658142694	1.8845290814751965	0.7600801274802921
3.7503188456803924	5.857060268587623	5.5976626958392535	4.009716418428795	5.4706768580416085	2.7601981884329874	3.0627770684413895	0.49975831782227514	2.3983982504184147	0.6638353976132342	1.6059636556692154	2.515619885296724	0.07555593539459841	1.153549647372256
3.9058989514924645	5.684336168113698	5.601306558644501	3.988928560961661	5.487982163917914	2.6279646245774857	3.1611501877287447	0.730816248168057	2.3983982504184147	0.5793654384066516	1.8414643170032072	2.721627861830022	0.16095760760375324	1.0406416291793774
3.619505153626122	5.657678911238969	5.282839352396015	3.994344712469202	5.741176566285352	2.1996015543554224	3.331355947321626	1.718086803849197	2.3983982504184147	0.40670227582427615	2.780682150998205	4.713934549194743	0.37928439540500586	0.48556276310163643
3.6611735199405766	5.605902549898718	5.286530621034786	3.980545448804819	5.849142330399768	2.250689087032422	3.331355947321626	1.8046486720276131	2.3983982504184147	0.2782443989183458	3.0171084636529844	5.040868487702079	0.26015463019782126	0.9510605028742186
4.368532426106953	5.208686035119272	5.445191118861479	4.13202734236491	5.891662241007182	2.094545208045741	3.50150593958451	2.4241268928314406	2.3975384616706514	0.234701788999236	4.680578095262369	5.342362662200693	1.2901564329861406	2.9114365510265503
6.644390664338662	3.741608197749657	6.008210332748092	4.377788529340401	6.099188117302866	2.131962398987298	3.859921322746355	3.122938070856724	2.304965907333615	0.18928701532334036	6.575208398657204	5.383534051685379	3.7151229112386193	3.749815279668921
7.142465068141053	3.2768866834608477	6.00776949390976	4.411582257692126	6.08588690241755	2.2220583156807003	3.8736640923821244	3.1268356197808216	2.304136747611559	0.18506750402936697	6.310853037945975	5.23389893631694	4.180300167541085	4.159430455062744
7.819865905111652	2.86103630274159	6.317335599531197	4.363566608321905	5.949317256996619	2.1187226804068864	4.423400601147711	3.595322469029037	2.1915988896164107	0.18506750402936697	5.4137627745938035	3.2379423436116115	5.686924047063076	3.672384527918766
7.836437985654625	2.7577579183828806	6.240670687570138	4.353525216467176	5.8349379579946605	2.2119596729110587	4.641058284508366	3.551707778442685	2.1690333192104223	0.2243435346991106	4.498100748895064	4.124454423906749	6.008977230303309	4.059211067920372
8.377990967756114	2.260566787654958	6.135751126753689	4.502806628657322	5.4995733476356286	2.4445981856596974	5.252478485007429	3.5984899245300466	2.003886607259141	0.30863114297383726	3.673924486113734	5.587110982977202	0.8654167360541527	5.144213226145944
8.480467331549002	2.0986860072926765	6.134719131004144	4.444434207837577	5.537164697041679	2.4461344600883157	5.336398452657176	3.5971896948699746	1.8725457020260887	0.26778172326854327	3.3159645035921494	5.6865994402916735	1.5038766845800353	5.346717792269224
8.586004894726008	2.2364331120893595	6.412570069567826	4.409867937247629	5.229394090287061	2.548406553447775	5.7416523486621545	3.4683473000463736	1.8139197362747705	0.3124222227652842	2.986989908453689	5.126404372263688	0.751685898764024	3.9337787642391646
8.729444364539326	2.07771410703689	6.353735494924995	4.453422976651107	5.0852913218834335	2.563165709204762	5.948258733310228	3.5565010398886168	1.7945428643166719	0.3099600680770328	2.9271723418441553	5.150044834090489	0.6940198185093973	4.349564150854624
8.729444364539326	2.0281308416710124	6.353735494924995	4.403839711285352	5.092246365603414	2.563165709204762	6.046896064667365	3.5565010398886168	1.7385337546049848	0.27197884146127704	2.8143615795808334	4.955495159831037	0.8068305807714679	4.493549453446134
8.330822871892861	1.819045121109213	6.22902592831113	3.9208420646909405	5.168942545607255	2.772088261549295	6.766346698481654	3.4722880541577403	1.4943853155478761	0.18812315626131265	1.517246357683323	3.4412349926844703	0.769003712328364	2.633103345882834
8.203064777626798	1.997914974090378	6.286747766927638	3.914231984789499	5.167209714730549	2.857631919166427	6.910705451573418	3.3472101082615286	1.3460676080469243	0.2329507903964102	1.5363901589737754	3.174831907005614	0.8908685153495733	2.6012067873922455
7.511504549888419	2.1871546313742503	5.890496013900672	3.8081631673620113	5.064937477295542	3.0278718264894096	7.642647219893412	3.5240123368133425	1.1571440630100485	0.19620456638510708	0.009438310853900553	2.4685957915182084	0.489426821739178	1.06692493565717
7.317098810354015	2.112121050259772	5.787141562212745	3.642078298401047	5.208738603191879	3.1511195225165785	7.7443036524546525	3.4369848928423616	1.1571440630100485	0.15581402745766876	0.17406767786335997	2.3486208644869278	0.24742834203590644	1.0432222694111295
5.8022983417335015	2.9453341958459514	5.240365711329907	3.507266826249467	4.954998418100022	3.097214126901223	8.13122835802354	3.3086483686538966	1.0786032469935227	0.1678555018409432	1.7783762409542583	1.2968342403140276	2.031061333020743	0.9016321995325013
5.354245382940275	3.1703870309797004	5.109259480373111	3.415372933547062	5.140291895622157	3.1832448280825107	8.108625540645983	3.176082186219603	1.054155549241464	0.24690677803531416	1.744433612351571	0.8752410826386701	2.398010861047007	0.6076298745969094
0.6260204974007041	5.066786549455418	3.447085065273939	2.2457219815810188	4.917350197818332	2.596724060699467	8.744089576474964	2.7482781016090163	0.882709414413239	0.9664898267158185	2.766528633276032	1.5778760836818064	2.2271820669604914	1.4277112842199826
0.050649433382275365	5.289833871831188	3.359400217672508	1.8797842207735487	4.908168234951537	2.4573391658093433	8.849521599188355	2.5719956655901384	0.9383840950334544	0.8783260341045233	2.69429090445004	1.8656817533894576	2.206374879517484	1.602981281153737
0.7790472113192848	4.851646146782753	3.755304660089059	1.8753886980122825	4.866065379582006	2.9912054853979115	8.99103842161461	2.008336009546722	1.083608964882511	0.7497998773424026	3.4016499526633592	2.0051106680530006	3.0232300098670284	2.163762096953951
1.0137971638631416	4.71229883473952	3.8055369808865867	1.9205590177159815	4.915897526484612	2.953612997831372	8.99103842161461	2.1409309637193803	1.083608964882511	0.7884978291049073	3.5652039711210723	1.9164209159854955	3.1092554686428495	1.8943200282740003
0.3594356154565446	4.6690591015391645	3.5394220187726932	1.4890726982236107	5.119680550591837	2.997788609365558	9.311978710351974	2.0967553521854465	0.9903719715307846	0.9889639755172214	4.020325832941861	3.090945500348578	3.0586563011843992	2.710931149839351
0.061422890607249134	4.786766599700558	3.4536809456205426	1.3945085446846361	5.12757994181217	2.953681012602932	9.398643472669798	2.14086294894813	0.9903719715307846	1.109675562401492	4.02562322423066	3.3103052200563967	2.4205324333612697	2.37763459996607
0.23400568802614474	4.721795729479628	3.4689822212317245	1.4868191962753092	4.984526231449388	3.319980095297197	9.630338969434323	1.9622532093575742	0.988112332962279	1.0718651083632904	4.394581985464173	3.0794159486289003	2.0735821844234965	1.9009087278796015
0.6664881196790331	4.561587873398532	3.6934495167495665	1.5346264763276944	4.74024170243228	3.415018864312271	9.900467362734249	1.9622532093575742	1.0094999576418127	1.1121022803317793	4.664964688973715	3.2624335416957106	1.863406220865007	1.4218797844544193
0.20101496919162024	4.60520142952752	3.0193926502987916	1.38479381003503	4.938823511697275	3.605143517603503	9.975732578146832	1.8748518160149414	0.9750812530090196	1.1498039054116282	4.025416364101458	0.7897904854973137	1.1520065951682896	1.2988771597166813
5.422263321274728	8.066556002589413	2.4153043679432233	0.22898831337100542	5.412433068653626	3.3838216924058186	9.927249391132563	1.6498394590173509	1.203754513457267	0.8272505754339571	0.07226945277512409	0.15778125944569857	0.01757369269638898	2.697273520500762
6.079949224738324	8.047346002910007	2.615434315421966	0.6480375372502345	5.879016132197423	3.0570979124075732	9.81051227855582	1.5553855231995484	1.1907971672804045	0.7887343191447777	0.34442217590664775	0.4511142184750533	1.4747998936538451	3.599046992500661
6.456678891606222	8.253337053608782	2.5751105007726243	0.7784523387702176	5.772920157382689	2.973091977100882	9.907888430605652	1.6900439872109012	1.3249438085721623	0.8275869392750067	0.6835960547743604	0.7291948795391286	1.553968269513041	3.78708842139045
6.2693642126654625	8.177851886897187	2.681500975645584	0.773013301413916	5.763480881545501	2.883642677347215	9.947810490709646	1.7429845178298387	1.0546619196339593	0.7034177264435467	0.8751622965334402	0.8267522919451069	1.53770803823465	3.4574094226366783
5.98979981958419	8.105196256349005	2.7517353897401313	0.6363389529751902	5.673248358732453	2.8850799908201994	9.891607885765094	1.8307845036115666	1.0768501276245983	0.7462132000727045	1.1188190878003397	0.8357773841235151	1.5787180172468536	3.7025461836170206
6.3349826628263814	8.180632356021508	2.7981772153658993	0.9525275221704989	5.75700581107485	2.794191415300506	9.965403213069017	1.8783882032895471	1.223058488502019	0.8294561185910878	0.7569453117083317	0.8625259441158686	2.3130952177880344	3.322479176018195
6.3349826628263814	8.085491499105586	2.7517353897401313	1.001226553460995	5.8048299532351635	2.7956976823490716	9.956728518902539	1.9662425667282097	1.2790498974242654	0.9114951468372008	0.7951110960829696	0.7359115281409134	2.5272771007149633	3.0627515945241015
6.702230545507099	8.036120246062932	2.785196607836186	1.4513069072805254	5.879833327168883	2.701060846391211	10.100228906267825	2.0073233498992957	1.426565437153358	1.036687738463643	0.9957919670489442	1.615628631827748	3.258131251227707	2.6498073602430576
6.874453274693084	7.972767441852996	2.7786527092865563	1.6803385421269832	5.877989273430147	2.6993771728899754	10.172721072828267	2.0054156535595595	1.538259901374141	1.0797854264266824	0.8886460925606506	2.017673766006008	3.12242722605226	2.7413517578318554
6.837733214299143	7.747961966338672	2.949619451076833	2.0393906990374524	6.002352106750144	2.7806307879598626	10.172721072828267	1.6497342588544248	1.5258771719935869	0.7079576341690269	1.3066252371143896	3.312966856746741	3.4109449553557476	2.0032924690620946
6.784478889534231	7.617667893336237	3.0973330005804445	2.2641439967784054	6.085969820698302	2.7772331383041258	10.219397431882394	1.558672683771866	1.5258771719935869	0.6248181853933301	1.688926698406666	3.551207266900575	3.4951830491881624	2.077719779552867
6.901337319181826	7.488058577915026	3.173526408380992	2.5868051496477835	6.168974059866221	2.674180224055561	10.21026095684093	1.4686737605723574	1.547539608149328	0.786541510277174	1.5796406546901725	4.237104285407073	3.174568128776534	1.7734690832185542
7.011969607170271	7.638747178683035	3.3093072550564644	2.682529683543748	6.072194206203414	2.5739151440546197	10.256794851930115	1.3831700164971086	1.5133941546670748	0.8650469199211519	2.029871725934058	4.540233819924861	3.0261316662759437	2.0982816341591866
7.221562952922196	7.728412539692803	3.237576120067958	2.730726533297215	6.487113002601825	2.5656110118552444	9.791705635719046	1.2931068791306404	1.5133941546670748	0.9857071397476344	2.3842340337057957	4.939928501586729	2.743924965399214	2.4340158266194147
7.33840530787078	7.6853376574511465	3.1686097954499353	2.821677445869644	6.295400445651931	2.6094950600700244	10.026493074910743	1.2013468005850227	1.5133941546670748	0.9045959618356567	2.4105186272616543	4.88710279704672	2.649724713971016	2.5665854819356633
7.308489358043377	7.739012573001991	3.2095313296897325	2.779008114730893	6.199159777019167	2.513079062435726	10.029563886795376	1.2472622726097942	1.547539608149328	1.0702607674785163	2.175088558788148	5.589136847625315	2.777618037076564	3.093086342829679
7.331944148887677	7.749453250146152	3.0986170643048836	2.681107963046421	6.102473138571329	2.605173225323113	10.07623090240784	1.2030486385720285	1.6032844990237747	1.1543432804060902	2.0727135380141997	5.657440412109203	2.719211382010833	3.160587532318063
7.333996467939887	7.781717710633231	3.035701048749555	2.587979806056181	6.189871242729869	2.6493161112861623	9.803754125938282	1.1157984265898109	1.6952350143444752	1.1933800595332091	1.0513775193411519	6.125731833669399	2.9556856312307036	3.701697294113546
7.294296076766428	7.742017319459719	3.035701048749555	2.587979806056181	6.189871242729869	2.6493161112861623	9.803754125938282	1.1157984265898109	1.6952350143444752	1.1538658912664554	0.6288518501512423	6.2600106624399885	3.16467827716305	3.905226327180441
7.195687508654391	7.673760206262354	2.9729025760054233	2.494829878397614	6.096721315071271	2.6952261245161213	9.803754125938282	1.0268409836368142	1.6952350143444752	1.110818461542933	1.8461101049510842	6.735158128648099	4.199882827768825	3.9207123181333987
7.054959534792411	7.533032232400383	2.9729025760054233	2.494829878397614	6.096721315071271	2.6952261245161213	9.803754125938282	1.0268409836368142	1.6952350143444752	1.110818461542933	2.062220805865381	6.803560125521671	4.272165734963297	3.923741991861044
7.054959534792411	7.533032232400383	3.0207831048548273	2.5427104072468656	6.096721315071271	2.693326343850412	9.803754125938282	0.9378726257736761	1.729280176365976	1.0283732129236285	2.4507170376731295	6.872113130429168	4.128859694103016	3.8610752711122247
7.054959534792411	7.483141408215306	3.0207831048548273	2.5926012314318925	6.146612139256268	2.7393779312254036	9.803754125938282	0.8918210383982409	1.7850572958598472	1.0299526906315701	2.4507170376731295	6.872113130429168	4.375344547693241	3.8610752711122247
7.108608477937673	7.533032232400383	2.967134161709513	2.5427104072468656	6.186969196280898	2.7393779312254036	9.713506244728597	0.8488931724534227	1.7850572958598472	0.9870248246867632	2.4219346671815414	7.025032285078095	4.522653695410949	4.00179515995449
7.148672738768602	7.573096493231291	3.0150990981187236	2.5906753436558523	6.233834044379044	2.691412994816147	9.702920777395772	0.8488931724534227	1.7487779150947502	1.0279492084712094	2.404958864265283	7.163504947163903	4.109029677045627	4.074260177580309
7.202439338176752	7.573096493231291	2.9133675623012913	2.5427104072468656	6.324136612298446	2.7393779312254036	9.612618209476393	0.8488931724534227	1.7147668756234633	1.068817379060882	2.3766980204573858	7.109738347755737	3.8935186290373953	4.074260177580309
7.242418829851627	7.613075984906143	2.9133675623012913	2.5427104072468656	6.371137945773101	2.7393779312254036	9.565616876001735	0.9316334240407097	1.7147668756234633	1.1923696622845052	2.4344553713659516	7.109738347755737	3.875740769803337	4.074260177580309
7.242418829851627	7.656421216419685	2.865487033452056	2.451484646884069	6.327792714259524	2.7412068726997787	9.565616876001735	0.9776850114164404	1.7147668756234633	1.2344682787869363	2.6189505463232656	7.109738347755737	4.27647472470974	4.20611603099223
7.202439338176752	7.659862467452259	2.817690756249507	2.360267626973859	6.331444440741793	2.789003149902313	9.51854440681201	0.9776850114164404	1.7487779150947502	1.3156970511827781	2.625352074976999	7.109738347755737	4.418780926188592	4.20611603099223
7.188652230443462	7.699841959127069	2.871457355657429	2.360267626973859	6.331444440741793	2.7430224017187035	9.574215541367584	1.0236657595998608	1.6373296610453774	1.3156970511827781	2.6363854913926352	7.163504947163903	4.3289110391344146	4.20611603099223
7.165730076884776	7.739736911589548	2.9342744616787004	2.360267626973859	6.378588143572965	2.6529695025255693	9.527071838536468	1.1137186587927228	1.525973954702523	1.275110545103392	2.7398904365759327	7.2263220531850925	4.335027914110892	4.271805208073608
7.1519104095665105	7.779547554139449	3.035701048749555	2.408063904176459	6.378588143572965	2.605173225323113	9.527071838536468	1.1137186587927228	1.525973954702523	1.3156970511827781	2.7334592621142213	7.210639770833727	4.262983793071716	4.268023164429128
7.1519104095665105	7.779547554139449	3.035701048749555	2.408063904176459	6.378588143572965	2.605173225323113	9.527071838536468	1.1137186587927228	1.4703953422535432	1.275110545103392	2.7969335398303636	7.210639770833727	4.269045484506379	4.264228616303141
7.117312477895937	7.8419587908377935	3.0892138157292766	2.3645675027873696	6.335091742183742	2.6493161112861623	9.527071838536468	1.0695757728294037	1.4703953422535432	1.1530161694433518	2.6209546557092116	7.057128686781526	3.9384809392691515	4.317158845989987
7.10351245366284	7.88155428365222	3.1426093327766775	2.3645675027873696	6.335091742183742	2.6493161112861623	9.527071838536468	0.9868355212424184	1.4703953422535432	0.9476777026616431	2.7015819693959746	7.104906911024807	3.2832339910082777	4.440581671412654
7.10351245366284	7.88155428365222	3.1426093327766775	2.3645675027873696	6.335091742183742	2.6493161112861623	9.56324963182831	0.943967322666364	1.4897961614109247	0.8621389221216647	2.7696718070067248	6.8946326364764055	2.907233984268649	4.358727152142333
7.036584131805036	7.9646386233031805	3.2012535093579655	2.273199017860126	6.291519534459188	2.7430224017187035	9.56324963182831	0.8980573094363815	1.4897961614109247	0.7817054537651204	2.7922567209009634	6.865365104703235	2.992393776797335	4.350821740793773
7.022967608055756	8.047715781730288	3.2542990296569254	2.229550855982463	6.338357910007371	2.741184643772538	9.472763094402373	0.9397163426651185	1.5794538758850896	0.8626177394881184	2.280227547040307	6.644647309973613	3.5990684256802683	4.3250429010877545
6.97003817057085	8.091440045742313	3.259516285751415	2.1381144105800134	6.2946336459952725	2.7430602113306706	9.528473270381062	0.9855529564968963	1.6133336393331197	0.9036523983173953	2.1916841572085026	6.563958100902977	3.358274090238393	4.379740798476154
6.97003817057085	8.091440045742313	3.2118880444207543	2.0904861692494783	6.341913764192205	2.790688452661315	9.481193152184208	0.9855529564968963	1.6471807623219916	0.8626177394881184	1.9603458446108712	6.2324657367864225	3.2649334744491934	4.359113576688101
6.97003817057085	8.091440045742313	3.2118880444207543	2.0904861692494783	6.38510752279681	2.7449222483445577	9.585643391967304	0.9885148552027343	1.5552114445545648	0.5703123113781927	1.7852026375332224	6.163717304807523	3.119978805051076	4.4136717804091905
7.048647656418619	8.213850045879283	3.2147366716237253	2.0495342821630347	6.341307008507555	2.650752025642506	9.677443232201622	0.9972617802493383	1.4634116043202603	0.36309470421189405	1.690188470183877	5.9674426521939	3.1352474015269065	4.454629532616962
7.048647656418619	8.213850045879283	3.167270844109774	2.0020684546490055	6.341307008507555	2.652662254173842	9.677443232201622	1.042817379232434	1.4634116043202603	0.32143280574802874	1.5801496464985316	5.902303971674565	2.8644748851039656	4.510783668022444
6.9330553930197745	8.163886574519658	3.043464889718175	1.8126337082183932	6.348076721262621	2.802487741439578	9.720636990806165	1.1323901097566238	1.4634116043202603	0.32143280574802874	2.0321517035586014	5.82333459244395	3.0046740107380483	4.4369373986047265
6.7649621987088775	8.107576548308016	2.9267389914216895	1.5841246418224242	6.361121589694605	3.0418890434471666	9.763902148585654	1.1778079003568496	1.4634116043202603	0.36309470421189405	2.751718099049109	5.798141416766093	2.6737776358339302	4.3637920088206945
6.657570765592504	8.073808779612396	2.997280690520089	1.581042676500004	6.321117478015233	3.094851681276563	9.842088863401417	1.2219670009379069	1.5412305032661653	0.40469942699979516	2.8914891461931034	5.646472728525268	2.6619651465877525	4.09585574663284
6.3866038606750575	8.117644855433657	3.0783233496394025	1.3472823548808692	6.230054225356252	3.2847759270744383	9.797554386395722	1.2219670009379069	1.6329921571097223	0.44841417575029463	3.827212203126405	5.538696326829954	1.8478094312421403	3.776703081641118
6.3349075281690075	8.117644855433657	3.130019682145661	1.3472823548808692	6.277281402194054	3.3289350276556218	9.750327209557993	1.2176376849605164	1.6329921571097223	0.6163246001305847	3.888945033643594	5.590392659336065	1.7320685459054073	3.8361522698194888
