0	1	2	3	4	5	6	7	8	9	10	11	12	13
7.442633469570922	3.460657070492642	7.226345253457909	3.676945286605938	3.1942327538315496	0.9241510024772629	3.879485870918344	2.035777321570453	0.4741033638871089	0.9454189573663386	2.3174671541241185	2.6190854076487105	0.4526007355177002	4.7420278485854075
7.41703653400807	3.538622773676192	7.484844553988457	3.4708147536957514	3.425705757155072	1.9530116970912288	3.484659723074387	1.754033481117166	0.7730837358736304	0.37768265750553415	2.3776721708927244	4.011871290734605	0.157418746560368	3.701961464959746
7.29687369015539	3.660019365618322	7.4496136274413685	3.507279428332494	3.6095605855320745	1.93956501203296	3.1794083027549305	1.7790398976535646	0.9124241572752635	0.345180129828223	2.289011347562784	4.282752313905617	0.08836195172278213	3.5532973336759834
7.28869457748414	3.6912916521418566	7.347384775707466	3.6326014539185945	3.769549194432748	2.052547128105499	3.0315575264828665	1.9311531058475295	0.9569225268290081	0.2154090185277733	2.0195245267628428	4.402243153279679	0.2662406321815749	3.4149600690878503
7.375452877995756	3.7491511865187572	7.414613110022148	3.709990954492565	3.96025755595644	2.0313740914574163	2.636583103389324	1.8915145135326812	1.0267760849410665	0.3279851102955226	1.8727948222747026	4.56996655397716	0.3437119992728329	3.386740976862375
7.367166392376619	3.864374783234199	7.433376424323559	3.7981647512872554	3.9764050553066213	2.0592557522994928	2.4772901710586583	1.8515275560076259	1.0035083424089246	0.3612734511744544	1.821605243477191	4.559113329837955	0.38212797816515276	3.3785804132784407
7.418186663408664	3.7300928067833614	7.475362238510705	3.672917231681477	4.08832016739727	2.086996198524668	2.448636764386864	1.937240140053668	1.0035083424089246	0.2626404173392541	1.68468431789628	4.639643379357913	0.46802863271422873	3.3749719016331956
7.418186663408664	3.7300928067833614	7.511730710110489	3.6365487600818187	4.08832016739727	2.015807821427521	2.471846430319345	1.9423834617110118	0.9802986764765558	0.1999855381690638	1.68468431789628	4.639643379357913	0.3897611953179763	3.3345844735571046
7.418186663408664	3.6920837222832943	7.469706366249939	3.6405640194421798	4.126329251897468	2.092652070785503	2.471846430319345	1.9075635562137265	1.0016092574389024	0.2923170011794207	1.5989122569489467	4.671831668391602	0.475533256265714	3.3023961845236602
7.358882144588279	3.6920837222832943	7.410401847429494	3.6405640194421798	4.126329251897468	2.092652070785503	2.471846430319345	1.841482082254903	1.0016092574389024	0.29449545415779105	1.5989122569489467	4.612527149571097	0.475533256265714	3.2618999850061305
7.358882144588279	3.6920837222832943	7.410401847429494	3.6405640194421798	4.154905931813871	2.127385821995921	2.443269750403101	1.8067483310445351	1.0016092574389024	0.3228605846639787	1.5989122569489467	4.612527149571097	0.475533256265714	3.2618999850061305
7.358882144588279	3.6920837222832943	7.410401847429494	3.6405640194421798	4.154905931813871	2.092652070785503	2.443269750403101	1.8712194077974786	1.0016092574389024	0.2931232591212043	1.5989122569489467	4.612527149571097	0.475533256265714	3.3023961845236602
7.358882144588279	3.6920837222832943	7.410401847429494	3.6405640194421798	4.154905931813871	2.092652070785503	2.443269750403101	1.8712194077974786	1.0016092574389024	0.2931232591212043	1.5989122569489467	4.612527149571097	0.475533256265714	3.3023961845236602
7.358882144588279	3.6920837222832943	7.410401847429494	3.6405640194421798	4.078217945876006	2.092652070785503	2.5199577363406402	1.8712194077974786	1.0016092574389024	0.2931232591212043	1.5989122569489467	4.612527149571097	0.475533256265714	3.3023961845236602
7.358882144588279	3.6920837222832943	7.410401847429494	3.6405640194421798	4.078217945876006	2.092652070785503	2.5199577363406402	1.8712194077974786	1.0016092574389024	0.2931232591212043	1.5989122569489467	4.612527149571097	0.5139254870745603	3.3023961845236602
7.358882144588279	3.6920837222832943	7.410401847429494	3.6405640194421798	4.078217945876006	2.092652070785503	2.5199577363406402	1.8712194077974786	1.0016092574389024	0.2931232591212043	1.5989122569489467	4.612527149571097	0.5139254870745603	3.3023961845236602
7.358882144588279	3.6920837222832943	7.410401847429494	3.6405640194421798	4.078217945876006	2.092652070785503	2.5199577363406402	1.8712194077974786	1.0016092574389024	0.2931232591212043	1.5989122569489467	4.612527149571097	0.5139254870745603	3.3023961845236602
7.358882144588279	3.6920837222832943	7.410401847429494	3.6405640194421798	4.078217945876006	2.092652070785503	2.5199577363406402	1.8052670924928782	1.0016092574389024	0.35907557442623445	1.5989122569489467	4.612527149571097	0.5139254870745603	3.3023961845236602
7.358882144588279	3.6920837222832943	7.452426191290018	3.5985396755818186	4.078217945876006	2.0506277269251245	2.496748070408114	1.8052670924928782	1.0035083424089246	0.35907557442623445	1.5989122569489467	4.612527149571097	0.5139254870745603	3.3023961845236602
7.358882144588279	3.6920837222832943	7.452426191290018	3.5985396755818186	4.0495528009223944	2.0506277269251245	2.5254132153617523	1.8052670924928782	1.0035083424089246	0.35907557442623445	1.5989122569489467	4.612527149571097	0.5139254870745603	3.3023961845236602
7.358882144588279	3.6920837222832943	7.452426191290018	3.5985396755818186	4.0495528009223944	2.0506277269251245	2.5254132153617523	1.8052670924928782	1.0035083424089246	0.29529286155121376	1.5989122569489467	4.612527149571097	0.5139254870745603	3.3023961845236602
7.26416911676422	3.7867967501076003	7.452426191290018	3.5985396755818186	4.0495528009223944	2.085361478135594	2.5254132153617523	1.7705333412824535	1.0035083424089246	0.29529286155121376	1.69362528477355	4.5317881061048695	0.5139254870745603	3.3831352279900426
7.26416911676422	3.7867967501076003	7.452426191290018	3.5985396755818186	4.0495528009223944	2.085361478135594	2.5254132153617523	1.7705333412824535	1.0035083424089246	0.29529286155121376	1.69362528477355	4.5317881061048695	0.475533256265714	3.3831352279900426
7.26416911676422	3.7867967501076003	7.452426191290018	3.5985396755818186	4.0495528009223944	2.085361478135594	2.5254132153617523	1.7705333412824535	1.0035083424089246	0.29529286155121376	1.69362528477355	4.5317881061048695	0.475533256265714	3.3831352279900426
7.26416911676422	3.7486769818539654	7.410401847429494	3.602444251188567	4.087672569176118	2.127385821995921	2.4538474002731503	1.7705333412824535	1.0750741574975222	0.29529286155121376	1.6505464845733486	4.5317881061048695	0.5186120564652836	3.306138841497895
7.26416911676422	3.7486769818539654	7.410401847429494	3.602444251188567	4.087672569176118	2.127385821995921	2.4538474002731503	1.7705333412824535	1.0750741574975222	0.29529286155121376	1.6505464845733486	4.5317881061048695	0.5186120564652836	3.2655677458568975
7.26416911676422	3.7486769818539654	7.410401847429494	3.602444251188567	4.087672569176118	2.127385821995921	2.4538474002731503	1.7705333412824535	1.0750741574975222	0.29529286155121376	1.6505464845733486	4.5317881061048695	0.5186120564652836	3.2655677458568975
7.26416911676422	3.7486769818539654	7.410401847429494	3.602444251188567	4.087672569176118	2.0565247389663557	2.4538474002731503	1.8413944243118752	1.0750741574975222	0.29529286155121376	1.6505464845733486	4.5317881061048695	0.5186120564652836	3.2655677458568975
7.26416911676422	3.7486769818539654	7.410401847429494	3.602444251188567	4.087672569176118	2.0565247389663557	2.4538474002731503	1.8413944243118752	1.0750741574975222	0.29529286155121376	1.6505464845733486	4.5317881061048695	0.5186120564652836	3.2655677458568975
7.26416911676422	3.7486769818539654	7.410401847429494	3.602444251188567	4.087672569176118	2.0565247389663557	2.4538474002731503	1.8413944243118752	1.0750741574975222	0.29529286155121376	1.6505464845733486	4.5317881061048695	0.5186120564652836	3.2655677458568975
7.213037627391468	3.799808471226644	7.410401847429494	3.602444251188567	4.087672569176118	2.0565247389663557	2.4538474002731503	1.7755105941648597	1.0750741574975222	0.3611766916960806	1.6584699543650512	4.5317881061048695	0.5618200760457791	3.2655677458568975
7.213037627391468	3.799808471226644	7.410401847429494	3.602444251188567	4.087672569176118	2.0565247389663557	2.4538474002731503	1.7755105941648597	1.0750741574975222	0.3327545644817823	1.6584699543650512	4.5317881061048695	0.5618200760457791	3.2655677458568975
7.213037627391468	3.799808471226644	7.410401847429494	3.602444251188567	4.087672569176118	2.0565247389663557	2.4538474002731503	1.7755105941648597	1.0750741574975222	0.3327545644817823	1.6584699543650512	4.5317881061048695	0.5618200760457791	3.2655677458568975
7.213037627391468	3.799808471226644	7.410401847429494	3.602444251188567	4.087672569176118	2.0565247389663557	2.4538474002731503	1.7755105941648597	1.0750741574975222	0.3327545644817823	1.6584699543650512	4.5317881061048695	0.5618200760457791	3.2655677458568975
7.213037627391468	3.799808471226644	7.410401847429494	3.602444251188567	4.087672569176118	2.0565247389663557	2.4538474002731503	1.7755105941648597	1.0750741574975222	0.3327545644817823	1.6584699543650512	4.5317881061048695	0.5618200760457791	3.2655677458568975
7.213037627391468	3.799808471226644	7.410401847429494	3.602444251188567	4.087672569176118	2.0565247389663557	2.4538474002731503	1.7755105941648597	1.0750741574975222	0.3327545644817823	1.6584699543650512	4.5317881061048695	0.5618200760457791	3.2655677458568975
7.213037627391468	3.799808471226644	7.410401847429494	3.602444251188567	4.087672569176118	2.0565247389663557	2.4538474002731503	1.7755105941648597	1.0750741574975222	0.3327545644817823	1.6584699543650512	4.5317881061048695	0.5618200760457791	3.2655677458568975
7.213037627391468	3.799808471226644	7.410401847429494	3.602444251188567	4.087672569176118	2.0565247389663557	2.4538474002731503	1.7755105941648597	1.0750741574975222	0.3327545644817823	1.6584699543650512	4.5317881061048695	0.5233228828422792	3.2655677458568975
7.213037627391468	3.799808471226644	7.410401847429494	3.602444251188567	4.087672569176118	2.0565247389663557	2.4538474002731503	1.7755105941648597	1.0750741574975222	0.3327545644817823	1.6584699543650512	4.5317881061048695	0.5233228828422792	3.2655677458568975
7.213037627391468	3.799808471226644	7.410401847429494	3.602444251188567	4.087672569176118	2.0565247389663557	2.4538474002731503	1.7755105941648597	1.0750741574975222	0.3327545644817823	1.6584699543650512	4.5317881061048695	0.6016715345505604	3.2655677458568975
7.213037627391468	3.7164657995411856	7.331971183941876	3.5975322429906917	4.199680385815183	2.1349554024538344	2.425182255319436	1.7755105941648597	1.0963847384603602	0.3327545644817823	1.6584699543650512	4.5317881061048695	0.6016715345505604	3.2655677458568975
7.213037627391468	3.7164657995411856	7.331971183941876	3.5975322429906917	4.199680385815183	2.1349554024538344	2.425182255319436	1.7755105941648597	1.0963847384603602	0.3327545644817823	1.6584699543650512	4.5317881061048695	0.6016715345505604	3.2655677458568975
7.307861873556179	3.6216415533763806	7.331971183941876	3.5975322429906917	4.199680385815183	2.1349554024538344	2.425182255319436	1.7755105941648597	1.0963847384603602	0.3327545644817823	1.5636457082003459	4.612527149571097	0.6016715345505604	3.2618999850061305
7.22508650051908	3.6216415533763806	7.249195810904694	3.5975322429906917	4.199680385815183	2.064180240199303	2.496748070408114	1.7804704787705241	1.024818923371364	0.37008433915902567	1.5636457082003459	4.529751776533999	0.6016715345505604	3.2618999850061305
7.320080053789551	3.526648000106051	7.291296532466036	3.5554315214294068	4.199680385815183	2.0220795186378795	2.496748070408114	1.7505522527972452	1.024818923371364	0.40000256513026655	1.4686521549298996	4.529751776533999	0.6801254638310535	3.3390804381604835
7.474489016443662	3.4697006437994804	7.4343998504160345	3.509789809827118	4.161464951532714	1.9023798942421215	2.496748070408114	1.720588213674606	1.024818923371364	0.4658090827646189	1.3734893643409878	4.588997948599427	0.6801254638310535	3.416370013285314
7.4868155183248835	3.4124733097263387	7.393151670428713	3.506137157622713	4.1233603314700815	1.8953835787030822	2.496748070408114	1.6858272569463055	1.024818923371364	0.4658090827646189	1.4072337187169914	4.586868475560032	0.7082725150098043	3.3354940340699364
7.4868155183248835	3.4124733097263387	7.393151670428713	3.506137157622713	4.151948883018816	1.9300590792176162	2.468159518859333	1.651151756431815	1.024818923371364	0.43726000595642794	1.4932311323362275	4.586868475560032	0.7010443614859582	3.4128926808704323
7.4036381485010425	3.450467563306605	7.3516179346845325	3.5024877771233607	4.037431249049418	1.9230057788719674	2.5446828992483477	1.61656142269771	1.024818923371364	0.43726000595642794	1.4932311323362275	4.503691105736236	0.7010443614859582	3.4128926808704323
7.511459761890023	3.2592964795487913	7.309798879640652	3.4609573617978904	4.037431249049418	1.8814753635466743	2.4731170841599472	1.61656142269771	1.0963847384603602	0.43726000595642794	1.5608260557454747	4.582504501174308	0.6792153955594569	3.328237481510995
7.427938010155408	3.29718081218271	7.226277127906033	3.498841694431948	3.999546916415413	1.915980818762109	2.496406605996709	1.582055967482404	1.003318773200044	0.43726000595642794	1.5619656903212815	4.498982749439631	0.8365572526111397	3.328237481510995
7.536090550404123	3.143108915227608	7.184000530368553	3.4951989352632786	3.9617720613816836	1.9089840683511752	2.496406605996709	1.547635103690928	1.024654458471363	0.43726000595642794	1.631029711818109	4.57799942576325	0.7345458489502512	3.398703164195214
7.548400226332033	3.046932391120543	7.058716067986583	3.536616549465725	3.9617720613816836	1.9504016825538024	2.496406605996709	1.547635103690928	1.024654458471363	0.5012139015787477	1.622082311308424	4.575693576616951	0.8066331743875391	3.3950853549323825
7.560705727466715	2.9882530497640554	7.016094023365954	3.532864753864749	4.000629623169047	1.9089840683511752	2.419883225607787	1.547635103690928	1.024654458471363	0.5652315056803934	1.963818941017609	4.737159306976776	0.7686617141928526	3.6587904521296735
7.514249832418073	2.8917393563170415	6.951021329150179	3.4549678595851576	4.000629623169047	1.8310871740715051	2.4913691847919637	1.547635103690928	1.0228679770072824	0.5652315056803934	1.9134491330730177	4.676299013937916	0.8396479554837938	3.773844480526948
7.757408447319403	2.6485807414158913	6.951021329150179	3.4549678595851576	4.0487290575580905	1.8310871740715051	2.443269750403101	1.5776131886233575	1.0228679770072824	0.5352534207486017	1.9769278344543055	5.00610717139492	1.0614332673336635	3.960809378126727
7.614566385201287	2.686137962587297	6.808179267032034	3.4925250807565997	4.011171836386464	1.8654237323728322	2.420060084470552	1.5432766303217882	1.0460776429396468	0.5352534207486017	2.0654436447878486	4.86326510927674	1.0630672627743036	4.120651314244612
7.639497036411341	2.574851539001601	6.639147734327805	3.5752008410852514	4.082101184982991	1.8654237323728322	2.266454975545358	1.6090232889964942	1.0460776429396468	0.4339811096857483	2.1377958083086956	5.109578330157916	1.3808465752549928	4.435372805501883
7.496571399039623	2.6122058533517314	6.537451246676157	3.5713260057154184	4.121663668847221	1.8584471202401007	2.189538177331194	1.6046203582648777	1.115828798662749	0.40413150282962795	2.226822394047722	5.133750008934235	1.457043676845898	4.512602991456209
7.366026801447951	2.708796915735818	6.551103434349207	3.52372028283438	4.242713780846425	1.7892414174719395	1.8746650801930844	1.4323973530135412	1.115828798662749	0.46092507536662086	2.706627032021025	5.541362736129403	1.5102405369434047	4.62498633684965
7.405752465468373	2.730644802541875	6.534027508897483	3.6023697591126997	4.178872041714595	1.7824979957270863	1.8192599600648311	1.3985433917761263	1.115828798662749	0.46092507536662086	2.6990295790007646	5.6530749091834	1.671785021732846	4.787896813274626
7.198947348789269	2.754832390854622	6.436626070358291	3.5171536692854937	4.105714777701002	1.7278144361255572	1.8192599600648311	1.2948535975368907	1.115828798662749	0.46092507536662086	2.790170301414463	6.166269879722882	2.2063638603223907	5.245028275252763
7.0561226104452395	2.791253681226725	6.374077997275941	3.473298294396166	4.0968849019246765	1.7510962811753756	1.7684008029367706	1.1912950872254218	1.1179149705818898	0.5247709022341747	2.8804624618056507	6.195821351247608	2.200857916538306	5.413345800473017
6.60655967804839	2.9586803086686464	6.090846730053438	3.474393256663751	3.9784279501837507	1.807193373524279	1.74507477325071	1.0178360054031872	1.1200077180842987	0.5247709022341747	2.7991450089770122	7.060537475946049	2.522977289113158	5.527222582593644
6.117079230684367	3.030813452693542	5.718574358782927	3.429318324595079	3.9062948061588267	1.9005706257776123	1.8168592562634343	0.7714047467286713	1.048223235071645	0.5606168325607266	3.0707436228729352	7.595710468204147	3.5454877459500436	5.78231811557459
6.029990836614589	3.066725404244895	5.671092978635446	3.425623262224108	3.870382854607314	1.8609636118552764	1.8168592562634343	0.7415638117247576	1.048223235071645	0.5904577675648957	3.030968466192541	7.688517286433619	3.6733473868379702	5.66015335812099
5.350987103334262	3.199933798806283	5.206357447958233	3.344563454182133	3.7579671071692244	1.9178183668129225	1.8934655815941113	0.5678398266184381	1.048223235071645	0.5904577675648957	3.5320337725121806	8.014306676094565	4.507885066089901	5.924953685488838
5.311878154295201	3.1508407203010194	5.118155420413906	3.344563454182133	3.7579671071692244	1.9178183668129225	1.8934655815941113	0.5678398266184381	1.1181807337046146	0.5904577675648957	3.4829406940068646	7.926104648550306	4.445901651808219	5.7720033814149865
4.627245808928576	3.2836573201053625	4.647346468630116	3.263556660403832	3.715869594509064	1.8715564349074085	1.8998557909874456	0.43176926120214415	1.1181807337046146	0.6560761678431677	3.9601866036676916	7.941338881208203	4.77144622458359	5.982512627134221
4.490164205881588	3.331429187932944	4.635540410375703	3.1860529834389646	3.688055317253549	1.8645856795453282	1.9276700682428707	0.36123633959877954	1.1881899765043238	0.6560761678431677	4.100109147720803	7.811693651690799	4.772421751611522	5.774329803845932
4.491595869198111	3.3656031176256405	4.635540410375703	3.2216585764482617	3.6245605853810074	1.8645856795453282	1.9555592071059813	0.36123633959877954	1.2582508116184463	0.6560761678431677	4.006526808178506	7.811693651690799	4.155350702353951	5.868637983312787
3.9403195188213647	3.522332062642908	4.354208148113753	3.108443433350554	3.681472243862344	1.857589732309867	1.9342531416338347	0.2906227367467486	1.328363086354949	0.6560761678431677	3.98922563548016	7.797167774198024	4.513538821647774	5.794269757869599
3.8394379961066742	3.5231309029833215	4.416705913471066	2.945862985618826	3.727440004212223	1.77361951414036	1.9342531416338347	0.25798026753295117	1.3985266471801021	0.6560761678431677	3.9569517006871178	7.609178526403195	3.8953211745665666	5.933698291926294
3.154578903929901	3.7465924555234067	3.990189696520352	2.9109816629328265	3.61784187129607	1.830921192107242	1.9622779211911792	0.08422391352710264	1.3985266471801021	0.7199850436382739	3.7937000957490743	7.2671077436978475	3.9236265928337866	5.6512938111878395
2.7288061286656733	3.9723210775019204	3.909361332355365	2.7917658738121753	3.5823375819716166	1.7469181045739812	1.9622779211911792	0.013506922621569271	1.3985266471801021	0.7199850436382739	3.5734297819276026	7.125836723459911	3.8419622177935127	5.686451085932073
2.464560230270351	3.9584328953562617	3.711776861261728	2.7112162643647553	3.624410821378801	1.7339686425106475	1.88480129157042	0.08949661499339272	1.3776314761852018	0.7199850436382739	3.4831798421713156	6.581871047777769	3.2189766688886507	4.602619306994869
2.464560230270351	3.993735789043703	3.7499136152340036	2.7083824040801177	3.744288066748884	1.7986967322623872	1.729621152513371	0.192361458713361	1.4479247198730345	0.6917344988355966	3.2479079531923905	6.320224026232286	3.3090822230671324	4.491542136258344
1.2929064951346148	4.406969730399966	3.0719011518404122	2.627975073694033	3.709085268978944	1.8176427154943127	1.729621152513371	0.3269175700991459	1.4479247198730345	0.6917344988355966	3.519613789552294	6.83805870156363	2.929914180789208	1.6509421399069515
0.8611512640765071	4.471420297073431	2.7796052348396363	2.5529663263104534	3.7720390289361534	1.777836765880568	1.701870190325803	0.3269175700991459	1.4479247198730345	0.6917344988355966	3.5439035266286703	6.763277475484406	3.1409514585408203	1.2916607588917872
0.9104424614713913	4.515722889583415	2.8731990247439723	2.5529663263104534	3.7720390289361534	1.777836765880568	1.701870190325803	0.3269175700991459	1.4270569409571465	0.6917344988355966	3.588206119138636	6.4599716631044215	3.216500250970855	1.688560361175904
1.4749541739100378	4.137894119391165	3.0598819669904445	2.5529663263104534	3.722270078705525	1.9194270994437406	1.7516391405565246	0.46850790366192924	1.4270569409571465	0.7557639468771159	3.252686214246681	5.986645469422433	2.121152641340516	1.4815284301954637
2.7212180909482933	3.379774265804684	3.427990027755109	2.6730023289980154	3.552063866837133	1.944019024936165	1.7239467580665446	0.5709624208254955	1.4270569409571465	0.7557639468771159	3.131116114787654	5.328179817015585	1.1428751275172455	0.8518806132552337
2.7735902720767798	3.379774265804684	3.4803622088835584	2.6730023289980154	3.552063866837133	1.975482931445702	1.6521622750541773	0.6679761976825757	1.4988414239696863	0.8213138172247246	3.2100137768249093	4.664739201045774	0.6911915508088471	0.9522131249201206
2.9186023506071552	3.3162592684429972	3.4803622088835584	2.754499410166484	3.5754471422535152	1.975482931445702	1.5472819184693485	0.6679761976825757	1.4988414239696863	0.8854063794105473	3.2015168010965525	4.889534282389812	0.5157747139057117	0.3978032912756355
2.825929174194458	3.4614751877859353	3.5329049518142455	2.754499410166484	3.498184531294641	2.0463328081721284	1.6245445294279846	0.7388260744090719	1.519709202885737	0.8854063794105473	3.0251320681676526	5.084343888486947	1.0367050135980695	0.4948938714984416
3.069022818766652	3.376210456170178	3.6029921828581837	2.8422410920786185	3.513880565076939	2.1618318684389193	1.5970011321110034	0.7784308162983884	1.519709202885737	0.8854063794105473	2.5538827074048065	5.060551614759473	0.6354903847623203	0.4504917651279656
2.9229016157225276	3.5223316592142955	3.6430990108780406	2.8021342640589277	3.5910523080709202	2.121725040419243	1.5198293891170227	0.7784308162983884	1.519709202885737	0.8854063794105473	2.050466484861458	5.1144091611592675	0.9937406797294749	0.5528471937631478
2.7765329675677406	3.7156586005843777	3.683369037567401	2.808822530584595	3.5440940148555082	2.0500545264037235	1.5198293891170227	0.7470303289719792	1.5900536055015222	0.8854063794105473	2.2731267854474884	4.673582572897373	2.114073499376838	1.1878505532705086
2.780262026046868	3.729890236519271	3.6982105786132906	2.8119416839530897	3.5516699784903714	2.1593492180619815	1.5472819184693485	0.8181773742747018	1.5900536055015222	0.9495619884655194	1.9501093906944367	4.628052548759708	1.992513531174362	1.5029623466942559
2.8772961737092895	3.7793181967558893	3.8064203264828564	2.8501940439823574	3.5516699784903714	2.1031446156399523	1.5472819184693485	0.6881395154838074	1.5900536055015222	0.9139810921255189	1.5565914602637936	4.19081655005159	1.3788218093250093	1.0218160485470429
3.0680688540538528	3.6816720195371175	3.978211064891191	2.7715298087002216	3.5516699784903714	2.0643489119168654	1.5472819184693485	0.7580457705385714	1.5900536055015222	0.9440188156214567	1.598044221823721	4.088451144360393	1.5220661033528229	0.724915389215352
3.4980612388169763	3.6310038048970923	4.2721138077384255	2.856951235975556	3.504523530901544	2.0709738484733173	1.5472819184693485	0.6606581147594126	1.5900536055015222	0.8782812029725052	1.6284947767020406	3.261213269037682	1.7240954831497224	0.43450020864025807
3.590591937595092	3.6310038048970923	4.326264101951708	2.8953316405404315	3.504523530901544	2.1093542530384237	1.5472819184693485	0.6606581147594126	1.5900536055015222	0.9424997908578824	1.6227149139646315	3.2115562014957133	1.594556199742191	0.42475465086044617
3.644704668963205	3.560635880587056	4.3418906022879975	2.863449947262084	3.5748914552116733	2.1878458045894953	1.5238973900969586	0.7307104253406737	1.6134381338737047	0.9725467809191639	0.8593027558389904	3.2192805967057487	1.6894613919985846	0.03542829177256932
3.6989924842323014	3.525299665476315	4.318886860551619	2.905405289156652	3.5329650593636033	2.3052874355407584	1.601160001055859	0.770860499286401	1.6134381338737047	0.9725467809191639	0.3699772570139724	3.5106907279847093	1.1309183234772096	0.03057745163052307
2.878892210051355	4.224471181718678	4.319223210464376	2.78414018130564	3.5106343092831125	2.194701772419951	1.7060567629045444	0.6989739322478032	1.6134381338737047	0.9725467809191639	0.23670592697307866	3.13476127620673	0.032463711513434794	0.4941627275883728
2.7276561684462948	4.238878317684515	4.264858110998626	2.701676375132394	3.5436928721189855	2.194701772419951	1.7788465346146825	0.6989739322478032	1.5900536055015222	0.9725467809191639	0.36388516868641724	2.794466583161807	0.5629778047473474	0.5686897809628759
2.5307968290724725	4.528465502694207	4.357585956634382	2.701676375132394	3.5436928721189855	2.122894897814663	1.7788465346146825	0.5971200675817019	1.660449010616292	1.0067812887687584	0.292020828019601	3.031680037872786	0.5920301666741162	1.0217514057849344
2.3385943312723088	4.638306551268357	4.278591243425764	2.6983096391148487	3.6260543213449883	2.1301625216012403	1.7788465346146825	0.5253929781599804	1.660449010616292	1.0067812887687584	0.076457061341487	2.98234004544774	0.053734665681267724	1.0726183930049253
1.6642734930872567	5.284832098793782	4.254166901628407	2.6949386902527026	3.6312742137233833	2.105370830858116	1.8558855852301275	0.391735208352772	1.660449010616292	0.9405407081784949	0.5555416021648092	2.9717186085558276	0.04831290380883002	1.061987897606946
1.6118294252668635	5.219200050178972	4.17538570895297	2.6556437664927057	3.6444071160247513	2.1125132435458536	1.9608287993641382	0.32009642836668833	1.660449010616292	0.9405407081784949	0.655972525341084	2.9717186085558276	0.07249210484623768	0.9155322106570202
1.6092243177484438	5.150261204074969	3.9539803415017296	2.8055051803219295	3.7034780109963257	2.2835319537307757	2.065951663279666	0.14715056563575146	1.660449010616292	0.8464709022892533	0.4912776833420348	2.5757044514429035	0.3967783546846313	0.7930600245232996
1.7592172524950656	5.055006291291969	3.930472349700741	2.883751194085854	3.7034780109963257	2.2903804593569244	2.065951663279666	0.04591212249176025	1.6397391945901436	0.75253234267885	0.5325042561835682	2.3344162522439853	0.7200268234743846	0.6426349433733366
2.6500994550156047	4.745722907355128	4.278743155242016	3.117079207128819	3.821727134665734	2.3571743633623403	2.065951663279666	0.2388711102141828	1.5692647165848401	0.75253234267885	1.4155696636755175	2.5637792841870612	1.39710320053096	0.28328256319086265
2.741521045024918	4.663790879548372	4.29237771193433	3.11293421263866	3.7983568966330052	2.222223403705947	2.1712539291192767	0.45160910318723557	1.5692647165848401	0.6603046115962244	1.3844414218302206	2.4230408161915076	0.36624611371455257	0.05112250519714394
2.893148209177497	4.568011634474069	4.2705465859512195	3.190613257700419	3.7983568966330052	2.2670173306510706	2.1712539291192767	0.4844942213036662	1.5692647165848401	0.6603046115962244	1.328944744102899	2.131809261833829	0.21938694171387935	0.34078029799773035
2.979860012060248	4.500239525833916	4.22064902198072	3.259450515913561	3.8849021069132785	1.901633060733985	2.2482600725537703	1.0822671031493836	1.5692647165848401	0.5962751635534553	1.8130507106972877	3.8481555824303806	0.28457934615130737	0.046555554846154694
2.6812543173455134	4.62704333542762	4.107898532266659	3.20039912050648	4.098543439226206	1.6944992530197585	2.5021454728293504	1.7401773560778644	1.4755153942836496	0.4666817584482771	2.432850799467987	5.543618594771884	1.3882676332015749	1.657020568843555
2.582762095781496	4.734793082085369	4.045040893193308	3.2725142846737953	4.208394203401473	1.7779530708775115	2.4018345044569274	1.7802431142168507	1.5471612177027678	0.49646296583995364	2.904076239550307	5.729945973078369	0.8085910919410608	2.4900256321520566
3.9080182471704994	4.0492982486574585	4.51358934269429	3.443727153133787	4.42739433738676	1.6794883768190623	2.4689172461389974	2.3061539455473534	1.5471612177027678	0.46240955171521964	4.923472398681284	7.256227117974981	1.112489646867294	1.3704510177998022
4.048438833429265	3.836081262474315	4.525987036802553	3.3585330591009623	4.540850210940221	1.755323808151885	2.5164908979506952	2.3061539455473534	1.4767892672824063	0.46240955171521964	4.790006468590934	7.059460077945501	0.9542449227565305	0.6138245072603418
6.233135775858346	2.54740891635862	5.323717016287004	3.456827675929859	4.435644432637321	1.7946069901398505	2.942484213128137	2.7158025241173096	1.4274938237551307	0.3971423624915909	4.020437759237829	4.297045602026106	3.398217815248319	4.371654905717735
6.652294468262466	2.3578181645321714	5.511637881865393	3.498474750929239	4.464629066622986	1.8714326851714072	2.9134995791423504	2.6806239040855098	1.3573033638324852	0.3971423624915909	3.689859680769379	4.040056798956425	3.936880005721589	4.219949106433648
7.380937863468704	1.8096557332763286	5.500031110467974	3.690562486276897	4.248125466429851	2.0153339684349976	3.2663533410971293	2.7929704431583025	1.3105707178162926	0.42901909345158706	3.206251712167082	5.230531342357742	0.8093077770716831	4.233857030341681
7.609490384956409	1.586008327332088	5.467101588088874	3.7283971241995255	4.282233320344786	2.166186317574678	3.38368994624678	2.7596712065158546	1.2388447333257542	0.3653628007452306	2.668668994870004	5.411132384827177	1.2139876852545843	4.164409375720795
8.092318321829877	1.404434020545853	5.794197281314321	3.702555061061328	3.959192162303512	2.1047736581526113	3.7926169081576138	2.7350289115331203	1.1672802332388053	0.4610784983261651	2.292750516621655	4.576789986853871	0.4646551785146706	3.7625995989420455
8.046346858429523	1.491952163326041	5.869704401115449	3.6685946206403273	3.8429287569263515	2.0292665383515	4.011844038030308	2.669360268501996	0.9526047988092914	0.46315415332499166	2.1642176073769948	4.411752192177513	0.4034468539773013	3.8485855289455935
7.774213528408639	1.2803957247924656	5.634873520200648	3.4197357330006084	3.7960328333168443	2.180168653997082	4.603246276687252	2.608958663325578	0.737746569984974	0.4949638247728829	1.0149097723058658	3.3382002536402697	0.8705268608734072	2.648411042684009
7.694652060093777	1.2600410966078255	5.618819950278963	3.3358732064224546	3.8504673601164465	2.3244270547361072	4.852936078238168	2.5096782172566425	0.5927676291399565	0.4616829018159302	1.1112008378351745	3.1873759982206202	0.9051528960510958	2.5527441107508886
7.167670050076962	1.3016409135901323	5.32188164476731	3.14742931889988	3.7685695226255316	2.5337679780930342	5.39719777706396	2.5475039033224856	0.5873515221552839	0.3058784669537905	0.05937022449292889	2.2709499163335045	0.6356626315007056	0.7108197286758883
6.770996819265703	1.43057735914313	5.255096355670642	2.9464778227378776	3.9263524330287987	2.4547978344927	5.39719777706396	2.517527880134626	0.6086366996560109	0.24481915019481446	0.5802402652649842	2.160996041478099	0.762535301648563	0.6644821944316854
4.762129320831526	2.5618824382838805	4.488576791108763	2.8354349680066613	3.6239819349488753	2.3015953927498707	5.61369915364961	2.3885292374518134	0.6546934073961546	0.12050679372371703	2.365827378777192	1.2251011473562177	2.8604438236009915	1.7218649721240338
4.356823572984085	2.627721471763515	4.4218511740462825	2.5626938707012954	3.6294157886354648	2.1771048435892717	5.663795577453374	2.318925382999791	0.7477673222309986	0.3062067502340228	2.5072150634587906	0.8609147168318405	2.334504383499636	1.9662837574400645
0.12118696913247944	4.177549798339215	2.996399421964282	1.0599634072380262	3.3013750430450584	1.5596662485308528	6.519801751657028	1.734448340148646	0.6516830003351709	0.8659601167805716	2.86561538829796	0.9028129863300021	2.696738277298696	1.8479860155119219
0.8333848672951788	4.402633919731198	2.9753246507636395	0.5939244016726902	3.5298794198109427	1.4616615060113076	6.520349547906197	1.487669453486038	0.6486657230946963	0.8631987460987778	2.726919555244301	0.926714417577483	2.6923546473153017	2.1846685270681077
0.12690916739978036	3.975455750362701	3.0815165778061315	1.0208483399634647	3.672685613479669	2.026264096201899	6.3755097475956	1.2748722274502713	0.6666418754859817	0.9226220271046626	3.294908917353561	1.043928360004448	3.2452808911717965	2.1085540385895714
0.43793123308402143	3.7932933066880192	3.053308399439749	1.1779161403329839	3.8217603628816486	2.109798286243784	6.115556524422667	1.3106123315015783	0.7397268429787512	0.8583786379967049	3.4065786933189703	1.1367462661581902	3.4720710344596384	2.439654258051215
1.1562004047015728	3.623461487793163	3.600305956065768	1.1793559364281014	3.7344483812197335	2.222844083948352	6.266411101852777	1.1782728160388316	0.7168365729739654	0.8554131498020534	3.7906754444732345	2.4683718529649368	3.865394459824384	2.32878873883799
1.3054509269782064	3.559952634943515	3.685773327225768	1.1796302346960645	3.748166440065288	2.3072389497976244	6.372027182383865	1.2134863878343194	0.7168365729739654	1.2343266792462864	3.79256165460454	2.411095934616904	3.6974724147681255	1.8701547564274361
1.0493896516806351	3.650860238496695	3.519180660409857	1.1810692297670473	3.7891210475073365	2.4207399534190883	6.490466691063889	1.1423789867253944	0.598397064293991	1.1425712867070563	3.7597904550831207	2.7777763853767943	2.4980568310029247	1.3592714525682026
0.8122946911023441	3.6139643497227345	3.322665621426765	1.10359341939777	3.8625408653888376	2.3432641430495207	6.439679585356046	1.0769627715313976	0.575764352120521	0.9546146293445228	3.9733360768259804	2.7192567631980573	1.8973363432517807	1.1408302931385899
3.347639307699985	3.2233916956047133	5.269009201044524	1.3020218022600243	3.9165473719370696	2.598562333110992	6.535674690964573	1.1475192887627343	0.5531890643927012	0.7698030652172908	2.8418761820649454	0.5546424557984955	2.663141449336299	0.028934631592697723
3.018860128921477	3.291450909679081	4.970864641228002	1.3394463973723731	3.853185302998495	2.825799926397309	6.68226592491452	1.1370796212138317	0.5531890643927012	0.5201131121627602	3.192569593849913	0.1172757096861595	1.7285691559991978	0.5355255571965493
0.5246518775663634	4.401336715939859	2.6148477284327254	1.2618371099413417	3.706925931693345	2.7129355107853548	6.755858690617032	1.2377629151831395	0.6258556699953275	0.3612735419710584	3.1105364171796066	0.9025413747882675	0.8929779713781733	0.3646827714385614
3.025908020919583	4.045703578209638	5.647958728297824	1.423652870831467	3.6720573240559844	2.870792102219051	6.64274225408259	1.1356766498387658	0.5585503335782742	0.21436827991686205	2.545651541340162	1.6987225663614063	2.389614510094912	0.3772346418666665
5.247491697226869	8.034890446056009	2.7447936205296557	0.04260512828666872	4.2017769459457055	2.2020027970350453	6.811668832874254	1.0993802036071114	0.465986107905084	0.043872203507911545	0.09575972738733093	0.30434525025601616	0.3669216781310253	2.3136252018226307
5.899670462632828	8.246929350121588	2.383584349048685	0.036325461541439646	4.128781041578362	2.0523913537156355	6.9797350805989185	1.1700610570671854	0.34968248236410837	0.19731342716206607	0.382696768598022	0.21148085249409362	0.6564048689258689	2.5485763353878537
6.32455670273374	8.279303705021642	2.700480525799381	0.7457335235117095	4.48125886338832	2.058323025249347	7.019769143989909	0.8164933656654101	0.34968248236410837	0.28988175559352714	0.864742494931552	2.695019120484054	3.0548797229686198	2.2283833409732554
6.44537685641491	8.307958384095835	2.7230424801109114	0.860460952430794	4.5164690050316585	2.0508871435385454	7.019769143989909	0.8100272997559561	0.4407957806565103	0.0955008059066833	1.169653565838113	2.7896314463238334	3.170568449675219	2.4554643392673556
6.381512035697377	8.244093563378268	2.844733850800662	0.9821523231201559	4.5164690050316585	2.0013652889383877	7.042256264090425	0.7378577836661567	0.48824023743345407	0.2936994291254912	0.7797905430316401	3.338874459457688	2.160179328257386	1.9299268263982934
6.5619432360334295	8.094976536958507	2.9880791646585836	1.455045863733344	4.7827926702711006	1.9413473359499753	7.009461508397061	0.5585111055861743	0.46716210369602046	0.42857599907912935	0.9655124486221734	3.543184349360879	2.279645634698929	1.7045837519684317
6.714707860792855	7.905760426734972	2.956953310968374	1.7659007450261293	5.004720391800805	1.961155537964051	6.976749897091058	0.48274986287283844	0.4460323775048167	0.2329907470015357	1.050105815169664	4.3010763272289445	2.415320204124222	2.445029726372375
6.630295977666301	7.787377261856733	2.877013278915201	1.7199319947247032	5.0713204350200725	2.0755070428522493	6.966551505602331	0.5140944515114662	0.4236020075251655	0.037606446271078994	1.035200430669858	4.403152303881292	2.8293118966762845	2.556466146258613
6.658237834664869	7.625777462912743	2.8859127870089942	1.9183731587610822	5.148320239563623	1.8819136385203983	6.966551505602331	0.5862464963513301	0.4236020075251655	0.00751169613027755	0.9586517609288464	4.749881346873687	3.0559540109437515	2.8203312212724643
6.8626912916131335	7.980195098751166	2.912580405340615	1.7950765982026333	5.079848008213	1.8336524067765787	6.829070916232531	0.617677800034571	0.4236020075251655	0.03656029356670635	1.004866858913423	4.796712822897084	2.931152560381929	2.931775144523924
6.921405574908029	7.84047865548549	2.826286602912423	1.9072135223351925	4.998629192236562	1.7127671107914026	6.901541360356691	0.617677800034571	0.4726374964770317	0.05831463594639487	0.47410816831417046	4.954101438811994	2.9883085395017033	2.9787640172883845
6.955697166587609	7.742915299579885	2.6912335646708416	1.904015431678554	5.075160587976628	1.7924965971884088	6.901541360356691	0.617677800034571	0.5429062954824221	0.05831463594639487	0.6273743452638957	5.058292514317754	3.0469993965016444	3.087183336129333
6.8621027245326065	7.594181901727389	2.63609460887326	1.904015431678554	5.179939687258332	1.8610278086194674	6.796762261075029	0.48332025650178084	0.5429062954824221	0.04224409080158886	1.092319995078309	5.478863147936069	4.854768713119445	3.4533162505310426
6.821614759511968	7.63684880717215	2.6765825738939912	1.8613485262336824	5.169499845729107	1.9670364091699932	6.764535197159465	0.37731165595111144	0.5429062954824221	0.1722395579379224	1.3638291832990113	5.5769347915719285	4.961760168962588	3.4529408598277413
7.278258420354834	7.806614165190192	2.4307457816417988	1.9023900368061817	5.169499845729107	1.9979521266323665	6.764535197159465	0.30535442791375916	0.5429062954824221	0.1421818757922017	2.1186238653536322	5.607704288673697	1.795135676387989	3.71874871437584
7.278258420354834	7.806614165190192	2.4307457816417988	1.9023900368061817	5.169499845729107	2.1038354784620195	6.764535197159465	0.19947107608356013	0.5429062954824221	0.1421818757922017	2.200748111710057	5.655028725652358	1.76591234465117	3.875872166051415
7.19347005529559	7.87486139350505	2.4307457816417988	1.7493544434321369	5.0486100133963685	2.1038354784620195	6.732389436117962	0.19947107608356013	0.5639313042211298	0.1421818757922017	2.0334477807912057	5.655028725652358	4.377118564428703	3.766073151354595
7.108493062336747	7.8322964749155375	2.4716734267476284	1.7478700141688053	5.006197939027073	1.9909357372526724	6.732389436117962	0.27144317218886566	0.5849048435674715	0.1825825609238997	2.2879236718031826	5.761105330578565	4.5687209105778965	3.7621285334058823
6.8640620087120885	7.913864966692887	2.567482480555641	1.5176795225749538	4.920751978347134	1.957024481526261	6.565214535225227	0.2395983664400717	0.6073352135466779	0.37540183584320436	2.231624512633967	5.809747669778482	4.583296521103612	3.8249830416724833
6.80921399859419	8.067890927819281	2.6223304906739644	1.3636535614484486	4.839219568254266	1.957024481526261	6.5651385677826335	0.2395983664400717	0.5349176299554463	0.504276215835268	2.3241515601005056	5.758361352599928	4.5978970572151825	3.71874871437584
6.72391584180322	7.982592771028359	2.5428773608515867	1.2842004316264495	4.839219568254266	2.0364776113483654	6.5651385677826335	0.2395983664400717	0.5558398830728356	0.568609898702649	2.3613639015621852	5.758361352599928	4.582743261019355	3.608727491501101
6.745946324044603	8.00462325326979	2.7815769864686657	1.5229000572435136	4.839219568254266	1.7977779857316507	6.5651385677826335	0.2395983664400717	0.5558398830728356	0.40924474153148643	2.168356838084355	5.971005383310898	4.414809709983587	3.711128229751611
6.6828664142094025	7.8644738178398255	2.861370221604569	1.6797628179740436	4.948133028327088	1.7900273138094778	6.533294633304553	0.1675558032283065	0.5558398830728356	0.3448292062483461	1.9208352563239997	5.971005383310898	4.492449579594511	3.6536275727668253
6.564941806640243	7.80158099032915	2.8366087665273025	1.599969582838061	4.948133028327088	1.7977779857316507	6.533294633304553	0.2395983664400717	0.5558398830728356	0.44297563451220745	2.1055778691861153	6.0260371633693985	4.351615941536292	3.6536275727668253
6.318015597031417	7.95583310154504	2.7654957167500918	1.1276782122369	4.793880917111339	2.0438600170822494	6.533294633304553	0.37731165595111144	0.5975312590847546	0.703740561416667	2.446279121618935	6.225780214018582	4.117946774141594	3.606444413807354
6.159732380266278	7.970422290088389	2.6237351796620274	0.813045269840207	4.716585303230488	2.2811973455975787	6.533294633304553	0.37731165595111144	0.6183007441278051	0.6731090662830894	2.4461178741919944	6.273997855087052	4.1626639601632105	3.669174593122803
5.581755266083442	8.07623715985882	2.7601454572938584	0.2656635635171563	4.493858200878264	2.637695884045644	6.637612736470985	0.37731165595111144	0.5458265754391982	1.0547848110118987	3.664953677218368	5.98322572259637	2.7514974951010793	3.4910310170083125
5.581755266083442	8.07623715985882	2.7601454572938584	0.2656635635171563	4.493858200878264	2.637695884045644	6.637612736470985	0.4078749824567634	0.5665454985591921	0.9583961655243978	3.383017936259141	5.98322572259637	2.8195993487075066	3.5999399540720805
5.363697805431575	8.197408739732255	2.9429317145957836	0.10922078029564915	4.4258302564139615	2.652026784948373	6.66953739916563	0.5138835830070384	0.5458265754391982	0.8640910890796937	3.820570568614641	5.497229509336296	1.9365599316831346	3.6740615449964915
5.7021161317524545	8.457928984597311	2.9429317145957836	0.1871188617534413	4.5037283378697985	2.545878516481458	6.66953739916563	0.6200318514744089	0.5458265754391982	0.8640910890796937	3.575774309900761	5.547314045971496	1.9949734514160664	3.8910968606695584
0.6044760365250709	5.714619262116277	4.790805324989148	0.3193379006038443	4.330985967385707	2.9093071300620146	6.733630060362677	0.654410290961359	0.5458265754391982	1.1177802636607905	4.860450447701382	5.61056181030464	2.1416621181525985	2.3461740749760627
3.3670524763856626	8.143092069459701	4.456701692471252	0.3193379006038443	4.330985967385707	2.9093071300620146	6.806160648306407	0.654410290961359	0.40349492179231344	0.8969032563994304	4.258878443892413	5.8463234897667125	0.36932917322291625	2.8103492967532935
4.221919869202454	8.587485324290448	4.244918735948178	0.12064671913925765	4.373010311246185	2.8246357889819897	6.806160648306407	0.5824147944384165	0.40349492179231344	0.6758056450647263	1.322336874883221	5.427349579152665	1.1188902273095835	3.494938283815282
4.250685985829423	4.166550323887046	7.554097514031974	0.8631387956840599	4.0858394885102545	3.336027579512873	6.862231185028484	0.6129080743529914	0.40349492179231344	0.6758843496851946	4.027396009204598	3.7840182421456108	5.714834136553183	1.0399818691331604
4.742911099080862	3.821353646191078	7.2283523830279055	1.3359123622439342	4.02038678587798	3.3475456169589832	6.610332898076391	0.7568126138824041	0.40349492179231344	0.7393821255605658	2.860658496760508	0.2925654382315862	4.160327537222367	2.6544003302755184
4.644353034563643	3.937135138270672	7.243601561090589	1.3378866117436357	3.9407594516754383	3.2353580757381124	6.610332898076391	0.7913470703996344	0.40349492179231344	0.7393821255605658	2.7415894086214174	0.782028695571176	3.741841510657583	2.7911757844517378
2.7776454079215833	7.2821897662012125	3.5939301404976627	0.910614217781548	3.930655201100644	2.974427173788817	6.748869334673218	0.8259683523542871	0.45517845146693353	0.5486867237359171	1.1113370640515714	2.5943960023966137	1.2351078031245974	1.8649983821569962
4.137444845467673	7.996672611954817	3.1064740902444914	0.7527536762423206	4.010130459264962	2.826537639029256	6.748869334673218	0.8954726037377788	0.45517845146693353	0.6455371490612903	0.8165507820430796	1.168678720483965	1.4670879280032016	0.15946690089800722
4.420423530215438	8.268356200988395	3.0899904313190327	0.7579422394533184	4.064238290563714	2.5319987699085584	6.705782835447837	1.1772168826751535	0.3604661464607009	0.7112449685976818	0.9792388923285522	0.25116078129973546	0.8763437412449442	2.3791446054460597
4.238813368515136	8.10253133386458	3.1849764999653254	0.6787414653845312	4.143439064633701	2.3884140366080895	6.727908506464225	1.35116590871825	0.3383404754448514	0.8050528285788121	1.2730386146276693	0.1789121344359317	1.0835193704904689	2.5739024002743043
4.3017951348630525	8.086427827446583	3.2635960033530003	0.5210366892302586	4.222524337399733	2.3097945332203507	6.800328918402179	1.416884103261536	0.265920063505944	0.8707710231224216	1.3744637597964022	0.1789121344359317	1.6602006804537734	2.8485779862221525
4.2070032533052535	8.086427827446583	3.4009525215794634	0.4784720525614917	4.222524337399733	2.2307776800059953	6.800328918402179	1.4835717496638123	0.265920063505944	0.9339946570029852	1.4372339322263659	0.11933623623710853	1.8735339203592891	2.932145556643433
4.183236928105815	8.025599586238716	3.4009525215794634	0.44141013655217537	4.259586253407979	2.2307776800059953	6.800328918402179	1.4835717496638123	0.19609231864359214	0.9972499942062695	1.4610002574259222	0.11933623623710853	1.8735339203592891	2.932145556643433
4.361222916221385	8.364494688233544	3.563823368813911	0.4394484031974679	4.271802181840277	2.1025653731012395	6.735554923255841	1.5149543465815232	0.17254602579639527	0.9970413813615058	1.6732909104422327	0.49782440492350855	1.7300404320079739	2.8058224657324806
4.361222916221385	8.405944408653514	3.5276847116570593	0.5170367807756648	4.408547667301903	2.2086430116766826	6.535400512562784	1.445015365163357	0.1455754382186783	0.9970413813615058	1.7718757614784817	0.6554865245946285	1.6568249535903754	2.7268434329903912
