0	1	2	3	4	5	6	7	8	9	10	11	12	13
8.217266866642738	4.373485837526943	8.037709411945285	4.553043292224394	5.5705451663576895	2.6023178682646217	4.368430500823028	2.529750007574682	1.502793884825966	0.4359240812244341	2.063140241591911	4.877625941029565	0.6419592042745922	3.8859354852705543
8.169744797773644	4.424907292866701	8.057548965766237	4.53710312487422	5.693258662283706	2.5869490352676117	4.192991598739354	2.4558067526910574	1.4893233170238653	0.4681001922839329	1.9995415429549273	4.854733340483841	0.6881107198605694	3.919942126672034
8.166708704070915	4.451550480317081	8.072044796547926	4.546214387840141	5.708679410099605	2.56885074455995	4.153515385369154	2.435090932366955	1.4550326790690844	0.4560568136707834	1.9727091945789688	4.854697431549314	0.6896977378046486	3.933256202755518
8.144037545322567	4.454516828508192	8.06899494567638	4.5295594281543865	5.781509696056896	2.583688280692427	4.072810767441745	2.39257890997996	1.4611326907695072	0.45771023638878877	1.9743978058623297	4.8771948552826485	0.6828893906206209	3.9081905060246993
8.124691138752334	4.455625988585982	8.05977972296531	4.52053740437303	5.841322577037107	2.582983694162102	4.02140836481284	2.3788537252227973	1.449838847382974	0.49218229225392246	1.9750012972875661	4.88690379615257	0.6834296084126518	3.9050619362669967
8.159128925746204	4.425072918680548	8.046805746962285	4.537396097464554	5.850657364667682	2.5924938417178054	3.996693651420582	2.3649133927887536	1.453896839517977	0.49991955640689456	1.9355147816469251	4.881713807631054	0.6674462364713349	3.9064501119221293
8.139767355861458	4.434588397442739	8.053205824118992	4.521149929185274	5.883393512193283	2.5612250474352125	3.963957503894998	2.3514238921290294	1.4595546637286938	0.5070814984104381	1.9449796507442103	4.8718677165085085	0.6674968461363804	3.914709587779027
8.12079158810316	4.47177819130538	8.04537687572637	4.547192903682231	5.8908937667208905	2.568938824876527	3.9322581046141494	2.3376085357445517	1.4654041897250687	0.5138945815356456	1.95503920896338	4.880835323040174	0.6598250515667212	3.913863306844863
8.118088237639169	4.489679098926804	8.043742270531167	4.564025066034915	5.8824922654607255	2.5698344798889377	3.9322581046141494	2.3452499449116093	1.4561635197704812	0.4932510639052381	1.9556057245100782	4.896672607849388	0.6686050094899191	3.9212674094594835
8.108275529377595	4.489661703067921	8.05848468524533	4.539452547200277	5.901277551221721	2.5452793569132117	3.904215657529631	2.330702753188436	1.4654380769529556	0.49435426558231943	1.9556057245100782	4.8958878711006895	0.6767031908145192	3.9204716351343563
8.115459996632453	4.514477005602287	8.055503471648617	4.574433530586208	5.882660544581488	2.55264007904133	3.872594167568239	2.3160588878543282	1.489947174419737	0.5143102379754535	1.9185908244634975	4.901912449566565	0.6954687990570255	3.9114658430717237
8.115523442074632	4.505275233760016	8.055503471648617	4.565295204186069	5.917544949992682	2.55264007904133	3.8468480885572354	2.3160588878543282	1.480717416734895	0.4929437586347059	1.91852737902132	4.910939411144116	0.7038061889672176	3.902438881494202
8.084403712118963	4.532720192933826	8.058323631614307	4.558800273438486	5.917773681198267	2.5444630049367016	3.837483884569225	2.3152316687674883	1.480717416734895	0.4926660240807645	1.9190708612075695	4.907167779727174	0.7215721931723106	3.8937342851173065
8.091238214223699	4.541120397063669	8.073588794811515	4.5587698164758566	5.909428416263315	2.5360323438441834	3.837428945374332	2.314564551635427	1.489974914014575	0.4933331412129826	1.9190708612075695	4.93045320842046	0.7133760418411246	3.8776962742974175
8.091238214223699	4.532737570793135	8.073006559513514	4.550969225503335	5.917811242533805	2.5364540252881915	3.8467491222049666	2.3213190285249143	1.4899232324386122	0.4796438864122799	1.9101881072357585	4.93045320842046	0.7303439081660833	3.8776962742974175
8.098100853473992	4.532757886536732	8.079869198763811	4.550989541246932	5.917790926790203	2.5292190468463134	3.840813810805327	2.3285540069668524	1.5107403673120114	0.4796438864122799	1.9101881072357585	4.937315847670756	0.7384281175412798	3.8776962742974175
8.104972454332769	4.541897601683993	8.086740799622575	4.560129256394183	5.9017027608706245	2.5292190468463134	3.847762261577634	2.3146740779387396	1.5107403673120114	0.47925389901299287	1.9012719602318773	4.944187448529537	0.7391075240460768	3.8776962742974175
8.104972454332769	4.550277617232506	8.095162905205774	4.560087166359486	5.890932393900978	2.5281587437458253	3.8501526129987638	2.321183106540041	1.5107403673120114	0.4645298529021058	1.9012719602318773	4.944187448529537	0.7391075240460768	3.8776962742974175
8.098100853473992	4.558659054755901	8.088291304347008	4.568468603882887	5.882550956377593	2.5281587437458253	3.8501526129987638	2.313901948177764	1.5107403673120114	0.46391125449862125	1.9192386784221114	4.937315847670756	0.721140805855669	3.8776962742974175
8.106447178504006	4.555161488878093	8.098978122963246	4.562630544418868	5.838114907003408	2.5241296830037747	3.859530474629269	2.2464946527567484	1.5015375365768422	0.4464204006717149	1.8718168200547705	4.94014734680985	0.7219217982484358	3.837417025473464
8.116654758706362	4.544953908675721	8.098978122963246	4.562630544418868	5.838114907003408	2.5316179162996275	3.859530474629269	2.231661484886326	1.5015375365768422	0.4537653352463152	1.861609239852373	4.94014734680985	0.7219217982484358	3.845323419999886
8.116654758706362	4.544953908675721	8.098978122963246	4.562630544418868	5.838114907003408	2.5316179162996275	3.859530474629269	2.231661484886326	1.5015375365768422	0.4537653352463152	1.861609239852373	4.94014734680985	0.7219217982484358	3.845323419999886
8.116654758706362	4.544953908675721	8.107371650443712	4.554237016938409	5.847514751599312	2.5232243888191666	3.850130630033359	2.2243267177753103	1.5015375365768422	0.46110010235727894	1.8526089629834894	4.931132097857039	0.7309220751174269	3.854338668952689
8.109792119456067	4.544953908675721	8.100509011193425	4.554237016938409	5.847514751599312	2.5232243888191666	3.850130630033359	2.2243267177753103	1.4921390182441565	0.46110010235727894	1.8526089629834894	4.924269458606751	0.7309220751174269	3.8461365088105928
8.109792119456067	4.544953908675721	8.100509011193425	4.554237016938409	5.847514751599312	2.5232243888191666	3.850130630033359	2.2243267177753103	1.4921390182441565	0.46110010235727894	1.8526089629834894	4.924269458606751	0.7309220751174269	3.8461365088105928
8.109792119456067	4.536605990877774	8.092128331709077	4.5542697786248105	5.855862669397255	2.5316050683035254	3.850130630033359	2.2243267177753103	1.4921390182441565	0.46110010235727894	1.8526089629834894	4.924269458606751	0.7309220751174269	3.8461365088105928
8.109792119456067	4.536605990877774	8.092128331709077	4.5542697786248105	5.855862669397255	2.5316050683035254	3.850130630033359	2.2243267177753103	1.4921390182441565	0.46110010235727894	1.8526089629834894	4.924269458606751	0.7309220751174269	3.8461365088105928
8.109792119456067	4.536605990877774	8.100509011193425	4.545889099140475	5.855862669397255	2.5305627424189296	3.850130630033359	2.2169883641755503	1.4921390182441565	0.46110010235727894	1.8615923061335506	4.924269458606751	0.7219387319675025	3.8461365088105928
8.11994036127362	4.5264577490602305	8.100509011193425	4.545889099140475	5.855862669397255	2.5305627424189296	3.850130630033359	2.2169883641755503	1.4921390182441565	0.45404125959595953	1.8514440643160262	4.924269458606751	0.7219387319675025	3.8461365088105928
8.113063598901448	4.5264577490602305	8.09363224882125	4.545889099140475	5.855862669397255	2.5305627424189296	3.850130630033359	2.2169883641755503	1.4921390182441565	0.45404125959595953	1.8514440643160262	4.917392696234583	0.7219387319675025	3.8461365088105928
8.113063598901448	4.5264577490602305	8.09363224882125	4.545889099140475	5.855862669397255	2.5305627424189296	3.850130630033359	2.2169883641755503	1.4921390182441565	0.45404125959595953	1.8514440643160262	4.917392696234583	0.7219387319675025	3.8461365088105928
8.113063598901448	4.5264577490602305	8.09363224882125	4.545889099140475	5.855862669397255	2.5305627424189296	3.850130630033359	2.2169883641755503	1.4921390182441565	0.45404125959595953	1.8514440643160262	4.9249286478248555	0.7219387319675025	3.838600557220318
8.113063598901448	4.534805666858178	8.09363224882125	4.554237016938409	5.847514751599312	2.5305627424189296	3.850130630033359	2.2169883641755503	1.4921390182441565	0.45404125959595953	1.8514440643160262	4.9249286478248555	0.7219387319675025	3.838600557220318
8.113063598901448	4.534805666858178	8.09363224882125	4.554237016938409	5.847514751599312	2.5305627424189296	3.850130630033359	2.2169883641755503	1.4921390182441565	0.45404125959595953	1.8514440643160262	4.9249286478248555	0.7219387319675025	3.838600557220318
8.113063598901448	4.534805666858178	8.09363224882125	4.554237016938409	5.847514751599312	2.5305627424189296	3.850130630033359	2.2169883641755503	1.4921390182441565	0.45404125959595953	1.8514440643160262	4.9249286478248555	0.7219387319675025	3.838600557220318
8.113063598901448	4.534805666858178	8.09363224882125	4.554237016938409	5.847514751599312	2.5305627424189296	3.850130630033359	2.2169883641755503	1.4921390182441565	0.45404125959595953	1.8514440643160262	4.9249286478248555	0.7219387319675025	3.846438762093775
8.103624614748194	4.54424465101145	8.101997364064012	4.545871901695651	5.854545610796692	2.522197627176149	3.849084889484883	2.209736347236247	1.4861538995953305	0.4549449007505139	1.8608830484693282	4.9249286478248555	0.7137291285283753	3.846438762093775
8.093417034545837	4.554452231213822	8.101997364064012	4.545871901695651	5.864033349641655	2.5295357299796812	3.8395971506399236	2.202398244432722	1.495552417928016	0.4549449007505139	1.8620903518028065	4.9249286478248555	0.7227294053972253	3.854587422788006
8.093417034545837	4.554452231213822	8.110364276952689	4.537504988806962	5.864033349641655	2.5211688170909405	3.8395971506399236	2.202398244432722	1.495552417928016	0.4549449007505139	1.8531238787707984	4.9249286478248555	0.7316958784290976	3.854587422788006
8.093417034545837	4.562784150145781	8.110364276952689	4.545836907738912	5.855701430709691	2.5138304634912187	3.8395971506399236	2.209736598032482	1.495552417928016	0.4549449007505139	1.8531238787707984	4.9249286478248555	0.7316958784290976	3.854587422788006
8.093417034545837	4.562784150145781	8.126575609345183	4.529625575346427	5.855701430709691	2.497619131098731	3.8455324620395657	2.209736598032482	1.4988468642133348	0.4549449007505139	1.8531238787707984	4.933941359718067	0.7316958784290976	3.8455747108947858
8.102937967740585	4.5532632169510245	8.126575609345183	4.529625575346427	5.855701430709691	2.4974694837505216	3.8455324620395657	2.209232046100469	1.4988468642133348	0.4555991000307897	1.843602945576034	4.941494098059912	0.7316958784290976	3.845887747803715
8.100989392815853	4.57022473418121	8.14035417896855	4.530859948028512	5.818285200734347	2.458066410383576	3.8571609782544947	2.1814373532276607	1.489573445597065	0.47150866022741894	1.8703746147531295	4.953157142726714	0.753763832541197	3.862647863909102
8.094098470833906	4.5793890927327086	8.133463256986595	4.540024306580004	5.806535923440283	2.457917226651641	3.8597458969970533	2.1815865369596215	1.489573445597065	0.47150866022741894	1.8882406160481509	4.953833221947503	0.7441777445591916	3.8629606771851948
8.103639644094292	4.569847919472327	8.133463256986595	4.540024306580004	5.806535923440283	2.457917226651641	3.8597458969970533	2.180934231071477	1.489573445597065	0.47925844318309746	1.887632333777831	4.953833221947503	0.7352448535690277	3.8547697384381845
8.103639644094292	4.569847919472327	8.133463256986595	4.540024306580004	5.806535923440283	2.4504524036817616	3.8597458969970533	2.173948734842699	1.489573445597065	0.49370876238166866	1.8966156769278892	4.961414516921158	0.7345554653264629	3.855081274117302
8.113201102919177	4.560286460647464	8.133463256986595	4.540024306580004	5.806535923440283	2.435556719564483	3.8597458969970533	2.18163419329685	1.489573445597065	0.5009189880448827	1.8960206594243207	4.961414516921158	0.7338970437116149	3.86298766864374
8.147041019051754	4.503024347407188	8.113079760702597	4.536985605756343	5.759972947971536	2.4226932379364405	3.8936760896303357	2.0951263154907864	1.482467921791194	0.5953060568589778	1.9941510066258876	4.977812242399154	0.790224233593246	3.9145705068988135
8.142760305078022	4.484400788972112	8.09932598279319	4.527835111256949	5.759711447194945	2.429944195046247	3.893747978236027	2.073231469930273	1.4917424789736098	0.6098843958217971	2.002595949082441	4.962556454801216	0.79734990383712	3.9397242888064032
8.229924292572447	4.384679949680485	8.08682517627914	4.527779065973817	5.678541821207006	2.3965857180290264	3.9253715638573055	2.0314021772305186	1.5070160669422261	0.6408908980661793	2.0502422096063326	5.024994229591686	0.9295888933951687	3.99062510859795
8.290014676640036	4.360947639173716	8.15111386870941	4.499848447104388	5.591288537206711	2.3415267849682495	3.94184589805854	1.9805377997189533	1.4978565219689006	0.6290072538113214	2.1182157149591934	5.06449667100448	1.069935134314001	4.082971371417999
8.32227874741686	4.311740868635631	8.125047987878128	4.508971628174426	5.571415287206743	2.3695802774439993	3.9562340031966534	1.9447267030962763	1.4970701030131093	0.6426255220298025	2.1610905919767127	5.083443552647689	1.1656442554782112	4.085124765515981
8.374297024968373	4.240908525501172	8.129339919768674	4.485865630700791	5.561795435204984	2.3570012708926424	3.940037048162591	1.9150007829647855	1.497249773827104	0.6501755575136539	2.222014033668311	5.11535473718713	1.1628777473084249	4.161170876900387
8.461093592889105	4.131272354739495	8.101731444375353	4.490634503253275	5.549489095997298	2.340181409299075	3.8795988838708637	1.8497883890033486	1.481420474140748	0.6514578908392898	2.3423183383687394	5.231193156714648	1.319448632361699	4.42260960093343
8.48876358217729	4.029041088241249	8.060356852736692	4.457447817681795	5.604731413578983	2.3211586407503	3.7968288534383468	1.8280006718750084	1.5125584145890236	0.6584325020446596	2.4499688514707376	5.2780516390322685	1.4547044035070302	4.589257151756038
8.575033099001345	3.8934265753594492	8.010285343081227	4.458174331279623	5.601421269493595	2.257575963895753	3.728603279770276	1.8346266277254968	1.5347802023246333	0.6531370765530089	2.571891105364155	5.414688814639081	1.7005945462470795	4.80681813504352
8.602601839667589	3.871954195961767	7.971139596153339	4.503416439476015	5.589366868265891	2.2321930876763316	3.6413842110584684	1.833841953959998	1.5504184422131064	0.6529024145906793	2.6890030480101714	5.4528755227991015	1.7473922288368227	4.873588661470133
8.584373359370455	3.7356474985145423	7.792806008574785	4.5272148493102335	5.639183575178719	2.193796519473595	3.466503801220918	1.8027238374799446	1.569635410545751	0.6696391703363648	3.1136588973157067	5.682646904651544	1.9071544865235257	5.225741657377202
8.578764349599574	3.7483950199756557	7.75363664024087	4.573522729334397	5.614594299710283	2.1845067193855185	3.403938480001765	1.8161449363245448	1.5829119114265844	0.6563955510508824	3.1713532203663903	5.691143242438591	1.9095205085414972	5.259024362653179
8.441206624286329	3.875327364999192	7.756290877891188	4.56024311139439	5.671274779941129	2.0799107653537665	3.1246045908043487	1.7540218914517043	1.6335193087428381	0.6461243765141239	3.604881826217087	6.203231702992333	2.0343996040453294	5.825155042111935
8.34224187396243	3.9998387322378797	7.725296208022745	4.616784398177537	5.731545918193084	1.9992807785686066	2.8880709843547936	1.7298942959208379	1.611400472049196	0.6253656547294547	3.751591963582277	6.517364480321027	2.322450548763016	6.162288702142891
8.227709438343268	4.044217184117413	7.615019466345153	4.656907156115558	5.718349456336589	2.008030687544766	2.796502101202664	1.6637047766105042	1.6150436476982948	0.6442087855662048	3.753360281691888	6.716746414540946	2.5996276169519628	6.531902387027039
7.958020246287212	4.10309210112051	7.44873968777146	4.612372659636221	5.657282732871116	2.07646840892255	2.721676304454327	1.4482494691309784	1.6343450772817707	0.6772914222918343	3.8431112540497323	7.2817996776748375	2.842584082154264	7.100533639954107
7.562934473836047	4.187031899996977	7.17058445733904	4.5793819164939675	5.533786302548002	2.140449312750898	2.720036182279389	1.2469915582318114	1.6439332532986424	0.6914740050256069	3.8273221456938855	7.986374151129904	3.1628109169226235	7.851050242538843
7.4533774527071275	4.220642473110957	7.109632515222639	4.564387410595473	5.49055088531231	2.1748029844950985	2.7117009291847016	1.1784713424816262	1.6356842968575827	0.6833867800230345	3.858795028534324	8.068857201551909	2.981379807787871	7.783238413328848
6.972708551728722	4.284584128635365	6.763912244862753	4.493380435501373	5.397415085631224	2.2770459261649396	2.743368673437334	0.9107793806182874	1.6323756229603792	0.7037836005424158	4.167388282917187	8.502132922590723	5.020318572963563	8.197081772428453
6.804153461630783	4.353715757684265	6.677950966425961	4.4799182528890675	5.331593890772895	2.30979944596509	2.7748829200002736	0.7989867856451288	1.620600423134756	0.710355230393087	4.210799119190885	8.757911856098344	5.298726191534455	8.257038463568495
6.429942913911027	4.457047426734452	6.477408995826394	4.409581344819128	5.24573189637888	2.351703296032618	2.7809598717891766	0.5891863102760962	1.6546329252670848	0.7247928290746827	4.698453620139936	8.953944971920814	6.109916203155031	8.664050043492406
6.152724015599678	4.493373562014324	6.285196367550559	4.360901210063422	5.239204827801955	2.3703308145542574	2.7962054857974756	0.4979704761404105	1.6763296858728527	0.7452848841299405	4.8047665135915505	9.252986513306013	6.582969110895806	8.993778899563248
6.12481322801698	4.5454498208206955	6.325737506533646	4.344525542304052	5.20706140349614	2.3595536448364816	2.796224300543098	0.45237248210296777	1.7041452721854926	0.7317444676306578	4.845433162368452	9.100615729544156	6.618856881376267	8.836383293736104
5.2579558062283835	4.803277773067223	5.937575946084979	4.123657633210641	5.1580073807109565	2.2757514015146723	2.849574731474927	0.27775630074940655	1.8324802202834263	0.7680761733490975	5.203606578646333	9.567672036565572	6.356186940020994	8.863622297107677
4.666440190875348	5.038816487799491	5.689495284739323	4.015761393935416	5.168345803297673	2.2687822893640663	2.8591574753595936	0.20858817356926962	1.9265608093403526	0.789462096213148	4.917569396159094	9.59493018018385	5.615695411705684	8.758111331068212
3.7312664869750303	5.444725247672448	5.294892818624468	3.881098916023054	5.160543518248784	2.2847672780155595	2.893984772701401	0.1553372490993086	1.9770181883434492	0.8130094810996499	4.133452727600151	9.30316050208517	4.824678677102604	8.594629028994968
2.9040578343304424	5.785374753205898	4.883205659420738	3.8062269281155245	5.125312056436679	2.3019382235524737	2.924089068258423	0.1541925455294546	2.0334015858460583	0.8426527338253793	4.270833195146209	8.956706945226458	5.21116271329847	8.340905708164698
2.7294874330443757	5.855143037703342	4.846245548449722	3.7383849222979095	5.1091206491638745	2.3198210016882452	2.932830075116268	0.21454574944239355	2.040795378975337	0.8719091523110576	4.234469369843246	8.743178020833081	5.00058706213308	8.148602527847721
2.371380670075935	5.963529103770257	4.6733352339506515	3.6615745398955304	5.121804682522137	2.342785474518004	2.8822722357558845	0.36041844638789783	2.091285471949346	0.8862558479858875	4.383721356490455	8.289086969840495	4.337238245902722	6.529195547209215
2.4256893940888893	5.901363137452385	4.682027490306088	3.645025041235137	5.151175094982159	2.3863116958955612	2.836975516146724	0.44360005847998396	2.110137681438023	0.8871137615450851	4.253734056960444	8.024249214757472	4.289692951182892	6.502577511435935
1.7593426024184247	6.085326597189581	4.290531506989353	3.5541376926186046	5.152459305017637	2.3912812010926756	2.7945180504156206	0.5719442297497978	2.147618659955521	0.9091424427861335	4.461059106598177	7.944096340025985	3.848898354099079	4.97789847106085
1.7557494565083402	6.036289688155296	4.284711373163527	3.5073277715000284	5.157461200104677	2.3645320468191	2.771045358812371	0.6183068294828823	2.155137275634974	0.9248889264758269	4.905196194586519	8.187118811143662	3.4573456984463955	3.932664765458425
1.6342945213038558	6.018308175799402	4.149603149216541	3.5029995478866223	5.151517687915796	2.4167094959395072	2.7537679638370727	0.7117645094597261	2.1436029330040105	0.9826633465774193	4.7803204789658755	8.026822409431439	2.78516491899833	3.1316251536367368
2.1555738733954537	5.676218373047711	4.284310262517449	3.547481983925744	5.094609713558235	2.4465209783430972	2.740317266374039	0.7712640189530598	2.181281016713502	1.0315706263900122	4.649984677441796	7.706874678566805	2.262418739478724	3.0315855715846496
3.4208636944493485	4.8630457717845195	4.6511604761046215	3.632748990129235	4.963178057927583	2.502299186665741	2.683459535422264	0.9328263195740581	2.207161415938811	1.0608155449131143	3.6966228309742206	7.315860858509597	1.6111725167156317	0.6751272585451699
3.43032648969112	4.936797727778625	4.6615356843718905	3.7055885330978655	4.915842744221815	2.5338042523318447	2.6564055073251995	0.9559764629562856	2.235497225687109	1.0754352884939542	3.234577247466634	7.293682412699671	1.296620359341329	0.30630132406425087
3.328104076784824	5.068771043652085	4.699667412135992	3.6972077083009935	4.915959058387504	2.5264686932441047	2.6470800127468945	0.9634599834044052	2.259848373893637	1.1099840366950977	3.1260985966852814	7.351251694266753	1.3627247397213624	0.5306867004525045
3.3332361774513384	5.167194724026744	4.738624645882362	3.761806255595775	4.884856063358789	2.5814225937633046	2.6208707226281676	1.0039372627148948	2.2694409295655187	1.1027936776337306	2.8171061389858845	7.210635223409642	1.324594046176085	0.8041837170321884
3.362021700851083	5.134142514510098	4.767807571476978	3.728356643884243	4.91144482368066	2.5900310319812863	2.6215442203569856	1.0205897857540513	2.2753772336768807	1.1033993614839523	2.648403862641046	7.193470194790636	1.4320164837836113	0.825464934956814
3.2271924315382443	5.393389781062466	4.927461528178562	3.6931206844221443	4.893614791149622	2.602230891369446	2.608757149065914	1.0645205209119306	2.3256510635775536	1.1466888802707011	2.517897345176326	6.275955150023684	2.746164497593353	1.3381618169701432
3.217562831655684	5.449863048771282	5.0038383073713595	3.6635875730556315	4.960661764409274	2.6242061632655975	2.543958745829604	1.097277105909493	2.3728534333046842	1.1250527039677405	2.2765265148757226	5.93896572722515	2.7442772404654434	1.7572702201322272
3.1701218365610497	5.491904757393642	4.973705062506342	3.688321531448313	5.01153940335129	2.691559937781635	2.5256420034043883	1.0829622727713322	2.3976173076085945	1.12317445728587	2.1645144525642332	5.55685706355547	2.5522708271174186	1.640232234940492
3.062136173978869	5.59970236717231	4.989058541130482	3.672780000020691	5.037052437257285	2.7024727006807385	2.5132912725487637	1.0869627865485216	2.406885581367291	1.1231182495573144	2.095262100886988	4.872027694794498	2.3657464440637743	1.0558184414595144
3.1791978214480694	5.542134573711928	5.082109997407623	3.6392223977524085	5.035286145582686	2.678986913963652	2.5230536173023492	1.094405150626102	2.425911760861175	1.1356950046449432	2.027507518176044	4.722381280056285	2.258166836920209	0.8430849585140594
3.281470149675734	5.521637837639173	5.177989604585492	3.625118382729464	5.0439480268292245	2.690090854045921	2.510801147943091	1.091199337961261	2.4601113850538154	1.1276519808011427	1.848649953787966	4.421487481538045	2.412161534929623	0.7493896543219393
3.3387112389695948	5.51665189377071	5.236200478870175	3.6191626538702013	5.0421873369996755	2.6920198081999076	2.517622415567652	1.0796128702791679	2.4601113850538154	1.120539449865481	1.9911528266813914	4.0411293247192965	2.4899676744191344	0.674933349190682
3.405631359618908	5.5064957494576925	5.303416038590366	3.6087110704862764	5.066950549981485	2.7283386665413034	2.5251646309912155	1.0886919558957173	2.47869884436149	1.1121588549863308	1.916465097102809	3.8715381950906984	2.587180712867347	0.6677563925098823
3.3263418827806475	5.622699367852558	5.356829113344191	3.592212137289	5.0561368686176245	2.717397820732453	2.5618325150318557	1.0479344864879405	2.4738677672933336	1.0978001173810694	1.6412468888814455	3.885424351219554	2.4159013224199457	0.5800237568130163
3.0945486641568256	5.821413056696201	5.378184499712145	3.537777221140917	5.095317422552341	2.7125124741086144	2.601549368827652	1.0113773305323057	2.492762120997898	1.0761214177932816	1.6399885483760774	3.838237346256053	2.1954521024950506	0.6875290684291581
3.130162916246819	5.851524163124477	5.447160730165931	3.5345263492053793	5.0974712995175375	2.7303426603133043	2.6275754492078276	0.9976887461418963	2.492762120997898	1.0623107580628666	1.6149190656176176	3.9019202308527334	2.207020947422863	0.6585098780164805
2.9413368742891617	6.022753304304538	5.420099340016352	3.5439908385773182	5.088620311685827	2.807506750280174	2.7088703856452105	0.9566159094317842	2.491180058660777	1.0498164866997552	1.4823077793178632	3.848054140913716	1.91024152711311	0.5526060361821223
2.6589426928854163	6.133346261358167	5.2757158531967105	3.5165731010467898	5.1453431157511895	2.828360540552344	2.770791125281201	0.8731213763359545	2.485702158005645	1.0304152782919127	1.3944225816084612	3.645731388649923	1.6487575693460865	0.4987876162186149
2.5440298897579594	6.171926229621556	5.165255990447708	3.5507001289317603	5.1471951400977005	2.879753921328758	2.8294205153229246	0.8173672574874544	2.4670027407776383	1.023835557296682	1.4517602702239334	3.4381454248729213	1.7881829280860433	0.5308595883293775
2.465890831201437	6.193694562373241	5.120957021438958	3.538628372135726	5.14877544176336	2.8879450740003576	2.855696153449337	0.7937622381973658	2.476434173955588	1.0181840421267176	1.401926560047089	3.456982386754959	1.7752061138592279	0.5823468645760373
1.9317581446725127	6.642639039798685	5.0384887016163065	3.5359084828549556	5.215150468285974	2.93129034181003	2.982031363985602	0.5963610062594872	2.5179857479956342	0.9686371756846491	1.453194386088868	3.199300590436566	1.4537169650341262	0.5503026073904237
2.0875630062935193	6.540300591132699	4.971821166595162	3.656042430830952	5.261803582628414	2.962560281132791	3.046087646154611	0.3989341390798591	2.4895057893817287	0.9029611050527705	1.2277140797282968	2.578072026181215	1.4091521384615868	0.6683988271724232
2.2353832030630554	6.443879622294481	4.924554738643539	3.7547080867140963	5.373614733709748	2.9930120662252446	3.070376795871535	0.18694994761924486	2.4774783986190703	0.8743608574305458	1.1262686408337876	2.7672682748627238	1.2979297110798231	0.6273641847325986
2.8220701517576408	6.18246435646896	5.036156978973048	3.968377529253491	5.496325059365957	2.9827476111218956	3.1409607568481683	0.2940545888076907	2.400288083208695	0.7886367318284663	1.5747780656706005	2.9055926691081186	1.0470445419259755	0.5932468577388612
3.2525290553700583	5.920260471933491	5.111919385214308	4.060870142089185	5.594720895912055	2.8102413045519516	3.1979573504379424	0.6898170729550516	2.3719174602438273	0.7100147732344109	2.020083863380575	3.292216930965678	0.5842378320892367	0.5316795307993297
3.504508104953457	5.728545973386822	5.154794439631177	4.078259638709134	5.652348070624661	2.621842766826798	3.264195910489993	1.0793893326668995	2.3812312049467237	0.609386536172536	2.3182129886422107	4.052092911009299	0.600581337814039	0.37505470975517047
3.4944619868691102	5.636954235513946	5.049359058096082	4.082057164287041	5.800541570360232	2.326159975623091	3.4000922494769488	1.6886017111114004	2.3710425910008186	0.5084882742393287	2.7463757860012845	5.1130824460188835	0.6621179399274179	1.9151982317546061
3.64463903622505	5.441673343569779	4.993821862949397	4.092490516845508	5.9347448950285155	2.2488083704176973	3.5061428806765034	2.0391493404119116	2.354946210152821	0.4794458262650861	3.6236970514588283	5.614131965117028	0.43525248627250646	2.7846899775370937
4.448156858745354	4.980563644426874	5.2487437695336014	4.179976733638694	5.995778555777584	2.1454878989629376	3.633086831163452	2.449748927759416	2.3630636140603762	0.4207562027398845	4.855339907544409	6.053601950985595	1.0314030151770301	2.9374367808469297
5.952721607297323	3.95001800798437	5.598492218774649	4.304247396506971	6.1213739949928865	2.1587343028210584	3.901055939570757	2.9686207317779423	2.3296867438096394	0.3814962891026552	5.914419467314981	5.387547351820918	2.748699509500764	3.0742505111621496
7.107002007089271	3.1827831959393147	5.954876659940624	4.334908543087935	6.013315750335303	2.165982504108477	4.3151659955941915	3.303558373469855	2.2527942148373064	0.3797903343877305	5.423250712904992	4.640596823046317	4.34441284074479	3.8411335872721266
7.500688510319083	2.834179897640082	6.004243734897199	4.330624673061972	6.0418850200839715	2.234198222903657	4.451100000741963	3.346856895290646	2.1886110774579124	0.4254385444535907	4.921443281153405	5.021367055115642	4.0885329772620205	5.678653605525412
7.972006336098438	2.456395243029781	6.043020159280304	4.385381419847962	5.794098405273509	2.285559799410502	4.894681661112311	3.4762420423061644	2.082632897892277	0.45336267797272406	4.369539769774108	5.167982983697571	1.912417338222961	5.432113591249369
8.237511773276038	2.227514548758102	6.008463293608557	4.456563028425629	5.712129608331405	2.388548990318451	5.106552907945701	3.505498896976475	2.022633879244235	0.4334522254327476	3.849375282337397	4.917864162033353	1.7975242253170178	4.813691223604426
8.653714347200745	2.030775826357862	6.188609264993346	4.495880908565302	5.37294872521111	2.4259363326609242	5.6497495668491515	3.4939310880031282	1.7976008704776232	0.48270836874941186	3.2440760863504337	4.857684037245648	1.1542437300614536	4.167770225595414
8.815618651876994	1.9133185432435411	6.220270979134077	4.508666215986554	5.290091314158326	2.4359454887800367	5.884473183814355	3.495159370747962	1.6448855381927634	0.5052050697013426	2.8847854956911374	4.7469434428276145	0.7894076652880898	4.210986659270708
8.687389803386997	1.707849427115537	6.190978790927686	4.204260439574937	5.256394693876683	2.5802096077223924	6.499197032202062	3.3697560145993815	1.3994635750668547	0.5135946171075122	1.6066599419880347	3.7497624539060683	0.6331538015655604	2.742698017929446
8.57450273503489	1.656014476600129	6.150803245274112	4.079713966360831	5.330615535015195	2.706859790477276	6.795057915543004	3.2857045874530013	1.2173519549214198	0.5214960297504726	1.3244411537740506	3.336191026060107	0.951588903001909	2.5195103633118596
7.705145366961379	1.9512679699852817	5.849552132951736	3.806861203994835	5.252247591747488	2.8140241725503334	7.490485142195284	3.3820770091902825	1.0423551044607002	0.42725791686248815	0.3069273810880807	2.42451125722584	1.0263816022351395	0.9248818821453355
7.32199959189964	2.159034164356147	5.798611203808293	3.6824225524475103	5.283676803190171	2.8260618174758823	7.640617281596925	3.3328745646191087	0.9895270569801263	0.3446645203671059	0.5527413630294643	2.1307601985664504	1.120312548860167	0.7025828939417241
5.44262433029731	3.18147815443572	5.249844520613593	3.374257964119461	5.099641844287727	2.6588732654039666	7.937539678987073	3.1919380928949947	0.9675419276627646	0.3960452672782537	2.4358577054998567	1.0539033945857852	2.3403524409137826	0.9936118025344478
4.344701352560542	3.684220610569831	4.916295242677706	3.1126267204527474	5.032751466909729	2.5010308374164105	8.106052176734472	3.1064152669402234	0.9457966866528876	0.46225356468682705	2.514453365529984	0.6160186844049652	2.386877742980791	1.098942014020465
0.744129320946365	5.0209878673657125	3.724405394356101	1.9704492042767334	4.925085111322822	2.1314992395622347	8.662947168828062	2.6170706461507804	0.8744692711339405	1.002662423106321	2.8865356699430866	0.8797499051719689	2.5647933965241525	1.32600377741574
0.7431288488917378	5.068949282368333	3.7012480941761243	1.8316269735305115	4.939168644263629	2.075687314008792	8.709931520278891	2.551939228362136	0.8606843805738782	1.047313767512298	2.8935870454986734	0.8953151615975222	2.538396998446941	1.4701095894771592
0.43268873599992963	5.219617917574854	3.4331728045663326	1.4187819402934538	4.9532442040859594	1.9567870933501137	8.882429956869501	2.361643021890393	0.8172379713837777	1.0647130484024043	3.200256111489504	1.151590362746696	2.8838132589109673	1.8961632777954753
0.34109775797906505	5.09468762150851	3.637412613516023	1.5043394921646869	4.977311537836722	2.3136864079952297	8.938479767765166	2.040538610791736	0.8251813745750454	1.0958197273456691	3.7115105087985025	1.653270854464359	3.2389933030691975	2.218414562509547
0.4257928834049089	5.003780061277883	3.6842907242176732	1.62217844626188	4.9719665300285225	2.430995556838965	8.981233043363593	2.0331526202892474	0.8453179494084511	1.1016901428301142	3.7981196888074273	1.5240223578165846	3.199539946458336	2.011362698512069
0.8543165846245592	5.084218865303046	3.9204221289389385	1.2951170479403877	4.894178347915377	2.5279172102869443	9.433417854152767	1.839084925349769	0.8052240214946993	1.248114242322686	4.399614189735705	3.2818927333269166	3.02995813848273	2.8805901617102285
0.8876068004667018	4.993206826750053	4.043703060474249	1.3808337301089415	4.833535508951242	2.707251485723935	9.545210246316321	1.808561312735846	0.7846529874649947	1.2294109941904834	4.214717227209048	3.285395856303904	3.028181825376059	2.041044449079132
0.6109760779026211	4.837484520575802	3.9922847238709416	1.4512633022311114	4.787154383132473	2.880767228868964	9.652665362142846	1.7859986289534728	0.7954277210797653	1.1267766881579082	4.218324529261898	2.659345045378093	2.6549823086440396	1.7046471230453957
0.643673842650485	4.825858439768639	4.030982867057811	1.433636842984878	4.7707929042288075	2.935890621780897	9.748820775455686	1.7786818358064398	0.799724885783584	1.1203961155690103	4.184517880570589	2.745137286321801	2.3106387789803793	1.4059580689834752
0.6345423418024067	4.764375566880283	3.908342412817411	1.4235705061344002	4.870433689675265	3.048226415894175	9.765004494820166	1.7711682941096052	0.8105248907835453	1.1212429345637942	3.809133489477688	1.3379201732821793	1.9739329771727057	1.2538612815897632
1.926201014625362	5.463644466584189	4.330710927173967	1.5247436266217491	4.7875535806341505	3.226060243726424	9.832193006532295	1.7484667503364264	0.8332488204349415	0.9079232745538833	2.7756033984296256	0.9129339329192027	1.8420413627286765	1.0879037554132367
4.72570443574624	8.097047192701792	2.989773199877149	0.6419211246161667	5.366678228439185	3.1861769572031573	9.827195758046436	1.4590745978775157	0.8536242194760234	0.563210126801005	1.0340163257113397	0.3550060761548339	0.918877310634923	2.3778491184503268
5.288540129462495	8.409704753060524	3.0502946580335912	0.5623571999041949	5.525474414957028	2.970982052548113	9.809929024640452	1.4560014547729454	0.8416526091313319	0.6507195057582436	1.3093754860462192	0.7559437983177806	1.336114847527406	2.641038845487004
5.7876083421902385	8.53872927069129	3.103672034304079	0.5288866003659284	5.662027827396834	2.8362995426392588	9.896627806024744	1.3907269472404586	0.8375293073411121	0.47017037998366673	1.3445101039192486	1.1506180145934468	1.5842240608087685	3.0009282746883437
6.080999228209559	8.586046068234173	3.2936873942551657	0.7886405542303184	5.868660223368123	2.7146499750193325	9.904854643164823	1.3023900818929963	0.8559168142403246	0.2994425205432376	1.3566452828131075	1.7008467146060344	2.389808898563016	2.891141656386257
6.182731493770263	8.455567867900385	3.3195360729292624	1.0466996987989468	5.970789071656348	2.653655068536042	9.89537371510959	1.220335446624679	0.8917172871531432	0.38697790895145046	0.8220258140576807	2.108649455656913	2.8030624772499535	2.987005033848835
6.36905161006714	8.464893438833245	3.333932787963146	1.2380909591969427	5.973321575362668	2.6680665275771673	9.973380640083649	1.1819176125695516	0.9803236693107186	0.4130656089443872	0.9948089949226159	2.3325527103890162	3.0028037128554987	2.794952810953079
6.447110495071082	8.445617608254695	3.3916396986586057	1.3931325854749534	5.970371015282837	2.6732101855676764	10.020625403059638	1.0979144648334784	1.0495272364201589	0.4537683498936112	1.0895074321988654	2.718022858652979	2.9628490997407977	2.8993818419210178
6.445856840542348	8.271241451929566	3.4797263775769687	1.6543417661896909	6.025511021092686	2.805650792457527	10.057700061178194	0.8315665388006456	1.1227930001693855	0.5044131856838366	1.4353741605873747	3.6560848529713303	3.1605372879087987	2.5002197531124097
6.407824593999183	8.194015909538152	3.533134742437427	1.746943426898514	6.038566146462355	2.787639988573391	10.074482508041015	0.7943551064118314	1.1336954911975903	0.509613828814554	1.6072652552826217	3.86757995312631	3.377837911871571	2.2929453454283597
6.447048670405105	8.087100896256542	3.5113864399695043	1.8713342141181208	6.041356794366069	2.7054989019475073	10.062678598476607	0.8330508715806114	1.2021434985854955	0.5142597565219008	1.893544731841302	4.78404944861134	3.039539475678424	2.5220750767074045
6.505858674841819	8.073523313383182	3.55598805195933	1.988323413418013	6.107049147827364	2.700740736725738	10.049933702511334	0.7650496631454996	1.2022890158636488	0.5500764660886611	2.0199950441426577	5.080764241485931	2.9677607146872735	2.8189584689358824
6.646602276207516	8.073176176219262	3.5398666344256973	2.1132927344140016	6.1565034163604695	2.5638897963810403	10.004292255705701	0.7940170534966211	1.1966267700552529	0.5911122275069333	1.928233031587778	5.248388956620087	2.9881992410139255	2.8242895028799815
6.681872649433925	8.078639028088045	3.54208014512324	2.145313766469226	6.2328779550497115	2.545099242560552	9.918821076232387	0.7569469697355701	1.2211242678626248	0.6246368367533137	1.9485762402098683	5.357138515668782	2.947518462966373	2.9453387219472718
6.71042820960405	8.071459881047769	3.5296973626196233	2.1686656911760394	6.200925862224729	2.5442198113182526	9.967371962420563	0.7416536233113006	1.217325768665671	0.6250940811255433	1.9455592657669811	5.339252397233441	2.930353707413726	2.9674336644999806
6.800975286707388	8.067921295224455	3.387200274895875	2.120254266378851	6.181338058275929	2.5813853977360854	9.97461696853289	0.7476796779388385	1.1963412876049362	0.5919540293732918	1.8047293214902584	5.631658926579747	2.730097630031422	3.3592586386057195
6.7929629679584345	8.057885962602887	3.384294228301465	2.1193712336571573	6.177846809733079	2.602040176737645	9.983409797611946	0.7321140866622565	1.1996120269195918	0.4987079582352712	1.7850538883840261	5.727582387981152	2.6707607483318	3.481202154503189
6.694440170602423	7.959600922153655	3.3051650787863003	2.040004327235068	6.191436716455616	2.663810826541888	9.907582064190873	0.7022292065889694	1.2355007071664466	0.43211903348098596	1.9421991555736957	6.100027505457636	3.220957633690792	3.7501611508399564
6.697254677700042	7.930425919820578	3.2807438034329324	2.047572561312441	6.221937287517911	2.6778671669351457	9.874722046457117	0.671698550558003	1.2444245239581593	0.43228126235749903	1.9190036252074172	6.194116306799014	3.273365155234537	3.8206032809391175
6.54489462594418	7.952018251826847	3.323201108075896	1.9160774821932838	6.246096012331454	2.7098285064662684	9.785822971298533	0.687764047081671	1.2090757574158013	0.44617126315191097	1.9874786673000642	6.315939225735857	2.9550305698497463	4.050433243273621
6.524162071377372	8.032931783958825	3.317257675995467	1.808487963414061	6.239860750126307	2.733929336784657	9.773621529213349	0.723845050492734	1.2249477253106733	0.3525981490781516	2.123674791008963	6.180363276262603	2.7525814611300716	4.102120266351887
6.533888101008795	8.021636921814036	3.30467290806202	1.8169240872567443	6.222327311426643	2.7160274532442004	9.80876212478301	0.7108459421018046	1.1962191714602401	0.36046536360357284	1.5249089308990378	6.212387787377577	2.6779455366390086	4.169422786427654
6.533624387549634	8.026333851267834	3.253826628612773	1.7611171648945432	6.214834718559989	2.7563249630765867	9.810129137216437	0.7334768209275007	1.2016906998292336	0.3720317291815649	1.762946303944674	6.160212266378241	2.6681004657339593	4.126781035302949
6.52486966775087	8.056901891153963	3.28500040413414	1.7529681807309452	6.205482943241948	2.7383173916434633	9.801218098357372	0.7102520026376054	1.19232275810136	0.45913352022656756	1.892720856359773	6.340492348618661	3.191521970327051	4.241566598186001
6.539351130549737	8.10950405018758	3.279928388354172	1.709775468716274	6.254288417583878	2.682603231065477	9.723330602802687	0.6810880478784819	1.1560079475002776	0.5256374386145621	2.138221643583618	6.360709228179132	3.318099274360755	4.285411895712909
6.490485749944298	8.159088664739416	3.287149912627399	1.6185469978322755	6.228144526231543	2.6841888251791723	9.709073157820653	0.7112367298229113	1.1369150890092816	0.47863053357490193	2.29375847923644	6.333017856069689	3.247962822884642	4.271232061626626
6.355634851603329	8.209544899659447	3.3366966893078067	1.482786641251635	6.19701947458508	2.6769780579008997	9.685728305318897	0.7371985187523711	1.1272575730789858	0.4326440698005259	2.8117337496684436	6.3637773484594975	3.027048629872628	4.192254538913389
6.251387519597723	8.200807891299432	3.394167290730365	1.4447469190285844	6.134886824366092	2.6612137243808656	9.709193402113376	0.7237555050267691	1.132942759778705	0.4467417473402399	2.826946431697769	6.433706321427995	3.0211248046264276	4.205136835388703
6.322724416934541	8.30316930685117	3.426165231291428	1.4457203413746484	6.086456935530894	2.7089365763005424	9.791418316626578	0.6849765678774061	1.0980063132142204	0.307627661396994	2.7605526183473335	6.006673524525508	2.7772208978642716	3.970458297322928
6.2093334113926835	8.313996337251965	3.402454615845595	1.2977916899861641	6.050158022760371	2.8046845760544383	9.760608674080443	0.6853422731692101	1.124471821113865	0.3097689812773197	2.8655929780606137	5.995606763972654	2.6683244771779004	3.918427962694263
5.881038731341808	8.25559191654856	3.499403530461666	1.1248503452551692	6.014312666263653	2.9783988096431826	9.739008285804017	0.6229552122628347	1.1263674489634556	0.5035356386275759	3.0698803827036643	6.001955346694811	2.415996381120944	3.8346762777332706
5.489439540172185	7.610976910799574	4.115416062404186	0.9227540955846639	5.845449101108991	3.238736260327188	9.739486505911321	0.6210223394162951	1.1336535969520818	0.5273495950429902	3.943717332110064	5.829317258274855	2.4811535303146726	3.190258420369594
4.56769866675305	7.971814757529596	3.9403797367666997	0.6967347765550636	5.764194071831779	3.2237080672078036	9.786665698215993	0.7603586646005981	1.1237092422608213	0.6741566209573152	3.803302918451885	5.5104268982828595	1.7317770882032066	3.0993670324830496
4.589247838540623	8.026078447541998	3.9496501370107686	0.6732906585744787	5.788740348483646	3.083302321735562	9.775121869332235	0.7961359911517194	1.0699497481420068	0.8101937161548207	3.690276514829527	5.2600258160175954	1.4424866777921463	3.295058177629707
4.690025442425988	8.112351053054278	3.9277716196999	0.649214298288128	5.790569742815958	2.999082412519309	9.765918956062183	0.8941485877567751	1.06056706271299	0.7682739915652679	3.6223507628769647	5.021855635804602	1.3893227540272655	3.3022977250633225
3.1845258335498374	7.657389458750298	4.553806934047112	0.4944945923862862	5.646887691624735	3.00934071907522	9.763730749081377	1.1491945048016434	1.0390188194036896	0.874400097971737	3.271390298440037	4.878788095453365	1.1738202574566847	3.0802939681281507
2.520222583764531	6.742949448286961	5.183775258124244	0.7911181602458063	5.526323286904364	3.148899137104309	9.783381941028802	1.2613074605949388	1.03035026336344	0.9490877276110368	3.7422002866066038	4.406436567103496	2.5077358691793084	2.431006992844869
2.1761362795164936	7.344311517571849	4.750595971368504	0.8666733849812683	5.470642321287644	3.0982915130715547	9.838185759758437	1.4062179055017328	0.9000770090340658	1.0393097886217808	3.3748526292331325	3.5214660986292468	1.7381800182395077	2.2780523066964737
2.9085465542462896	7.557496904980642	4.216004307444286	0.8820401615795416	5.511966223308813	3.0691049293130774	9.817942470578826	1.4437201072172394	0.8546169785503673	0.9788592540592945	2.474458766396341	2.4167675539621665	0.9243896555918275	2.183526924710659
3.189163346262967	6.792289952830444	4.516443351608253	1.037277083501758	5.467445909695595	3.20138621074346	9.83373447550598	1.441638305590339	0.8450261957672676	0.945482256051798	3.1406691060736907	1.9116997798049045	1.8722483544350659	1.974113332601938
3.417361436270656	7.589275566397512	3.621576139845722	0.9994321085747826	5.4755757675585	3.078154154964994	9.810773125448017	1.5095860337854006	0.83913926609149	0.9461757225540305	2.472876592432102	1.862819044509919	1.2102266443640322	2.229045638299281
3.0034550208781785	7.248942006048257	3.539180569093444	1.155400534370316	5.4615452039774075	3.1198773875589367	9.843819531853454	1.6402972508806999	0.8124763371957814	0.976426815172931	2.733318082639243	2.261051572384288	0.9923573271688992	2.0640952802973516
3.0010162280946013	7.235936332176053	3.5131927232794253	1.1708214990957018	5.48544008647728	3.142546718870159	9.829574466055448	1.660501991026566	0.8028265204938695	0.9777073812883387	2.719052832557995	2.2750918482215257	1.0088726570288327	2.162758737775638
2.953226067618516	7.188240031949262	3.5140250665029473	1.1700830161214615	5.510427193999937	3.1418649140647106	9.814248988323355	1.7026228754144024	0.798663171996326	1.0600997461293244	2.7790050789036065	2.417598194909534	1.0234045410007546	2.145341652705445
2.752627863744637	7.154770011333684	3.6265016422834457	1.2247346235992007	5.527660624138598	3.1719992636812115	9.770539532384191	1.7240014183275767	0.80110835628033	1.1151050179733677	2.7943257883779027	2.350986987069229	0.9291162342412099	2.143282980896251
3.319425693837829	7.574293640985407	3.400439057683023	1.3035230077582027	5.628806953217908	3.0313357057736137	9.714017983931372	1.9810928606750793	0.7031386616961299	1.2397266638011892	2.722828626970529	1.8398870021705285	0.9926704164186012	2.300089814365976
3.2209410967412904	7.653988232145093	3.531580109267828	1.350561144429739	5.732229748643562	2.9212830786871042	9.607260162151531	2.126674221990788	0.6243339658144094	1.3505325566884314	3.0403076549694514	1.9450945618221585	1.1711816198766696	2.303382740677971
