0	1	2	3	4	5	6	7	8	9	10	11	12	13
7.473815004078786	4.481847047737173	7.552366013739944	4.403296038076128	2.4491954624155223	3.199265148598878	2.3717958228638443	1.6706277046233544	1.7048805233403657	1.1947087051009109	4.913388217698075	1.863785616171595	0.40889386311940334	3.591169802387569
7.4472576479336645	4.362493267058139	7.504613566959565	4.30513734803212	2.407525223475709	3.1551488680267914	2.4134660618036103	1.499620211215773	1.6696161938890781	1.2001906269259996	4.804791693738616	1.9864355147909323	0.4478837300512303	3.6031074697470395
7.448271023274179	4.238731782350484	7.374511146379081	4.312491659245664	2.309585954987002	3.112172003561152	2.4552147141193617	1.5328129402444415	1.6696161938890781	1.1611384574033727	4.741471939932677	2.122079379413577	0.4416976764674618	3.6179342843843614
7.418496491670566	4.178501043094076	7.333423898036572	4.263573636728014	2.2677587122101905	3.069132049134324	2.4970419568960445	1.6128194679100238	1.6696161938890781	1.07525386164707	4.745112327151437	2.1202954805092324	0.37782654999250553	3.6254957004409776
7.464249722532122	4.053348842734983	7.295823060718182	4.221775504549053	2.2114751115825966	2.9710503163275495	2.4970419568960445	1.6437087721739785	1.6696161938890781	1.0815861070591306	4.638983989318436	2.2139216564316393	0.4129218635440876	3.586484374725508
7.479568721380317	3.992621556569926	7.25041477340134	4.221775504549053	2.265412671265102	2.922606051259618	2.4431043972134874	1.6921530372417677	1.722629618927675	1.0815861070591306	4.706871968824462	2.2130782677798364	0.40639810569435664	3.541919476060079
7.54042076260579	3.9317695153447545	7.25041477340134	4.221775504549053	2.265412671265102	2.922606051259618	2.4431043972134874	1.7309505353282841	1.6873273204150223	1.0799496242213447	4.763222721271189	2.2130782677798364	0.2891953120230392	3.637877139192577
7.468523411403461	3.8660668865090724	7.10560206393713	4.228988233975613	2.2090359640801442	2.825069796155533	2.4431043972134874	1.7793228126739298	1.6873273204150223	1.0333648795347512	4.70572362152236	2.1532815702500017	0.3351387886957846	3.5986925097812836
7.422701716215279	3.682006045304879	6.827789819327052	4.276917942193117	2.2090359640801442	2.7764705465617974	2.4431043972134874	1.8678010283662363	1.6873273204150223	0.9948912391607954	4.716116692799058	2.05831044457236	0.2019711469699525	3.559098958158633
7.376448998356318	3.634624411839117	6.781537101468093	4.229536308727282	2.2145317468107306	2.7764705465617974	2.484990247948358	1.8678010283662363	1.6873273204150223	0.9948912391607954	4.716116692799058	2.10240722811102	0.26336285559503475	3.564390929429382
7.298740277968552	3.5730186549325835	6.643461087663461	4.228297845237632	2.2145317468107306	2.7325669751176873	2.484990247948358	1.8637444456708188	1.6873273204150223	1.004424477856786	4.654510935892582	2.0992331791253362	0.3740040672830064	3.5723219250222122
7.310809218110787	3.514325388549401	6.548744080347673	4.276390526312757	2.2145317468107306	2.780659656192879	2.484990247948358	1.8637444456708188	1.740433515880713	1.004424477856786	4.660873914264254	2.0981539780395977	0.37052672255653635	3.5749636228721373
7.325817296501218	3.4051244636057083	6.502026306628264	4.228915453478797	2.262006819645144	2.732494086197232	2.484990247948358	1.911910015666712	1.740433515880713	1.004424477856786	4.5991480621545175	2.1490488902069185	0.4322111829371221	3.4773509369853755
7.355931805038385	3.3287682619895143	6.408309540715285	4.276390526312757	2.2145317468107306	2.732494086197232	2.484990247948358	1.86525144112125	1.740433515880713	1.0138341785992038	4.52778968205786	2.0948521076366915	0.4904935169322745	3.486099516595413
7.355931805038385	3.385254700439418	6.457644900640151	4.283541604837581	2.1580453083611837	2.731324296268092	2.484990247948358	1.7783160440054722	1.6873273204150223	1.0526040057190562	4.592939254427796	2.1407293219458214	0.4253439445630115	3.4402223022863767
7.386177613189446	3.260915704569042	6.314216352996131	4.3328769647625265	2.1580453083611837	2.684400270257159	2.484990247948358	1.7891236539761917	1.6873273204150223	1.0915646724970678	4.520927830246473	2.0925967912735106	0.4837217172687372	3.4426120876134645
7.448538116353703	3.198555201404989	6.314216352996131	4.3328769647625265	2.1580453083611837	2.5936157202909245	2.484990247948358	1.841000393209794	1.6873273204150223	1.0931496405126275	4.523809589379652	2.0925967912735106	0.46720844725233956	3.4910445488887105
7.522352557287817	3.077552458084627	6.2670280506098415	4.3328769647625265	2.1580453083611837	2.5456569196387244	2.484990247948358	1.8889591938622003	1.6873273204150223	1.0003222912074032	4.585776322896845	2.1375808055718766	0.34616464624116067	3.4473868518651964
7.522352557287817	3.1249175886285903	6.2670280506098415	4.3802420953065235	2.1106801778169735	2.5456569196387244	2.484990247948358	1.8423922250343228	1.6873273204150223	1.0468892600348274	4.585776322896845	2.1837928028516274	0.4081955755686392	3.4497717721199828
7.464925051506839	3.1249175886285903	6.209600544828812	4.3802420953065235	2.1106801778169735	2.4549195190402435	2.484990247948358	1.8866259281078863	1.6873273204150223	0.9546053983488926	4.651348622886784	2.2190418149514017	0.34262327557998834	3.3570952542397507
7.480230839005827	3.0623101894450544	6.162298933144305	4.3802420953065235	2.1106801778169735	2.4549195190402435	2.484990247948358	1.8866259281078863	1.6873273204150223	0.9084635709364421	4.654432746972433	2.2182050625749343	0.27693175231015654	3.262033477396687
7.480230839005827	3.071525059015032	6.114123428611984	4.4376324694088165	2.101465308246932	2.455271486696114	2.484990247948358	1.8880089710442642	1.6342865870130412	0.7709386619963516	4.772167667079481	2.311388829998325	0.22133313781856093	3.1688497099731494
7.5386088971649725	3.013147000855998	6.114123428611984	4.4376324694088165	2.101465308246932	2.4075195012909156	2.484990247948358	1.8893835982260343	1.6342865870130412	0.7714748528738176	4.713789608920375	2.3581080778559227	0.22133313781856093	3.170809957210664
7.491212417500349	3.013147000855998	6.066726948947326	4.4376324694088165	2.101465308246932	2.3122298077030146	2.484990247948358	1.938359001294661	1.598891548232522	0.6350234360311261	4.713789608920375	2.3575159822550087	0.33209453582468157	3.1726023504823884
7.491212417500349	3.013147000855998	6.066726948947326	4.4376324694088165	2.0595004341649163	2.264691910641244	2.52695512203044	1.939645607381694	1.598891548232522	0.5981508197114144	4.779691231475202	2.3575159822550087	0.26619291326988037	3.1726023504823884
7.481257716623086	3.013147000855998	6.106109585300506	4.3882951321785955	2.0595004341649163	2.17239520504558	2.52695512203044	1.9364166160157235	1.598891548232522	0.33456247791743626	4.779691231475202	2.3475612813778266	0.21767331937719528	3.1726023504823884
7.481257716623086	3.013147000855998	6.106109585300506	4.3882951321785955	2.017456358043611	2.1249213674887564	2.568999198151806	1.8066229845286688	1.598891548232522	0.20400695005701727	4.779691231475202	2.3475612813778266	0.26619291326988037	3.1726023504823884
7.418659229268312	3.075745488210654	6.106109585300506	4.3882951321785955	2.017456358043611	2.1249213674887564	2.568999198151806	1.7606754866580914	1.598891548232522	0.16041073525819285	4.8422897188299325	2.3475612813778266	0.26619291326988037	3.1726023504823884
7.418659229268312	3.075745488210654	6.106109585300506	4.3882951321785955	2.017456358043611	1.9829267176059229	2.568999198151806	1.726021765161652	1.598891548232522	0.07627607198353552	4.8422897188299325	2.300756897314	0.20397758506180255	3.267920935034856
7.403507988453137	3.090774563621052	6.1040921821750755	4.390190369899158	2.064898457553133	1.9379557192095374	2.568999198151806	1.77462333968217	1.598891548232522	0.07758511011531612	4.838859271195078	2.3480768314188136	0.2698792076168535	3.267920935034856
7.450733394101651	3.138216663130717	6.103059113990854	4.485890943241622	2.017456358043611	1.8491055211059642	2.568999198151806	1.735704588928346	1.598891548232522	0.16499356099423015	4.8906640915474995	2.3485829892097683	0.1424525056244721	3.2659611076814397
7.450733394101651	3.0816366630166563	6.103059113990854	4.429310943127406	2.0740363581578025	1.8021926615440473	2.568999198151806	1.6977977036230578	1.598891548232522	0.20559192908037754	4.8906640915474995	2.3485829892097683	0.08057827058364926	3.2659611076814397
7.420340123214568	3.149711596993167	6.147971152634191	4.422080567573744	2.130522796607209	1.7578346072431343	2.568999198151806	1.5649713354749835	1.6519595597756076	0.25573280360757805	4.949471669475874	2.3031024640175626	0.08456242066165218	3.211551255768511
7.4051925779869086	3.211802275008126	6.14574120047477	4.471253652520457	2.0765249909458023	1.7603062412267423	2.622997003813682	1.5215319096022077	1.6519595597756076	0.2638498078295527	5.011562347490812	2.3036651942224493	0.022897245120583005	3.209581215977031
6.978086616392038	4.8724099867300446	7.617911363865677	4.2325852392563945	2.820706824749323	2.9795835624917566	2.6420913392293093	1.7063162770108151	1.614549070785116	1.4594406139012202	4.9590997751016666	1.5573605730089741	0.508069060070295	3.6765522217254705
7.049229369033227	4.778747489855823	7.77456024625967	4.0534166126294755	3.0897721067317727	3.451550326824452	2.658382339114787	1.7858492774464756	1.6519595597756076	1.4319630119117583	4.7058429906716315	1.639930332947021	0.6455570856234621	3.6672001666434437
6.864553884652295	5.005978578442107	7.817115850464999	4.0534166126294755	3.0780555751517236	3.5419695698937175	2.6700988706948667	1.8348389703374555	1.6519595597756076	1.385700310005508	4.697438227267223	1.7340403953954548	0.8394329337016662	3.7046722710221953
6.763158022446085	5.064818836442968	7.870292253328342	3.9576846055607975	3.0780555751517236	3.5902273293561855	2.6700988706948667	1.7841033028426196	1.598891548232522	1.4425519572080212	4.87770659484793	1.8993255263929347	0.6675893558294865	3.7694185509867864
6.803380926566619	5.067151536527785	7.86490174368267	4.0056307194118	3.1198837167941362	3.734523241771784	2.628270729052431	1.7812600675747152	1.598891548232522	1.4328583618320034	4.887486048367613	1.9418811305983457	0.7190554727515162	3.724480934088023
6.860121565020596	5.010410898073624	7.91284785753359	3.9576846055607975	3.1198837167941362	3.6865771279208404	2.628270729052431	1.8199309503442802	1.598891548232522	1.4310210918070667	4.89175811704075	1.98367426424714	0.7674422799144837	3.7726394179111753
6.8175659608153305	5.065247152531661	7.870292253328342	4.012520860018727	3.0650474623360706	3.734859286122491	2.5755019698207287	1.8184847090187948	1.6516603074645875	1.3943162741327806	4.9528848273434845	2.076539523671873	0.6473153117992099	3.7727202505965116
6.8175659608153305	5.065247152531661	7.918158390490886	3.964654722856139	3.0650474623360706	3.686993148959884	2.5755019698207287	1.8184847090187948	1.6516603074645875	1.3473515621862548	4.9528848273434845	2.1185749043138484	0.6473153117992099	3.77600579824016
6.874423624430296	5.063317253898113	7.918158390490886	4.019582487837523	2.956613989207266	3.686993148959884	2.5915040821011432	1.8184847090187948	1.6891639033316141	1.384185174931556	4.896027163728716	2.1606860460464383	0.6473153117992099	3.7792926654349146
6.831784215086937	5.063317253898113	7.875518981147594	4.019582487837523	2.956613989207266	3.686993148959884	2.5915040821011432	1.8184847090187948	1.6891639033316141	1.3372955546527296	4.896027163728716	2.160233698910893	0.6976109689464922	3.7857546078171374
6.890754230410351	5.004347238574636	7.875518981147594	4.019582487837523	2.956613989207266	3.686993148959884	2.5915040821011432	1.8184847090187948	1.6891639033316141	1.3372955546527296	4.837057148405163	2.2024968412225356	0.7565946246253168	3.788971908833528
6.848030815497392	5.004347238574636	7.832795566234653	4.019582487837523	2.956613989207266	3.686993148959884	2.5915040821011432	1.8184847090187948	1.6891639033316141	1.2904661580405263	4.837057148405163	2.1597734263093344	0.7565946246253168	3.788971908833528
6.848030815497392	5.004347238574636	7.832795566234653	4.019582487837523	2.956613989207266	3.686993148959884	2.5915040821011432	1.7716487921429873	1.724558942111743	1.3373020749160247	4.775930438102458	2.202112808599329	0.8177213349276611	3.7466325265434377
6.848030815497392	5.004347238574636	7.832795566234653	4.019582487837523	2.956613989207266	3.6387109907582826	2.5915040821011432	1.8199309503442802	1.724558942111743	1.3373020749160247	4.837057148405163	2.202112808599329	0.7565946246253168	3.7466325265434377
6.90500979177293	4.947368262299081	7.832795566234653	4.019582487837523	2.956613989207266	3.6387109907582826	2.5915040821011432	1.8199309503442802	1.724558942111743	1.2905328484670975	4.780078172129675	2.2961531408495537	0.7565946246253168	3.6981498836152555
6.86220217044205	4.947368262299081	7.789987944903807	4.019582487837523	2.956613989207266	3.6387109907582826	2.5915040821011432	1.8199309503442802	1.724558942111743	1.2905328484670975	4.780078172129675	2.2958528657674218	0.7565946246253168	3.6556425373667865
6.86220217044205	5.0023876658481345	7.789987944903807	4.074601891386578	2.901594585658233	3.6387109907582826	2.5915040821011432	1.8199309503442802	1.724558942111743	1.2905328484670975	4.780078172129675	2.3900145215787996	0.7565946246253168	3.5614808815552967
6.833429779078418	4.945291389820844	7.704119277512818	4.074601891386578	2.913272152163409	3.6387109907582826	2.5798265155960998	1.8199309503442802	1.724558942111743	1.2905328484670975	4.722981896102333	2.3468212975768115	0.806770175102011	3.6130272922703144
6.847582153862351	4.888077565199391	7.709004075490277	4.026655643571428	2.913272152163409	3.5907647429432137	2.5798265155960998	1.8199309503442802	1.724558942111743	1.2905328484670975	4.665768071480852	2.3465121577306127	0.806770175102011	3.5702749822792392
6.861767312198886	4.885857112965927	7.713884104112011	4.033740321052852	2.8581609822507525	3.542738250512042	2.5798265155960998	1.8199309503442802	1.724558942111743	1.2536554970806126	4.608436449334984	2.346195030643054	0.806770175102011	3.573162975242536
6.81853563149103	4.941060176785363	7.670652423404086	4.088943384872252	2.8029579184314124	3.4945276285072104	2.5798265155960998	1.8681415723490227	1.724558942111743	1.2536554970806126	4.6696773430983765	2.302963349935285	0.7455292813380033	3.6189578527759996
6.775218530544028	4.941060176785363	7.62733532245708	4.088943384872252	2.8029579184314124	3.4945276285072104	2.5798265155960998	1.8681415723490227	1.724558942111743	1.2536554970806126	4.6696773430983765	2.302552772804439	0.6953537308613347	3.5760513289602653
6.832668199227351	4.891158033242078	7.675442193465921	4.048384039003512	2.795410393290968	3.446420757498078	2.5271027980167973	1.8681415723490227	1.7772826596908893	1.2536554970806126	4.612227674414883	2.302552772804439	0.6953537308613347	3.5760513289602653
6.789265474286783	4.946559042995312	7.632039468525394	4.103785048756718	2.7400093835379398	3.446420757498078	2.5271027980167973	1.8681415723490227	1.7243073581306745	1.2536554970806126	4.612227674414883	2.302133919367833	0.7544408910161148	3.5789400216558045
6.846833438597632	4.888991078684704	7.6802268520688175	4.05559766521322	2.7400093835379398	3.3982333739547363	2.5271027980167973	1.8681415723490227	1.7243073581306745	1.2536554970806126	4.501154281083215	2.302133919367833	0.8671371313415533	3.5789400216558045
6.8033448854957825	4.9444845653089695	7.636738298967032	4.111091151837562	2.73811932028553	3.3982333739547363	2.4734993746449967	1.8681415723490227	1.7243073581306745	1.2536554970806126	4.501154281083215	2.3017067462841365	0.9264317400973969	3.5358786416374977
6.8033448854957825	4.9444845653089695	7.636738298967032	4.111091151837562	2.73811932028553	3.3982333739547363	2.4734993746449967	1.8213687835636787	1.7243073581306745	1.3004282858664034	4.501154281083215	2.3017067462841365	0.9858302922327579	3.5358786416374977
6.86103139459532	4.886798056209407	7.636738298967032	4.111091151837562	2.73811932028553	3.3982333739547363	2.4734993746449967	1.8213687835636787	1.7772826596908893	1.3004282858664034	4.443467771983725	2.344845795873234	1.0453329332931558	3.4927395920486686
6.875262111867404	4.828992753093875	7.641431743151776	4.062823121809499	2.7918011025644534	3.349965343926574	2.4198175923663037	1.8213687835636787	1.7243073581306745	1.3004282858664034	4.4470334941356855	2.301271210029621	1.0936387065721935	3.4927395920486686
6.889525634708961	4.818788211612442	7.5977709195743035	4.110542926747122	2.744081297626585	3.349965343926574	2.5100449058124754	1.8213687835636787	1.6340800446847312	1.3004282858664034	4.450594991470865	2.257610386452428	1.0321528628180057	3.4927395920486686
7.0064497908889285	4.757435965113952	7.5977709195743035	4.166114836428526	2.6885093879451984	3.349965343926574	2.5100449058124754	1.8213687835636787	1.6340800446847312	1.2537048302868088	4.333670835291061	2.257610386452428	1.0918456467254412	3.4927395920486686
7.0064497908889285	4.757435965113952	7.5977709195743035	4.166114836428526	2.6885093879451984	3.349965343926574	2.5100449058124754	1.8213687835636787	1.6340800446847312	1.2537048302868088	4.3952716780395935	2.257610386452428	1.0302448039761936	3.4927395920486686
7.020867170663452	4.699271318623437	7.5540236528583335	4.166114836428526	2.6885093879451984	3.349965343926574	2.5100449058124754	1.8213687835636787	1.6870553462447129	1.2070415536889658	4.33710703154922	2.213863119736235	1.0302448039761936	3.4927395920486686
7.0791513681694695	4.640987121117509	7.5540236528583335	4.166114836428526	2.6885093879451984	3.349965343926574	2.5100449058124754	1.8213687835636787	1.6870553462447129	1.2070415536889658	4.3405388559066225	2.213863119736235	0.9685287821130579	3.4927395920486686
7.035317452500253	4.640987121117509	7.510189737189133	4.166114836428526	2.6885093879451984	3.3018261673668854	2.5100449058124754	1.869507960123224	1.6870553462447129	1.160438401665791	4.40237023660964	2.170029204067205	0.9066974014099263	3.538689981805658
7.0937214489892915	4.5825831246284885	7.510189737189133	4.166114836428526	2.6885093879451984	3.3018261673668854	2.5100449058124754	1.869507960123224	1.6870553462447129	1.1138953196343921	4.405913158986559	2.170029204067205	0.9045475394209984	3.538689981805658
7.049800678141176	4.5825831246284885	7.466268966341151	4.166114836428526	2.6885093879451984	3.3018261673668854	2.4725413099456777	1.869507960123224	1.724558942111743	1.1138953196343921	4.405913158986559	2.0744299537655366	0.9045475394209984	3.5903684612590046
7.12111391768385	4.579723518533574	7.479058162419663	4.221779273797847	2.6328449505761773	3.3018261673668854	2.4725413099456777	1.869507960123224	1.724558942111743	1.1138953196343921	4.4094517514643865	2.0872191498440262	0.8424849034791067	3.54176345767427
7.12111391768385	4.579723518533574	7.479058162419663	4.221779273797847	2.6328449505761773	3.3018261673668854	2.4725413099456777	1.869507960123224	1.724558942111743	1.0674122528330583	4.471630282978639	2.1304219926370283	0.7803063719642663	3.4985606148817543
7.12111391768385	4.579723518533574	7.527406972873539	4.173430463344008	2.6328449505761773	3.2534773569129993	2.4725413099456777	1.8227982340963786	1.724558942111743	1.11412197886004	4.471630282978639	2.1304219926370283	0.7803063719642663	3.547165618466102
7.12111391768385	4.579723518533574	7.527406972873539	4.173430463344008	2.6328449505761773	3.2534773569129993	2.4725413099456777	1.8227982340963786	1.724558942111743	1.0771140993037638	4.471630282978639	2.1737029203658302	0.7803063719642663	3.503884690737156
7.135685560878557	4.521079180083663	7.483334277618171	4.173430463344008	2.6328449505761773	3.2534773569129993	2.4725413099456777	1.8227982340963786	1.724558942111743	1.0771140993037638	4.412985944528528	2.1296302251107306	0.7803063719642663	3.457934300980177
7.135685560878557	4.521079180083663	7.483334277618171	4.173430463344008	2.6328449505761773	3.2534773569129993	2.52533415814571	1.8227982340963786	1.671766093911434	1.0771140993037638	4.412985944528528	2.1296302251107306	0.8402078446653091	3.457934300980177
7.150290180307548	4.462314298624589	7.439174015588153	4.173430463344008	2.6328449505761773	3.2534773569129993	2.52533415814571	1.7841033028426196	1.671766093911434	1.11580903055739	4.354221063069547	2.085469963080527	0.8402078446653091	3.457934300980177
7.150290180307548	4.518071389620727	7.439174015588153	4.229187554340028	2.6308480782586035	3.2534773569129993	2.471573939466923	1.7374447282974328	1.671766093911434	1.1624676051025689	4.416515668227576	2.085469963080527	0.7779132395070887	3.457934300980177
7.209175852804865	4.459185717123404	7.487603740397234	4.180757829531056	2.6308480782586035	3.2050476321039634	2.471573939466923	1.7374447282974328	1.671766093911434	1.1624676051025689	4.357629995730219	2.085469963080527	0.7779132395070887	3.457934300980177
7.209175852804865	4.459185717123404	7.487603740397234	4.180757829531056	2.6308480782586035	3.2050476321039634	2.471573939466923	1.7374447282974328	1.671766093911434	1.1160307864087669	4.357629995730219	2.128829138105684	0.7779132395070887	3.4145751259551282
7.152334101996566	4.459185717123404	7.430761989588905	4.180757829531056	2.6308480782586035	3.2050476321039634	2.471573939466923	1.7374447282974328	1.671766093911434	1.1160307864087669	4.357629995730219	2.071987387297394	0.7779132395070887	3.4145751259551282
7.108063839992584	4.459185717123404	7.386491727584885	4.180757829531056	2.6308480782586035	3.2050476321039634	2.471573939466923	1.7374447282974328	1.671766093911434	1.1160307864087669	4.357629995730219	2.027717125293573	0.8379192704700195	3.4145751259551282
7.167070551557365	4.456028875838778	7.4350025006647416	4.188096926731394	2.5749982079785334	3.1565368590240945	2.471573939466923	1.7374447282974328	1.7070957007874075	1.1160307864087669	4.361034140606484	2.027717125293573	0.7755084140297928	3.4145751259551282
7.167070551557365	4.456028875838778	7.4350025006647416	4.188096926731394	2.5749982079785334	3.1565368590240945	2.471573939466923	1.7374447282974328	1.7070957007874075	1.1160307864087669	4.361034140606484	2.027717125293573	0.7755084140297928	3.4145751259551282
7.167070551557365	4.456028875838778	7.4350025006647416	4.188096926731394	2.5749982079785334	3.2046760355837547	2.471573939466923	1.6893055517376583	1.671766093911434	1.1160307864087669	4.423561425530028	2.027717125293573	0.7129811291059445	3.4145751259551282
7.167070551557365	4.456028875838778	7.4350025006647416	4.188096926731394	2.5749982079785334	3.2046760355837547	2.471573939466923	1.6893055517376583	1.671766093911434	1.1624676051025689	4.423561425530028	2.071154710203459	0.7129811291059445	3.3711375410451447
7.122712397113718	4.456028875838778	7.39064434622102	4.188096926731394	2.5749982079785334	3.2046760355837547	2.471573939466923	1.6893055517376583	1.671766093911434	1.1624676051025689	4.423561425530028	2.026796555759569	0.7129811291059445	3.417087930802134
7.122712397113718	4.456028875838778	7.39064434622102	4.188096926731394	2.5749982079785334	3.2046760355837547	2.471573939466923	1.6893055517376583	1.671766093911434	1.1624676051025689	4.423561425530028	2.026796555759569	0.7129811291059445	3.417087930802134
7.179598505124772	4.50359782598912	7.447530454232072	4.2356658768817095	2.5274292578279853	3.2046760355837547	2.471573939466923	1.6893055517376583	1.671766093911434	1.1624676051025689	4.486205315688033	2.083682663770501	0.650337238948191	3.417087930802134
7.179598505124772	4.50359782598912	7.496122409482264	4.187073921631752	2.5691980465969713	3.1560840803337253	2.429805150697739	1.6893055517376583	1.671766093911434	1.1624676051025689	4.486205315688033	2.127198821382157	0.7104479701949885	3.419600127467068
7.238726503780219	4.4444698273337	7.496122409482264	4.187073921631752	2.5691980465969713	3.1560840803337253	2.429805150697739	1.6893055517376583	1.7070957007874075	1.1624676051025689	4.427077317032608	2.127198821382157	0.7104479701949885	3.419600127467068
7.238726503780219	4.4444698273337	7.496122409482264	4.187073921631752	2.5691980465969713	3.1560840803337253	2.429805150697739	1.6893055517376583	1.7070957007874075	1.1624676051025689	4.5431165483259655	2.127198821382157	0.5944087389014887	3.419600127467068
7.238726503780219	4.4444698273337	7.496122409482264	4.187073921631752	2.5691980465969713	3.1560840803337253	2.429805150697739	1.6893055517376583	1.7070957007874075	1.1624676051025689	4.5431165483259655	2.127198821382157	0.5944087389014887	3.419600127467068
7.238726503780219	4.4444698273337	7.496122409482264	4.187073921631752	2.5691980465969713	3.1560840803337253	2.429805150697739	1.6893055517376583	1.7070957007874075	1.1624676051025689	4.5431165483259655	2.127198821382157	0.5944087389014887	3.468131290308442
7.238726503780219	4.500397476164084	7.496122409482264	4.2430015704621225	2.513270397766559	3.198534451068539	2.429805150697739	1.646855181002889	1.7070957007874075	1.1624676051025689	4.5431165483259655	2.127198821382157	0.5944087389014887	3.468131290308442
7.238726503780219	4.500397476164084	7.496122409482264	4.2430015704621225	2.513270397766559	3.198534451068539	2.429805150697739	1.646855181002889	1.7601091258263095	1.1624676051025689	4.5431165483259655	2.17079371473931	0.5944087389014887	3.424536396951457
7.238726503780219	4.500397476164084	7.496122409482264	4.2430015704621225	2.513270397766559	3.198534451068539	2.467284657596269	1.6855619580421533	1.722629618927675	1.1237608280631168	4.5431165483259655	2.17079371473931	0.5944087389014887	3.424536396951457
7.238726503780219	4.500397476164084	7.496122409482264	4.2430015704621225	2.513270397766559	3.198534451068539	2.467284657596269	1.6855619580421533	1.722629618927675	1.1237608280631168	4.5431165483259655	2.17079371473931	0.5944087389014887	3.424536396951457
7.238726503780219	4.500397476164084	7.496122409482264	4.2430015704621225	2.513270397766559	3.198534451068539	2.467284657596269	1.6855619580421533	1.722629618927675	1.1237608280631168	4.5431165483259655	2.17079371473931	0.6546243120249556	3.424536396951457
7.238726503780219	4.500397476164084	7.496122409482264	4.2430015704621225	2.513270397766559	3.198534451068539	2.4145158983643733	1.6855619580421533	1.7753983781594789	1.1237608280631168	4.5431165483259655	2.17079371473931	0.6546243120249556	3.4706468599242575
7.29797603753653	4.4411479424079445	7.496122409482264	4.2430015704621225	2.554960849395779	3.198534451068539	2.3728254467353516	1.6855619580421533	1.7753983781594789	1.1607687076190938	4.4838670145697215	2.17079371473931	0.6546243120249556	3.4706468599242575
7.29797603753653	4.4411479424079445	7.496122409482264	4.2430015704621225	2.554960849395779	3.198534451068539	2.3728254467353516	1.6855619580421533	1.7753983781594789	1.1607687076190938	4.4838670145697215	2.17079371473931	0.6546243120249556	3.4706468599242575
7.29797603753653	4.4411479424079445	7.496122409482264	4.2430015704621225	2.554960849395779	3.2409135097619712	2.3728254467353516	1.6431828993486002	1.7753983781594789	1.1607687076190938	4.4838670145697215	2.222555019189975	0.6546243120249556	3.4188855554735604
7.29797603753653	4.4411479424079445	7.447530454232072	4.291593525712207	2.554960849395779	3.2895054650120703	2.3728254467353516	1.6431828993486002	1.7753983781594789	1.1237608280631168	4.4838670145697215	2.222555019189975	0.6442789564282018	3.4188855554735604
7.29797603753653	4.4411479424079445	7.447530454232072	4.291593525712207	2.554960849395779	3.2895054650120703	2.3728254467353516	1.6818267447433108	1.7753983781594789	1.122124862225445	4.421125507858855	2.178946557229617	0.7070204631392215	3.4163835544611483
7.29797603753653	4.385220293577484	7.447530454232072	4.2356658768817095	2.6108884982264184	3.2895054650120703	2.3728254467353516	1.6818267447433108	1.7753983781594789	1.122124862225445	4.421125507858855	2.127198821382157	0.7070204631392215	3.419600127467068
7.238726503780219	4.4444698273337	7.399019681152308	4.284176649961567	2.6108884982264184	3.2956371793984296	2.3728254467353516	1.724205803436803	1.7753983781594789	1.0851169826690206	4.480375041615092	2.0402450788608895	0.7070204631392215	3.4579446036069816
7.238726503780219	4.4444698273337	7.399019681152308	4.284176649961567	2.6108884982264184	3.2475069831271517	2.3728254467353516	1.7723359997082984	1.7753983781594789	1.0851169826690206	4.480375041615092	1.9968859038357583	0.7070204631392215	3.501303778632017
7.238726503780219	4.4444698273337	7.399019681152308	4.284176649961567	2.6108884982264184	3.2475069831271517	2.3728254467353516	1.7723359997082984	1.7753983781594789	1.0851169826690206	4.480375041615092	1.9018343741033266	0.7070204631392215	3.5963553083646893
7.238726503780219	4.4444698273337	7.399019681152308	4.284176649961567	2.6108884982264184	3.2475069831271517	2.3728254467353516	1.7723359997082984	1.7753983781594789	1.0851169826690206	4.480375041615092	1.8068113143832931	0.7070204631392215	3.6426908796115014
7.238726503780219	4.4444698273337	7.35107628450327	4.332120046610659	2.6230166423897447	3.2954503797759327	2.360697302571686	1.7336921543136705	1.7753983781594789	1.1237608280631168	4.480375041615092	1.71181723437312	0.7567860929644796	3.688919130576363
7.2957008055683215	4.4444698273337	7.408050586291349	4.332120046610659	2.6230166423897447	3.2954503797759327	2.360697302571686	1.7336921543136705	1.8284771104136972	1.1237608280631168	4.36443342687461	1.71681559714397	0.8727277077052772	3.7408950695929737
7.236572806912795	4.50359782598912	7.408050586291349	4.332120046610659	2.6230166423897447	3.252991028753084	2.360697302571686	1.6520677155412262	1.8284771104136972	1.2107766628564218	4.423561425530028	1.6309162518636608	0.8727277077052772	3.780779268632181
7.236572806912795	4.50359782598912	7.456562316127226	4.283608316774969	2.6230166423897447	3.252618475476999	2.360697302571686	1.5650839486525665	1.8284771104136972	1.249621253184802	4.423561425530028	1.5880833550411664	0.8727277077052772	3.7288405343661974
7.236572806912795	4.50359782598912	7.408050586291349	4.332120046610659	2.5691980465969713	3.252991028753084	2.4145158983643733	1.5666675654171918	1.7753983781594789	1.296176812980289	4.298623284165359	1.4933347039510727	0.9479002192436575	3.6406426067459625
7.177566095347954	4.562604537553927	7.408050586291349	4.332120046610659	2.5691980465969713	3.252991028753084	2.4145158983643733	1.5277483456515324	1.7753983781594789	1.3350960327455537	4.357629995730219	1.398616908658176	0.9479002192436575	3.598967117531015
7.118680422850688	4.565655259884199	7.359620043458069	4.324715639276966	2.6250329967641743	3.301421571586279	2.4145158983643733	1.5277483456515324	1.7753983781594789	1.28864555732966	4.407592555096956	1.3560475362524056	0.9568233323747491	3.505838960147386
7.162994102628329	4.565655259884199	7.403933723235574	4.324715639276966	2.6250329967641743	3.301421571586279	2.4145158983643733	1.5666675654171918	1.7753983781594789	1.2497263375643086	4.407592555096956	1.357869159281149	0.9568233323747491	3.5032524622124246
7.162994102628329	4.5099128838875036	7.355584232801295	4.317322753714398	2.6270351140534034	3.3497710620206065	2.468256157072157	1.5666675654171918	1.7753983781594789	1.2497263375643086	4.345431749229135	1.3154542543623067	1.0189841382426748	3.455740347328841
7.104229221169256	4.568677765346488	7.355584232801295	4.317322753714398	2.6270351140534034	3.3017032400199144	2.468256157072157	1.6535914539432208	1.7753983781594789	1.2108702710390784	4.3421514366561835	1.3154542543623067	1.081029332274667	3.4108916014557287
7.075424180676278	4.630196220653106	7.395679001572121	4.309941399757174	2.682685040661042	3.301975254209681	2.468256157072157	1.7403810436265885	1.7753983781594789	1.1256868992895188	4.335575557085915	1.3614796791219963	1.2047735937588684	3.4084570945964194
7.018876590937506	4.574279206395601	7.338771999860213	4.254383797472938	2.7382426429452673	3.301975254209681	2.468256157072157	1.7403810436265885	1.7753983781594789	1.1256868992895188	4.273516722152068	1.2623115856906173	1.2063819047709823	3.4060219450269154
6.990483584458817	4.635264841504989	7.426830031796985	4.198918394166656	2.7400460480631517	3.2540498681397336	2.5593527790167236	1.8270365434019928	1.7379637544033235	1.0406265239478805	4.2669134383868	1.4023459483916672	1.3294362269517872	3.358161197604031
6.976334970496132	4.693311641362803	7.470486271424606	4.199160340434119	2.7400460480631517	3.2489314578336868	2.5593527790167236	1.8789178313014765	1.7379637544033235	1.0312141733389726	4.3249602382446755	1.4981438870836952	1.2694495621440947	3.3062614448069754
6.831688270862579	4.870120759563323	7.5099151489317855	4.191893881494183	2.7418355634517293	3.297038328842581	2.612936593577005	1.9175734698509321	1.7379637544033235	0.9925585347892654	4.434546535491028	1.5952707535292256	1.3920457130472608	3.2562902976085493
6.7741176612119745	4.927691369214021	7.5099151489317855	4.191893881494183	2.7418355634517293	3.297038328842581	2.612936593577005	1.9175734698509321	1.7379637544033235	0.9925585347892654	4.4309904348388995	1.5531148609495273	1.453172423350241	3.2984461901882844
6.702968362578511	4.987197261490826	7.505526632628042	4.184638991441278	2.74361123778829	3.3450648212737892	2.6664423017243406	1.9175734698509321	1.7379637544033235	1.0388753692170372	4.370300345126547	1.5546730321582205	1.6286497878233808	3.2075312154871054
6.632203015708649	5.046324699535855	7.549078284981204	4.129449430263077	2.7988007989665897	3.3450648212737892	2.6664423017243406	2.002726505865191	1.7379637544033235	0.9537223332036435	4.363131765032131	1.649924539845184	1.750135367141047	3.1601934522917534
6.561819846780968	5.050069238371705	7.544597571460466	4.067291513692203	2.8554772840832015	3.3930110690888062	2.7198699809938978	2.002726505865191	1.7379637544033235	0.9537223332036435	4.355949067337551	1.6513703650642322	1.8212575650766107	3.07464548169189
6.505070487941485	5.05190374038761	7.544597571460466	4.012376656868718	2.9103921409065356	3.3930110690888062	2.7198699809938978	2.002726505865191	1.7379637544033235	1.000099131946101	4.352352584040278	1.6513703650642322	1.8217019345131071	3.079180610728086
6.505070487941485	4.997080197646697	7.544597571460466	3.9575531141279368	2.923348847817909	3.4354341585560433	2.761736816823591	1.960303416398043	1.7910424866574595	1.000099131946101	4.2921197355661915	1.6513703650642322	1.8819347829874349	3.079180610728086
6.448437461416599	5.005978578442107	7.496731434297838	3.9576846055607975	2.9710834935476154	3.483300295718563	2.761736816823591	1.960303416398043	1.7910424866574595	1.000099131946101	4.174839229156036	1.6094263405086207	1.996051259045286	3.1301512862338674
6.435300141717954	5.007750647451841	7.540111055832027	3.9029397333377034	3.0258283657705474	3.483300295718563	2.761736816823591	1.960303416398043	1.7910424866574595	1.000099131946101	4.171449073874942	1.6528059620428086	2.055958355559308	3.0865268995029345
6.363362268160193	5.068328816149023	7.583404969488308	3.8482861148208856	3.1223488201171143	3.483300295718563	2.6824353572375927	1.9217223843691	1.7753983781594789	1.0386801639748493	4.11327020407009	1.6960998756991827	2.1196063052684444	3.0475991504651243
6.294125443449497	5.23542766961953	7.626613379731338	3.9029397333377034	3.014345473357081	3.483300295718563	2.7357850854808228	1.9217223843691	1.7753983781594789	1.1316138767801325	4.052597158974885	1.6974397864448045	2.173615069112936	2.9690408413413483
6.278312999888529	5.294363224057566	7.717602627770876	3.855073596175113	3.014345473357081	3.4354341585560433	2.7357850854808228	1.9217223843691	1.7753983781594789	1.1781709016019573	3.93870922440321	1.6987697636729087	2.2870400059873313	2.967768435663035
6.195834100569274	5.406335411496062	7.747095915890177	3.855073596175113	2.9610736179745847	3.4354341585560433	2.789056940863137	1.9683572016938908	1.7753983781594789	1.094495788962879	3.9324866480008365	1.6865451250331687	2.3459401610721033	2.752598608263881
6.195834100569274	5.406335411496062	7.794962053052731	3.8072074590125453	2.9078795569773273	3.387568021393433	2.8422510018603067	1.9683572016938908	1.7753983781594789	1.1411270032998964	3.9324866480008365	1.6865451250331687	2.28674934976819	2.7100336701507786
6.166688002916084	5.466527540976761	7.880661703397201	3.7525538404957133	2.9625331754942774	3.339801439155658	2.8422510018603067	2.016123783931369	1.7753983781594789	1.2248307463506776	3.988402739130258	1.7306018968031334	2.345679006636436	2.4977731302556645
6.153719447039716	5.522219511766037	7.9233851183101915	3.7525538404957133	2.9625331754942774	3.339801439155658	2.789551214681277	2.0628214798445152	1.7397551334239534	1.1411208788682996	3.9309271294080816	1.7317573228739287	2.458846587147589	2.4074855158470903
6.196358856383047	5.522219511766037	7.966024527653482	3.7525538404957133	2.9625331754942774	3.3451449319261397	2.789551214681277	2.0188580832282765	1.7927958668256239	1.1797407827142834	3.9309271294080816	1.7329034749083174	2.349480371979438	2.407057208420601
6.081648372245054	5.58907938765735	7.966024527653482	3.704703232248936	3.010383783740973	3.3451449319261397	2.789551214681277	1.980175116597417	1.7397551334239534	1.2184237493451349	4.045637613546221	1.6501405233742297	2.3997594269928086	2.4898201599545327
6.124203976450345	5.58907938765735	7.960713994696216	3.7525693694113755	3.010383783740973	3.345236074842105	2.789551214681277	2.0747349834905893	1.7397551334239534	1.218390860450524	3.9283183747687285	1.651426118234524	2.5082873097404224	2.489238508354387
6.068748576336688	5.589960295664823	7.865061697059764	3.7936471749418454	3.0649582758473084	3.4408883724786747	2.789551214681277	2.0747349834905893	1.7397551334239534	1.218390860450524	3.983773774882362	1.6102302101844201	2.449423519199325	2.4886525290967008
6.108335308350507	5.594717351055084	7.868555860649661	3.8344967987559824	3.1194415787562004	3.536221299201889	2.789551214681277	2.0747349834905893	1.7397551334239534	1.218390860450524	4.0973805695213	1.5859126162344637	2.3950570828595366	2.522268458228828
6.095366681260639	5.6020850364705845	7.863373356029467	3.834078361701775	3.12548347245297	3.583768333358615	2.831474792195779	2.0747349834905893	1.7397551334239534	1.218390860450524	4.152713726147792	1.5465483261431852	2.3950570828595366	2.514487844704585
6.099372482719073	5.591652462433343	7.815905762750785	3.8751191824015914	3.131910245031726	3.583531700276346	2.831474792195779	2.083705079323752	1.7397551334239534	1.2200665889562128	4.148707924689334	1.4137266320709287	2.3950570828595366	2.5578198581149714
6.141653730283655	5.591652462433343	7.858187010315402	3.8751191824015914	3.131910245031726	3.583531700276346	2.793947265928322	2.083705079323752	1.7772826596908893	1.2200665889562128	4.148707924689334	1.415416454674715	2.3950570828595366	2.5504058655536244
6.1838518952995685	5.591652462433343	7.900385175331409	3.8751191824015914	3.131910245031726	3.5358981506693157	2.793947265928322	2.1313386289307372	1.7772826596908893	1.2200665889562128	4.0943414883496825	1.2959750730501916	2.449423519199325	2.663970404456605
6.1838518952995685	5.591652462433343	7.900385175331409	3.8751191824015914	3.1738338225461438	3.5358981506693157	2.7520236884140648	2.1313386289307372	1.7772826596908893	1.2200665889562128	4.0943414883496825	1.2557459512148028	2.449423519199325	2.656054844748004
6.225967176767722	5.591652462433343	7.942500456799578	3.8751191824015914	3.1207174771506034	3.5358981506693157	2.805140033809887	2.1313386289307372	1.7772826596908893	1.2200665889562128	4.0943414883496825	1.2577041083217053	2.449423519199325	2.69621196910956
6.225967176767722	5.591652462433343	7.942500456799578	3.8751191824015914	3.1207174771506034	3.5358981506693157	2.805140033809887	2.1313386289307372	1.7772826596908893	1.2200665889562128	4.0943414883496825	1.2176188276738564	2.449423519199325	2.736297249757142
6.267999773266398	5.591652462433343	7.937144766967285	3.9225074687326367	3.1207174771506034	3.583286437000284	2.805140033809887	2.0845417381574673	1.7772826596908893	1.2668634797296412	4.0943414883496825	1.2196378337469664	2.449423519199325	2.7763108401822407
6.323226532532357	5.536425703167303	7.937144766967285	3.9225074687326367	3.1207174771506034	3.578179431417007	2.805140033809887	2.0896487437406974	1.7772826596908893	1.2668634797296412	4.152076721439886	1.1796957803213846	2.3364615268428817	2.816252893607863
6.323226532532357	5.482124388196234	7.937144766967285	3.868206153761539	3.175018792121456	3.578179431417007	2.805140033809887	2.1283948923949843	1.7772826596908893	1.2281173310752556	4.152076721439886	1.1398251109422801	2.3364615268428817	2.856123562987164
6.323226532532357	5.482124388196234	7.937144766967285	3.868206153761539	3.2281351375171283	3.578179431417007	2.7520236884140648	2.1283948923949843	1.7772826596908893	1.2281173310752556	4.269601548372681	1.0487812968578838	2.2189366999104485	2.8506686589640218
6.323226532532357	5.482124388196234	7.937144766967285	3.868206153761539	3.186211560002714	3.578179431417007	2.793947265928322	2.1751797650416953	1.7772826596908893	1.181332458428787	4.323830628350964	0.9974657758472278	2.2148134575643272	2.853629976996079
6.323226532532357	5.482124388196234	7.889835653666547	3.915515267062199	3.186211560002714	3.625488544717693	2.793947265928322	2.1751797650416953	1.7772826596908893	1.181332458428787	4.441782881341094	0.9064059869031752	2.0968612045740707	2.840654759288934
6.382344898352296	5.423006022376374	7.889835653666547	3.915515267062199	3.2281351375171283	3.625488544717693	2.7520236884140648	2.1751797650416953	1.7772826596908893	1.218390860450524	4.441808090552763	0.8946210361990948	2.0377176295421324	2.7550771513362697
6.437693399151243	5.469844861481334	7.889835653666547	4.017702606965954	3.12594779761324	3.625488544717693	2.7520236884140648	2.2138506478113436	1.7772826596908893	1.1797199776802658	4.4457150517763475	0.8946210361990948	2.0373093040523056	2.7062900798505924
6.552174903437834	5.3553633571947055	7.889835653666547	4.017702606965954	3.179141858610524	3.6203975475288983	2.6988296274167887	2.218941645000555	1.7772826596908893	1.1797199776802658	4.558083058931752	0.8430916868576079	1.8104597926100283	2.8335922526012554
6.607759018065149	5.299779242567394	7.889835653666547	4.017702606965954	3.179141858610524	3.6203975475288983	2.6988296274167887	2.218941645000555	1.7772826596908893	1.1797199776802658	4.562069065631035	0.7914909311670282	1.7508896712835593	2.926878603934151
6.677766136392743	5.244080596707041	7.90414412613378	4.017702606965954	3.179141858610524	3.6203975475288983	2.6988296274167887	2.218941645000555	1.7772826596908893	1.1329679939284285	4.625847263766165	0.8454872474331976	1.690362838672943	3.138805912728822
6.733579562239601	5.242647801772147	7.856914051961098	4.119313312050606	3.1780330830809382	3.709951053544548	2.6455577720345933	2.176618213157356	1.7772826596908893	1.1329679939284285	4.6299409344330105	0.8852467176740731	1.689508773263479	3.183493524506297
6.845551749678092	5.130675614333684	7.856914051961098	4.119313312050606	3.1780330830809382	3.709951053544548	2.6455577720345933	2.091162457740952	1.7772826596908893	1.1251009635264841	4.577988541952845	1.0049564452760418	1.6294889783052515	3.3252147407128114
6.859620215546228	5.176759462905599	7.814823257974797	4.2215564204770075	3.117598024147058	3.709951053544548	2.6037497225419917	2.0444407670912614	1.7772826596908893	1.1252517416828627	4.5819619617191005	1.0029131869520704	1.569356298684581	3.3278734453802485
6.8737215004905625	5.175034792595813	7.819879580734436	4.228876712351759	3.1163782216013716	3.662720979371954	2.550419159040343	1.9977821925456927	1.7243073581306745	1.1719103162282578	4.700026674328836	1.1620663755251521	1.395016549717474	3.3411775316509242
7.0008606584839885	5.116777689433177	7.834120338452583	4.2835180094646175	3.0617369244884687	3.710189493717833	2.550419159040343	1.9503136782000683	1.7243073581306745	1.1719103162282578	4.708159674969761	1.2573491758016926	1.2739851488014216	3.3955524240779136
7.043884318931014	5.056111422929441	7.801619233196511	4.298376508663742	3.059075563499571	3.716028291856855	2.4435246211982604	1.8110076533093138	1.759664118891932	1.210680143348024	4.598623435442026	1.2931181906648146	1.2724554183163241	3.493527330121578
7.058291951848096	5.0540513408941985	7.806519520533549	4.305823772208738	3.057724835209537	3.7163187783146876	2.3899604926649447	1.6777977976078544	1.759664118891932	1.2961319193129142	4.602448150093924	1.291477743519137	1.2116557648057906	3.4963520948641076
7.103367939927231	4.935773485596544	7.7734849983569925	4.265656427166655	3.014650186156942	3.7168731774236994	2.4307525612050673	1.6209143456940325	1.724558942111743	1.294341511970312	4.490077560601852	1.3797243128283916	1.1599815589463525	3.54886119822341
7.117794080058686	4.878441863450488	7.7782858340891785	4.217950109420133	3.014650186156942	3.6748109334642405	2.3931798346590165	1.6152702719070793	1.76213166865772	1.3313355642163949	4.4937735950770525	1.3781362863077318	1.098953902325354	3.6450605944539585
7.132253213327465	4.8760900610615705	7.783081459148306	4.225261815240771	2.959552319862576	3.627024772990316	2.3931798346590165	1.6152702719070793	1.76213166865772	1.3313355642163949	4.436323926393607	1.428500410019317	1.098953902325354	3.6006477255076343
7.175829014996208	4.758219845713961	7.701463621453842	4.2325852392563945	2.958103017391866	3.6272086725605868	2.3394395759513475	1.5672202351745737	1.76213166865772	1.3313355642163949	4.4470334941356855	1.4236968875377658	0.9151845580573181	3.698619233632434
7.190420562055553	4.7555768817788415	7.706077069909135	4.2399203739253215	2.90282163490792	3.627383550366602	2.3394395759513475	1.519099109553143	1.815172402059441	1.3313355642163949	4.5656531307904	1.5158331830496703	0.7980214011474638	3.6527447170454628
7.234394645116915	4.588818910666118	7.575641739489947	4.247571816293231	2.895089813285644	3.5849241124185687	2.3394395759513475	1.561478168246757	1.815172402059441	1.3313355642163949	4.514677263177586	1.595476255773802	0.7339921441780235	3.6226963865001847
7.249119294330766	4.530415897156539	7.531963375194014	4.247571816293231	2.895089813285644	3.5849241124185687	2.3770123024974423	1.561478168246757	1.7775996755135988	1.294341511970312	4.518204008990862	1.6460512958349558	0.6720623848551239	3.5736633580838584
7.31036440517889	4.347642900125913	7.395679001572121	4.26232830373269	2.7422696066239802	3.4943894332355696	2.418781091266751	1.5557179169767599	1.7775996755135988	1.294341511970312	4.473254747571971	1.7207603762399455	0.5327416791760395	3.4970017935817506
7.325355166888842	4.344178838170154	7.4481593270416315	4.221374678017326	2.686605169254806	3.3977713701508985	2.456284687133888	1.5557179169767599	1.7400960796469314	1.294341511970312	4.414126248246964	1.7623662281912393	0.5924158497359804	3.4568724951367833
