0	1	2	3	4	5	6	7	8	9	10	11	12	13
8.031902458390306	3.389299958843376	7.049882448112253	4.3713199691215125	4.315758608078709	1.5284977063169092	4.7146984986796046	1.288956277438799	1.4082093570125997	0.4434341178608146	2.0263702202540346	4.079604647816243	0.24002911168139074	3.535212923907387
8.032428802273094	3.4598170875051	6.898074544918252	4.594171344859896	4.188398107034966	1.623988581011379	4.7499275769836995	1.4073704815865535	1.315507489929039	0.27707086874313175	2.082007465836745	4.125154184435147	0.30150262393941607	3.5776008466246747
8.03292458167326	3.261630699505219	6.746032797060995	4.548522484117524	4.329858815552116	1.7653652906241335	4.7499275769836995	1.4011558991010187	1.315507489929039	0.2757645216523722	2.0816697800893555	4.0689242843527245	0.2962271555375219	3.625842436212537
8.03292458167326	3.3256270708983777	6.746032797060995	4.612518855510781	4.3069507795797035	1.7653652906241335	4.708839241562945	1.4011558991010187	1.315507489929039	0.3137514544788381	2.0816697800893555	4.0689242843527245	0.24487400454545002	3.67416261153071
8.03292458167326	3.3256270708983777	6.698006169991351	4.660545482580366	4.363421422798588	1.8133919176934126	4.5945747560621495	1.4011558991010187	1.373301332211056	0.3137514544788381	2.138156429456363	4.0689242843527245	0.2959546384797872	3.771039212427824
8.089532822539148	3.2216199033813613	6.746113446271008	4.565039279649653	4.451801528726747	1.7652846414138255	4.553593576785297	1.4011558991010187	1.3490737510166502	0.3137514544788381	2.081548188590469	4.0689242843527245	0.2959546384797872	3.819595884420579
8.101603834068907	3.165128846984388	6.653586125124119	4.613146555929104	4.451801528726747	1.7249885878351139	4.588788275437246	1.5288491175923196	1.2807003584642052	0.27446156584429465	2.0250571321934157	4.024504239485418	0.2959546384797872	3.8702962390029376
8.045440388873056	3.17347250110644	6.597422679928239	4.621490210051212	4.443457874604514	1.7249885878351139	4.588788275437246	1.5288491175923196	1.2807003584642052	0.23154304359271424	2.0185993554958404	4.0147679010808615	0.3409417295024178	3.87266698639934
8.045440388873056	3.1259035509560866	6.645692069951917	4.525651869877189	4.491026824754998	1.6767191978114933	4.588788275437246	1.5288491175923196	1.2807003584642052	0.27446156584429465	2.0185993554958404	4.0655850574782475	0.2949028772172721	3.917370325211096
7.989364086010718	3.1259035509560866	6.589615767089603	4.525651869877189	4.491026824754998	1.6767191978114933	4.588788275437246	1.4895592289592274	1.223360596711025	0.2757645216523722	2.0185993554958404	4.009508754615861	0.34625602820803264	3.9663236201487124
7.989364086010718	3.1259035509560866	6.589615767089603	4.525651869877189	4.506597208259661	1.6767191978114933	4.573217891932597	1.4895592289592274	1.223360596711025	0.31874700765209685	2.0185993554958404	4.009508754615861	0.34625602820803264	3.9663236201487124
7.989364086010718	3.17347250110644	6.589615767089603	4.573220820027597	4.4590282581090515	1.6767191978114933	4.573217891932597	1.4895592289592274	1.223360596711025	0.31874700765209685	2.0185993554958404	4.009508754615861	0.34625602820803264	3.9663236201487124
8.045738211946793	3.1170983751703774	6.589615767089603	4.573220820027597	4.499982939642501	1.6767191978114933	4.532263210399161	1.4502089496073622	1.223360596711025	0.3580972870035819	1.962225229559698	4.009508754615861	0.34625602820803264	3.9663236201487124
8.045738211946793	3.1170983751703774	6.589615767089603	4.573220820027597	4.5565887901111335	1.6767191978114933	4.475657359930554	1.4502089496073622	1.223360596711025	0.3580972870035819	1.905849024874008	4.009508754615861	0.24391434075223586	3.9663236201487124
8.1019956612852	3.108317177270377	6.637803827207969	4.5725090113475915	4.509112538672839	1.62853113769295	4.475657359930554	1.4502089496073622	1.223360596711025	0.3580972870035819	1.849591575535764	4.009508754615861	0.24391434075223586	3.9663236201487124
8.149893113468869	3.048911646623399	6.6262957487445115	4.5725090113475915	4.509112538672839	1.5856245250432022	4.475657359930554	1.4931155622579375	1.223360596711025	0.3580972870035819	1.8401284141203074	3.9980006761523756	0.24797346887518604	3.9663236201487124
8.149893113468869	3.0962954050473885	6.6262957487445115	4.619892769771649	4.461728780248908	1.5856245250432022	4.475657359930554	1.4931155622579375	1.223360596711025	0.3580972870035819	1.7838622255635792	3.9980006761523756	0.14037254525698833	3.9663236201487124
8.149893113468869	3.0962954050473885	6.674402616336321	4.571785902179856	4.518415478720574	1.583090850130433	4.418970661458909	1.4475423695788352	1.223360596711025	0.3200603486250204	1.7838622255635792	3.9980006761523756	0.14037254525698833	3.9663236201487124
8.149893113468869	3.0962954050473885	6.674402616336321	4.571785902179856	4.518415478720574	1.583090850130433	4.418970661458909	1.4475423695788352	1.223360596711025	0.3200603486250204	1.7838622255635792	4.044517595498974	0.14037254525698833	3.9688396890788864
8.149893113468869	3.0962954050473885	6.674402616336321	4.571785902179856	4.518415478720574	1.583090850130433	4.418970661458909	1.4475423695788352	1.223360596711025	0.3200603486250204	1.7838622255635792	4.044517595498974	0.14037254525698833	4.01539506003387
8.149893113468869	3.0962954050473885	6.674402616336321	4.571785902179856	4.518415478720574	1.583090850130433	4.361284323364645	1.4475423695788352	1.2810469348053144	0.3200603486250204	1.7838622255635792	4.044517595498974	0.14037254525698833	4.01539506003387
8.149893113468869	3.0962954050473885	6.674402616336321	4.571785902179856	4.518415478720574	1.583090850130433	4.361284323364645	1.4475423695788352	1.2810469348053144	0.3200603486250204	1.7838622255635792	4.044517595498974	0.08895561566705774	4.01539506003387
8.149893113468869	3.0962954050473885	6.674402616336321	4.571785902179856	4.518415478720574	1.583090850130433	4.361284323364645	1.4475423695788352	1.2810469348053144	0.3200603486250204	1.7838622255635792	4.044517595498974	0.08895561566705774	4.01539506003387
8.149893113468869	3.0962954050473885	6.722752652135545	4.523435866380605	4.518415478720574	1.534740814331106	4.361284323364645	1.4475423695788352	1.2810469348053144	0.3200603486250204	1.7838622255635792	4.044517595498974	0.08895561566705774	3.9688396890788864
8.149893113468869	3.0962954050473885	6.722752652135545	4.523435866380605	4.575183087313534	1.5776433092710789	4.30451671477161	1.40463987463883	1.2810469348053144	0.27707086874313175	1.7276939682645767	4.044517595498974	0.03278735836874984	4.017952493461522
8.093642032012173	3.152546486504083	6.722752652135545	4.523435866380605	4.575183087313534	1.5776433092710789	4.30451671477161	1.3606637598877547	1.2810469348053144	0.32104698349441957	1.783945049720967	4.044517595498974	0.03278735836874984	4.017952493461522
8.093642032012173	3.152546486504083	6.722752652135545	4.523435866380605	4.575183087313534	1.5776433092710789	4.30451671477161	1.4000207569122132	1.2810469348053144	0.28168998647051724	1.783945049720967	4.044517595498974	0.03278735836874984	4.017952493461522
8.093642032012173	3.208443511399256	6.722752652135545	4.579332891275875	4.47841206315668	1.5776433092710789	4.34539071403332	1.4000207569122132	1.338386696558367	0.28168998647051724	1.783945049720967	4.0911170469987805	0.018711880292254252	4.020545785147924
8.093642032012173	3.208443511399256	6.722752652135545	4.579332891275875	4.47841206315668	1.5776433092710789	4.34539071403332	1.4000207569122132	1.338386696558367	0.28168998647051724	1.783945049720967	4.0911170469987805	0.018711880292254252	4.020545785147924
8.037274057377413	3.264811486033895	6.722752652135545	4.579332891275875	4.47841206315668	1.6661105511219854	4.34539071403332	1.3115535150616748	1.338386696558367	0.28168998647051724	1.7842425505395896	4.0911170469987805	0.07478235411566363	4.069818589764055
8.037274057377413	3.264811486033895	6.771183878389185	4.5309016650220135	4.47841206315668	1.5748493980268783	4.34539071403332	1.3543834419027516	1.338386696558367	0.28168998647051724	1.7842425505395896	4.137799188681426	0.0805188158002031	4.023136448081651
7.980788934274091	3.3772860440491073	6.771183878389185	4.586891099934182	4.422422628244432	1.6176793248680048	4.34539071403332	1.2676444362083201	1.338386696558367	0.28266667962644326	1.8468325435256607	4.137799188681426	0.12608806573711318	3.97651413609424
7.924906604343889	3.4333680111326474	6.76381410046083	4.5944605150158	4.366340661161298	1.5691667728662464	4.40307705212765	1.2676444362083201	1.2807003584642052	0.28266667962644326	1.7967689443996895	4.128681848767818	0.1761516648589963	3.979106716463487
7.880405451739647	3.4333680111326474	6.7679069608886735	4.545866501983647	4.4072146604227695	1.520572759834166	4.362203052865897	1.2676444362083201	1.2807003584642052	0.3255990653227167	1.7967689443996895	4.033334999988333	0.27974847030257616	4.079390435648728
7.880405451739647	3.4895426322362995	6.7679069608886735	4.602041123087241	4.310166040057534	1.5234484834041695	4.40307705212765	1.2209198794475713	1.2807003584642052	0.32651551281775615	1.8529600749731423	4.0801761685877596	0.22355733972853423	4.032549267049259
7.823802924725768	3.5461451592502167	6.816582570219015	4.553365513756955	4.310166040057534	1.4747728740737265	4.40307705212765	1.2209198794475713	1.223360596711025	0.32651551281775615	1.90956260198711	4.127100626385718	0.27548025434693413	4.084742705348002
7.83876227371011	3.486597802798886	6.771994562752217	4.553365513756955	4.310166040057534	1.4747728740737265	4.40307705212765	1.2209198794475713	1.223360596711025	0.32651551281775615	1.9563453946458085	4.1803863320584975	0.22115618015009417	3.9868689922083416
7.853752447685019	3.426932566132776	6.727319500060837	4.553365513756955	4.310166040057534	1.4747728740737265	4.40307705212765	1.2209198794475713	1.223360596711025	0.32651551281775615	1.9530563626654764	4.229990844714181	0.22318629682801186	3.9920305992517564
7.92867512523823	3.2599265471722374	6.682557181423163	4.506044490987427	4.357487062827227	1.4747728740737265	4.40307705212765	1.2209198794475713	1.223360596711025	0.32651551281775615	1.8898460118938658	4.279843300338393	0.27132987359707533	3.9971812759026633
7.943845549811955	3.1999063469338935	6.637707405758668	4.506044490987427	4.357487062827227	1.5205469551848076	4.40307705212765	1.1751457983361047	1.2565774011304074	0.32651551281775615	1.8863990458477482	4.329944769894762	0.26719154332440465	3.952234663387099
7.91402178315884	3.1870884078362596	6.547744677238344	4.553365513756955	4.367041912906556	1.5205469551848076	4.346201179278559	1.1313571381592513	1.2565774011304074	0.37030417299550483	1.8829320547336177	4.335271031268694	0.36832882076130474	3.9571993656765336
7.91402178315884	3.1870884078362596	6.547744677238344	4.553365513756955	4.367041912906556	1.6092058105645648	4.346201179278559	1.042698282779507	1.2565774011304074	0.37030417299550483	1.939702909578273	4.332123304166265	0.36432960548438476	4.010596396869771
7.8839647480672745	3.0706558433031272	6.50545139686381	4.449169194506722	4.423216534010187	1.5611841124175965	4.288514841184261	1.042698282779507	1.257028423542807	0.37030417299550483	1.9363148523554816	4.3856176266698705	0.5725871731789995	3.971406210465226
7.8839647480672745	3.0706558433031272	6.50545139686381	4.449169194506722	4.480173640049368	1.6070905479842175	4.2315577351450475	1.0405805073903218	1.199859442319629	0.32651551281775615	2.0431381820886854	4.3856176266698705	0.5724092404823087	4.021990177020148
7.853673042830568	3.0664533196633816	6.463538645196439	4.456587717297346	4.423999018945793	1.558334449671097	4.266718081026213	1.0405805073903218	0.8798491322889379	0.32651551281775615	2.10441050203417	4.439527833414054	0.6731640063612873	4.08490964098512
7.853673042830568	3.0664533196633816	6.463538645196439	4.456587717297346	4.423999018945793	1.558334449671097	4.301807786059834	1.0405805073903218	0.7879884005612524	0.32651551281775615	2.1617777446066593	4.487892659213287	0.7236682149334086	4.138804205244712
7.808205407793604	3.12272071632679	6.4669088337255465	4.4640172903948185	4.424770022855851	1.5094966261053726	4.244769385486359	1.0405805073903218	0.731283686091518	0.32651551281775615	2.219244896394384	4.490876021589779	0.7202660490676459	4.090353207831139
7.781464519199774	3.1146191886332355	6.327687052506243	4.568396655326695	4.523466185867277	1.5575156975881381	4.0897129290260406	1.0798904618343412	0.8781717521941254	0.28720555837409495	2.2201619958216092	4.5943422393036	0.9810936137825903	4.101205567120388
7.735729035625991	3.1146191886332355	6.330872778588402	4.51947544567075	4.523466185867277	1.5085944879321467	4.0897129290260406	1.0798904618343412	0.9349722129200421	0.28720555837409495	2.2779446356888817	4.69552115103264	0.9233109739152495	4.057555019048949
7.811513114089077	3.0494632454383654	6.334050949552495	4.5269254099749165	4.581602902440768	1.4595911410953561	4.03273624914163	1.123732707845512	1.1052222056705083	0.24336331236309297	2.3884745678117296	4.696997586844159	1.1309884016568654	4.119127979261216
7.708843565061526	3.1155092256433945	6.289125024784911	4.535227765919824	4.57231139778766	1.458601992386914	4.090420064051486	1.123732707845512	1.1618669943485933	0.24336331236309297	2.503516719801841	4.749807603016765	1.1280719341943732	4.077809875988789
7.616742902363496	3.1062177209900352	6.197024362086949	4.5259362612665175	4.581602902440768	1.458601992386914	4.090420064051486	1.1629759307319087	1.1287165255696932	0.20412008947622773	2.7376832583174826	4.906066985647847	1.508815743857029	4.508097433634253
7.560588757722412	3.1062177209900352	6.140870217445833	4.5259362612665175	4.540924176276077	1.458601992386914	4.038361771971765	1.1629759307319087	1.2787551950487495	0.20412008947622773	2.855378026851361	4.949879204741333	1.560688739622448	4.5680492649182005
7.51438494826379	3.1062177209900352	6.094666407987212	4.5259362612665175	4.540924176276077	1.458601992386914	4.038361771971765	1.1629759307319087	1.3361231824000548	0.20412008947622773	2.805614072585656	4.953792588250418	1.6671539175937893	4.571411507252921
7.468090528090464	3.096959797171442	6.095398714999334	4.469651610262602	4.5501821000946014	1.454318122090969	4.038361771971765	1.1202330738421253	1.2787551950487495	0.20412008947622773	2.982977223063902	5.058387746609907	1.6604317525790173	4.6892246985552015
7.272510916652749	3.0877352729483394	5.995604612839732	4.364641576761326	4.61685240116397	1.4012069881283096	3.92326614559627	1.0775586985264998	1.33640504457775	0.20412008947622773	3.1810992039611636	5.116093879031769	1.7408347482778372	4.979919270572516
7.2299622099158976	3.1306347734415216	5.996698570836409	4.363898412520912	4.569825644834728	1.3534370675587772	3.92326614559627	1.0775586985264998	1.3032263506770614	0.20412008947622773	3.296840971515265	5.120346999796037	1.6461084271002977	5.093907276399494
6.972255834692621	3.1823704588150723	5.847682993934465	4.306943299573079	4.619742554595018	1.348354855925827	3.8826161261944945	1.0349526875704111	1.3032263506770614	0.20412008947622773	3.227826247621744	5.437967347819621	2.179759883862444	5.370199580961728
6.868199718084199	3.239366896982371	5.800623315493509	4.306943299573079	4.677241072806797	1.348354855925827	3.8251176079829454	1.0349526875704111	1.3032263506770614	0.20412008947622773	3.2443991107368144	5.3916503333082595	2.2472966704873314	5.379861089700255
6.656832018923572	3.300256347887715	5.746824474826725	4.210263891984388	4.890677354169033	1.2516754483370571	3.6116813266205545	1.0349526875704111	1.2458865889238198	0.20412008947622773	3.4976176839221025	5.818692886177029	2.9400554373957917	5.96504649646857
6.600842584011474	3.347115575237628	5.738357688099997	4.209600471149162	4.843818126819147	1.2041528001520494	3.6116813266205545	1.0349526875704111	1.2458865889238198	0.1612447324154612	3.6701638129840077	5.9733501476768	2.9340921915257683	6.212092805881287
6.345390999935028	3.516702178806873	5.5891832315720835	4.272909947169663	4.7891522112389975	1.1550012717715297	3.553886237800174	1.0349526875704111	1.2458865889238198	0.20412008947622773	3.8607893727198017	6.418134408651022	3.323505884173282	6.30099486799107
6.192727139682127	3.630317616252933	5.542999467254847	4.2800452886800535	4.773123966420097	1.1517279547029535	3.513546084735176	0.98899294826568	1.1886133396375445	0.20412008947622773	3.9513442934377805	6.760631873351531	3.7967552141161245	6.259290918923411
6.028201933043261	3.7475611480863917	5.488572023497107	4.287191057632494	4.716663482970334	1.1024132402053057	3.513546084735176	0.98899294826568	1.1886133396375445	0.20412008947622773	4.023317399081654	6.767344682246384	3.930114278153085	6.164864672460511
5.922869917803547	3.8614896271289263	5.44061580236956	4.34374374256281	4.60234555460461	1.1484413197914385	3.6289611777001674	0.9429648686804348	1.1309634901081702	0.16601222945171618	4.029847432355909	6.617416102466372	4.137628586100664	6.659273384204292
5.922869917803547	3.8614896271289263	5.490012305069063	4.294347239863545	4.60234555460461	1.0990448170924392	3.6289611777001674	0.903721645793576	1.1309634901081702	0.24819467159884695	3.9788914673793503	6.510981800177876	4.207451706452149	6.67448627195587
5.766008128480267	3.9221579597686325	5.393818848385425	4.294347239863545	4.60234555460461	1.0990448170924392	3.6289611777001674	0.903721645793576	1.1309634901081702	0.24819467159884695	4.2886319908090815	6.874815953103633	2.5485096937610194	6.928692756519091
5.717770479590206	3.978802961754304	5.345581199495407	4.350992241849257	4.545700552618637	1.1451413299599367	3.6289611777001674	0.8576251329259298	1.1309634901081702	0.24819467159884695	4.351177358487216	7.001480903127518	2.050344095596493	6.902136676477299
5.717770479590206	3.978802961754304	5.345581199495407	4.350992241849257	4.545700552618637	1.1451413299599367	3.6289611777001674	0.8183217656625283	1.1309634901081702	0.28749803886268555	4.351177358487216	7.001480903127518	1.8094788381933136	7.03222139393478
5.565128540426147	4.035540396026678	5.192939260331148	4.407729676121507	4.488963118346399	1.1451413299599367	3.6289611777001674	0.8183217656625283	1.1309634901081702	0.28749803886268555	4.614740152348567	7.318975693581917	1.024585759329885	7.298607135216461
5.456047376222579	4.096087201561738	5.144404901662826	4.407729676121507	4.431279137215144	1.1913063690319237	3.6866451588315	0.7721567265905931	1.1309634901081702	0.28749803886268555	4.738526545477524	7.626389841813823	0.5566531878521525	7.166135541148977
5.4499947190767895	4.214029070953994	5.2562941139091635	4.407729676121507	4.431279137215144	1.2338222848187714	3.6866451588315	0.7296408108043133	1.1309634901081702	0.28749803886268555	4.996014461946562	7.146709254819149	4.816580610727662	8.002791594097053
5.389684544112451	4.331169227359002	5.305772534834781	4.415081236636619	4.374449155774656	1.1843438638930575	3.6866451588315	0.7296408108043133	1.1309634901081702	0.3304944471570437	5.183869344984506	7.498868516440793	5.086291781035938	8.135929605280491
5.299719589039719	4.331169227359002	5.215807579762102	4.415081236636619	4.374449155774656	1.1843438638930575	3.6866451588315	0.7689441780676984	1.1309634901081702	0.29119107989346626	5.3895179797323225	7.667307234336027	5.3042025456875574	7.692577549891458
5.355943040243596	4.331169227359002	5.222552610040412	4.46455965756221	4.316846382282321	1.2338222848187714	3.744247932323757	0.7689441780676984	1.0737567518852233	0.29119107989346626	5.69859562181363	7.670857417297899	4.736541976258714	7.651476917881993
4.919886856046664	4.571201223608834	5.0265284220933095	4.46455965756221	4.316846382282321	1.2762697005571824	3.744247932323757	0.7264967623287519	1.0737567518852233	0.29119107989346626	5.554374684616959	8.270799084062189	3.2450976450997873	7.425039395827285
4.69893341502457	4.749962583640726	4.984336341103106	4.46455965756221	4.316846382282321	1.2762697005571824	3.744247932323757	0.7264967623287519	1.0737567518852233	0.29119107989346626	5.5656704771373455	8.41334210678178	2.787108130710704	7.337110166318616
4.2365658086687965	5.106071643101195	4.9349077756484645	4.407729676121507	4.373676363722956	1.2762697005571824	3.744247932323757	0.7264967623287519	1.0737567518852233	0.29119107989346626	4.6147435817530695	8.135212922069185	2.6431482627414544	7.384528105077718
4.061364277503422	5.224535739994215	4.88551127294891	4.400388744548754	4.430413797995068	1.3256662032565463	3.744247932323757	0.7264967623287519	1.0737567518852233	0.29119107989346626	4.426272227333411	8.082327355227793	2.449997182451556	7.462736223842841
3.6818952300936942	5.398682959102919	4.680189444647998	4.400388744548754	4.4880165714873455	1.3718882524959417	3.6866451588315	0.6802747130893992	1.0737567518852233	0.29119107989346626	2.9090418567848673	7.6397441949673635	2.7079378080492917	6.395135387435876
3.5178828867350185	5.456498829341884	4.670818320426996	4.303563395649824	4.4880165714873455	1.2750629035972536	3.65152130151504	0.6802747130893992	1.1327660982509813	0.29119107989346626	2.5574911051623017	7.358079465725276	2.7679391111474785	6.299876508858059
3.3678771349436443	5.50304522899671	4.5701710758742875	4.300751288066092	4.4413537245700745	1.2718784712233484	3.65152130151504	0.6339841909623045	1.1327660982509813	0.29119107989346626	2.7906492207594953	6.9329977304893875	3.137374442947764	5.363078342536865
3.267302422803199	5.50304522899671	4.469596363733585	4.300751288066092	4.4413537245700745	1.2718784712233484	3.65152130151504	0.5901419449510084	1.1327660982509813	0.3350333259063176	2.966741279761323	6.663792782617504	2.8700507622631144	5.184432440621966
3.7457522043190217	5.026895727732641	4.368625053359301	4.4040228786921745	4.33808213394391	1.2718784712233484	3.65152130151504	0.5901419449510084	1.1327660982509813	0.3350333259063176	3.9413601243221796	6.230645469533269	1.2376043111968273	3.1197838852992525
4.215823526000438	4.556824406051076	4.368625053359301	4.4040228786921745	4.28047936045164	1.3142455017870838	3.7091240750074372	0.5916171603985964	1.1327660982509813	0.29119107989346626	5.029947430679255	6.352578037046175	0.9893711251257215	2.73172798694143
4.45709184219512	4.3620163027221475	4.368625053359301	4.450483091557889	4.234019147585939	1.3182375579381371	3.7091240750074372	0.5876251042476031	1.1660873474247575	0.29119107989346626	4.324445305147971	5.85147529749789	0.40894685703688316	1.1376794628679976
4.797450706107104	4.2881607265976625	4.5392850831616265	4.546326349542989	4.187650844102208	1.4141402553538645	3.7091240750074372	0.5411973613328473	1.1660873474247575	0.29119107989346626	3.5996028867615286	5.3402780853697704	1.116536687367027	0.43434975964374134
4.907776785049952	4.291668664713568	4.757130215966717	4.442315233796697	4.24431488503368	1.4132896711770522	3.7091240750074372	0.49470087069420726	1.1660873474247575	0.334244743028257	3.577705035897041	5.784950996169242	1.482802126450788	0.4221726111156822
4.797259004154638	4.351720565274569	4.706664335632383	4.442315233796697	4.24431488503368	1.4132896711770522	3.7091240750074372	0.5339440935806505	1.1660873474247575	0.33811250383773633	3.5906387073488815	5.880163280924727	1.6336187830508064	0.7631436632538697
4.572045331404478	4.5263678556594	4.656097953266985	4.442315233796697	4.24431488503368	1.4598550009712836	3.766881254346936	0.48737876378654765	1.1083301680852609	0.33811250383773633	2.631570644718892	3.575136169729233	1.8485469651843371	0.3624429700615619
4.520910136364702	4.583905563175921	4.662500465744048	4.442315233796697	4.24431488503368	1.4598550009712836	3.766881254346936	0.48737876378654765	1.1083301680852609	0.2950015201410327	2.2954037342864364	3.0522945838096835	1.2141645337460594	0.38386999587840276
4.412495854146991	4.641563676849099	4.661215656010459	4.392843874985805	4.186793264012165	1.5037211844801763	3.824402875368382	0.39404122146638476	1.1083301680852609	0.2519478570067366	1.913322191031898	3.117492214470385	3.600273934719426	0.6828348672407247
4.193742920897285	4.7013952823308	4.454950849117997	4.440187354110219	4.186793264012165	1.5933927906342147	3.824402875368382	0.3517130944367468	1.1083301680852609	0.2519478570067366	1.7029391875114117	3.1355897596511992	3.7662305955600632	1.2814692473791653
4.091496645526151	4.655008461182195	4.352704573746873	4.393800532961636	4.233180085160835	1.6446786573817516	3.824402875368382	0.26118400480273396	1.1083301680852609	0.334244743028257	0.33037466138551863	2.2075601951269714	2.218496856333438	1.2042285521710645
3.9805093605739366	4.668241014956243	4.303563550123641	4.34518682540636	4.181730852184725	1.689454461784459	3.9223307265561913	0.21427311105680366	1.1323201003967702	0.334244743028257	0.12752943684969695	2.1544576773668056	1.6921953113604837	1.5654214476054862
3.5669530212959115	5.081797354234091	4.402931152506102	4.245819223023969	4.239200401781844	1.6370671388835214	3.86486117695913	0.16729283157571925	1.1323201003967702	0.3773557267235025	0.029579646067226545	1.9738187310981594	2.0201950275929454	1.108817108172658
3.5669530212959115	5.081797354234091	4.402931152506102	4.245819223023969	4.239200401781844	1.6370671388835214	3.86486117695913	0.16729283157571925	1.1323201003967702	0.3773557267235025	0.03302809536334326	1.7868667921568613	1.8968079685212842	1.1056439119811785
3.669403189377989	5.128275972445729	4.455656365424549	4.3420227963991955	4.192721783570279	1.6867920940475112	3.86486117695913	0.16729283157571925	1.1323201003967702	0.3773557267235025	0.09205320032520253	0.9367070902051494	1.905662914123939	0.39550070978535407
3.7204754096338566	5.128275972445729	4.506728585680429	4.3420227963991955	4.209762204703651	1.6398118145660667	3.8478207558254605	0.21427311105680366	1.1323201003967702	0.3773557267235025	0.09205320032520253	1.017119433793936	1.905662914123939	1.9686636388056757
3.9743167758346822	5.118090338610288	4.66136683554377	4.431040278901169	4.21994783853921	1.5984900433794063	3.8478207558254605	0.3547979985799295	1.1323201003967702	0.334244743028257	0.2152596385695263	0.5574125731570031	1.903284227917727	1.7213290889169814
4.067489449100611	5.176014685029346	4.762985434303333	4.480518699826825	4.21994783853921	1.601265182275126	3.8478207558254605	0.4015012806104548	1.1323201003967702	0.3773557267235025	0.09566497282982138	0.1523923371957351	1.9029711733133383	1.6268794914059121
4.315387593556662	5.234893497797421	5.018486513523728	4.531794577830499	4.260458267905972	1.4664172366423067	3.8073103264585932	0.5876251042476031	1.1323201003967702	0.3773557267235025	0.0367861600643592	0.47292578383597567	2.516480085634422	1.2699843418425811
4.315387593556662	5.281207151375285	5.016613469032514	4.579981275899469	4.214144614328003	1.418013764551501	3.8073103264585932	0.637901620828727	1.1323201003967702	0.3773557267235025	0.0367861600643592	0.5333848036283513	2.2033702471594423	1.3107683935469916
4.237288085478462	5.515534226000944	5.074630880343594	4.6781914311355886	4.2949216059974225	1.2822885522827587	3.761620516186945	0.8718369883338846	1.097232918999053	0.29119107989346626	0.38415832918121146	1.504098624677448	3.0794906095370207	0.13585061805707865
4.120716736076595	5.575642803112155	5.025647338469859	4.670712200718986	4.391651349493727	1.2363544535710542	3.663633041560345	0.9667546289193415	1.15495342241995	0.24336331236309297	0.5621269628423983	1.7266394037638775	3.0942644542558924	0.3203547863500544
5.011130893032931	4.829492572004147	4.990389077015897	4.8502343880212715	4.378524228388124	1.302332864698528	3.8357800132346536	1.2393182556628755	1.15495342241995	0.15766956124631604	1.4204465155208772	0.9356963341860586	4.007993226674173	1.2878477663148507
5.357164396962574	4.543062853432599	5.000408115291981	4.899819135103174	4.310621360194969	1.3080568477189611	3.9501416711034962	1.3296378094007206	1.15495342241995	0.15766956124631604	1.686214037065006	1.0039008053668146	4.396087577979329	1.1684298371252493
5.526043904835697	4.32021898635816	4.953189444839702	4.893073446353908	4.356353454893331	1.3590434756160916	4.007201770903996	1.3308554412413207	1.15495342241995	0.2015118072589589	1.7570423081246855	1.416616246595186	4.704611620749819	1.0897428651152332
5.0579560651887725	4.459637939879327	4.855373709919104	4.662220295148918	4.352099007434318	1.1861111591139943	4.326350472525902	1.552775657366798	1.0196494157269305	0.08697700804473417	3.8407559880478197	2.347001025490327	3.3237599323418263	0.5577555080884526
1.0804508105674424	5.306776031228688	4.106632208556677	2.2805946332395868	5.688511432198291	0.20627570227027522	4.7919437296696135	1.9529911342081931	0.9135926392670815	0.22492927781721292	6.856048534625827	6.617161639658827	2.849308245264975	4.476524041707649
2.2010421944522305	4.858808708979116	4.509296413983554	2.5505544894475554	5.300384467578634	0.11485074593917176	4.805212751615153	1.9971313519041094	0.1973230148451174	0.09427823677824092	6.303093125772391	5.354005900198893	2.8417616318020182	2.86387684444454
3.575502896568979	4.344593916979037	4.961190545978332	2.958906267569775	5.1277783405566755	0.26589276189497996	4.7070411465188	2.0412062754551377	0.22407017448586222	0.17183452573024927	5.955576493898795	5.087164602655461	3.3863769830746984	2.1693817163236315
5.409331854605258	4.106497165170491	5.628359735074223	3.887469284701422	4.881464495621776	0.6833514821348322	4.7925106274195794	2.347684034391833	0.7912641273802029	0.38864798142866774	5.051669631046512	6.457395896079348	1.9485282488181304	1.6330158071785896
6.227029070338468	3.1413665190648636	5.396427012046982	3.971968577356228	4.857563564582594	1.3892074313661273	5.309900850557431	2.3432247593007385	1.1478903112933219	0.45940581134325825	3.445274256154405	6.107583379150199	1.567528935157144	5.516937791332156
6.560764636905224	2.7154004180511766	5.263247128689902	4.01291792626643	4.698682822322101	1.583677559320105	5.663727338411048	2.3409938370084955	1.2961569429714135	0.4650247618066884	3.002059940429008	5.5303844135310065	1.6079745784580564	4.822950679006159
7.1120268654458405	2.1514842099199596	5.098586047633642	4.164925027731798	4.703843926497944	2.07331208523639	5.886709922274168	2.4665685550721492	1.805030172335174	0.5466578339719129	2.771253492888376	3.553661566140365	1.2234742522833726	3.9079485482377017
7.412358001485011	1.7730793777861287	4.98067485847245	4.204762520798796	4.501201106875242	2.262262319649303	6.087319082345241	2.4265051005136002	2.0131109193369636	0.5859333494302333	2.7597424296219617	3.2722548993740097	0.7805929756577271	4.007061716087974
7.858645937825867	1.0580422074071445	4.419649553262772	4.497038591970253	4.298345959530629	2.838645180464869	6.2145616363784395	2.3313015666165224	2.2199044831914767	0.6289728999815921	1.4129441660850723	2.327139595999096	1.9294416548719289	3.116613579210695
7.75335975864739	1.1131166025350678	4.422477657139841	4.443998704043067	4.185682604016688	3.1894818163206002	6.274220143097398	1.9314286920731583	2.276912981226369	0.6289728999815921	1.1375419573438181	2.2734618614829705	2.443181284885597	3.081350475670596
7.38124424658228	0.5680828603941105	4.137964610761562	3.8113624962155592	4.159732552425294	3.8715210190828366	6.776868174706217	1.5156502329218169	2.5198040867996276	0.49276171428124	0.6690148943134052	0.2831485466765157	0.15745902772687315	1.2115719167021695
7.135509052485409	0.5242752125321706	3.8118120768244945	3.8479721881928746	4.106616354830739	4.013190555769363	6.8190177079185395	1.5131304079823138	2.6089575534915754	0.5359155889889625	0.7308243864113069	0.6735717299728086	0.6997981673522331	1.1077106900363236
5.826342029555751	1.041626676009815	3.430622897833403	3.437345807732337	4.058860808280865	4.289849862081273	7.0673254908421645	1.4037298706501011	2.7575494868150603	0.23543422343779652	0.522757204873953	1.8515428018892675	1.9149482571682874	1.7697121701420913
5.408619604513115	1.0118128191666955	3.186836754456591	3.2335956692230097	3.960901944143288	4.33252150987888	7.195941879651499	1.3571385920667296	2.926722469867265	0.10665769848115246	0.04024214660826233	2.263066959709674	1.2016752411109155	2.0414153739988423
1.0196058263981178	2.039343067420219	2.2043644082861977	0.854584485531508	2.0525095736584817	5.841742270804262	2.1860887482906732	7.539534163673276	0.12115329997699896	2.2550051006693272	5.77870505520709	3.896930867668291	3.0856856902510383	3.055551454048489
0.4868854012192846	2.361421993296628	2.1359697640834794	0.7123376304327345	1.9193934672707786	4.8052018376623655	2.0911896846800047	8.925545322206133	0.10686187002093536	1.5036851327523444	6.214964101728436	4.192562053392195	2.8768437852633184	3.3734107624415537
2.7705045465440796	2.016334043842632	2.9023839820573296	1.8844546083288993	2.928494932387761	4.504172237080458	8.125671305095004	2.2861573374370767	1.457168357113873	3.37001786088672	4.369239876282746	3.7605586460457054	3.7734820757215273	2.2578243654462016
3.594868420936582	1.5974358901396695	3.129636234831058	2.062668076245098	2.5516813041311677	4.654004578602743	1.6684839263856692	4.608831222056489	3.1794544918023693	1.499558293527657	3.6737794076929475	3.781061206600858	3.2925942073448673	1.8662207560946056
3.277977430512443	1.6835222165696786	3.007863779645636	1.9536358674369123	3.698950488167764	4.4635120656837755	8.603097370717219	2.3625510482841228	2.2772457923376743	0.24051725782236005	3.016906380628727	2.6510182017327764	1.29046155405278	0.35648922281657913
2.632655333323275	1.7622687062490194	2.590305602480456	1.804618437091973	4.5167535823762215	4.137566036275511	9.034683080446598	2.3796723935568806	1.8534619237315704	0.5143052413305489	3.487265556976294	1.9150179805032421	0.5482914508517878	0.7920785015231498
4.634680457771617	4.229914363242786	1.3325759339627212	1.7373420284913925	4.30639524510896	4.704470685629063	2.405374459992994	8.394346477832986	0.18061989752485913	1.479384539401342	2.4448490206426228	0.9846257560841621	1.0632046180524655	3.6699199566026253
5.648194520312412	4.530459126313661	1.116482814108849	2.234218208107112	4.290941940755559	5.26257519812017	2.310523873432666	8.032895815352967	0.4041330125047858	1.6878672735456177	2.2483434684630637	0.5194516654800618	0.8666532554673966	3.8529749030185827
5.835596007995317	4.571807369938772	1.110044411902728	2.373833049959701	4.292103384398589	6.340914192315173	2.3127039314743527	6.814481260310068	0.3107254079197879	1.7697062067153237	1.8181782033899505	0.13532984557290678	1.0586307333022595	4.076616846739433
5.126511898906892	4.545107437286532	1.88249930866801	2.4639037702883	4.38115416909029	5.675776752518363	2.311618097868849	7.4897521412019135	0.3505011506907156	1.622211250069007	1.0600699242345617	1.2905132336244967	1.3114781070889854	2.8100370710044635
5.065474030414632	4.57532844053885	2.0047646188127275	2.494910208688673	4.689352207784328	5.810097223262036	2.1274661518070825	7.498034607420569	0.3820684973933809	1.5653184925320143	1.1118073098743053	0.9158251802683832	2.234816295921635	2.114321002751199
4.814307136413828	4.472651494296735	2.0138480953127047	2.35550373743013	4.78327330008898	5.508174525208131	2.0345632613431857	7.83945382864487	0.383534308243108	1.689848315177577	1.0845231855122157	0.09442176237814948	1.9176486709627234	2.1367878189022074
5.096912964954848	4.837479500889101	2.0864720146608375	2.345905478726945	5.007622868280064	4.9048398317656545	1.8967248515752555	8.313139075983647	0.1684499873694127	1.1486765324870383	0.33742225511471635	1.3681162976513281	2.782564164866681	2.7646987993830763
4.989262335527536	4.938434913029232	2.2478711870829486	2.2986986095815087	5.140350823666261	4.17050033473869	2.2045136620624772	4.754876325363114	2.461635658677366	0.5433066273750962	0.8773074275976945	1.7646649162132564	3.2512198659312226	2.041116388702738
5.353054720947562	5.22489537400598	2.3485749777911247	2.4767343247328286	5.315716368206973	4.792128574924509	1.89018653214936	7.715182914469605	0.3394871183371567	1.7325220576764344	0.38426798533582807	1.4601936712333154	3.560049432160175	0.7979249375859901
5.780066392091679	5.43217820858966	2.3031275286178987	2.6510157121198192	5.489298676288475	5.034650075268661	1.8474252141157805	8.203223182756789	0.04573181181071087	1.5014902335502154	0.04664139122922778	1.5454189740466093	3.5612709646182337	0.7244432934098229
6.110614998198811	5.559813443326133	2.2161384128693915	2.766939967741923	5.743993844417387	6.024269736581402	1.8030620419886947	7.408365842872896	0.16926273128032782	2.108805097312069	1.3405079746731838	1.639236231032798	4.316027519865671	1.2372105837207235
6.127177631138825	5.495424610601719	2.181138044544347	2.8128910650815087	5.750452069850047	6.168230564674224	1.8914872322595655	7.301648689337174	0.009892823796736706	2.164796506234263	1.4474578331481158	1.7049354913435462	4.5098431698858334	1.4212428695479884
6.158364421083823	5.477946341594313	2.1766309933731973	2.85704907286256	5.7031092558149	6.0142290357428445	1.9861747471619604	7.286047047808923	0.03870783771072526	1.7231713992848592	2.035569839737109	1.49704561426056	4.75407470538063	0.9294569392652746
6.038406276623531	5.470633247134497	2.337866723858266	2.9056397533470157	5.70819602632918	4.871635425273924	1.9905530002713425	8.336752689007437	0.04288734926635212	1.6344826062265603	1.9573429729781098	0.6424656555526299	4.826071953514207	0.5384100499742857
6.137661467144625	5.527863029408368	2.2428964705930317	2.8526949083293722	5.706647631229102	4.578325458505075	2.0341268036186255	8.725032909041065	0.03787111486722715	1.6344826062265603	2.1421722444241533	0.7559672683213945	4.7941197102885535	0.8655538405442613
5.78043427417643	5.608937332490281	2.4957209004673295	2.6672178421534403	6.53706100881102	4.145837588898265	8.670186578308156	1.1626213392324776	2.10866819364474	0.18871195423673304	2.0653260971125804	1.6193640845684696	5.362604307277564	0.8000961101940837
5.387754002441822	5.807373175042488	2.7456101607559016	2.325990988155243	6.383443829330292	4.152513744420622	6.382946306616577	1.2876453868119004	1.4683298337695674	1.8560330751198688	2.114581663705093	3.0478346172905093	5.88334559277936	0.5705021476829173
5.064065213533565	6.2916558586057985	2.8956933087805052	1.6681026637084255	6.677507188473539	3.9626783102786565	8.23130708762474	0.9844412722391036	2.612561833995641	0.05808865528403455	2.0040161748190624	2.72294830974616	5.897599421378303	1.1091956825050022
5.246124551317522	6.181619536497967	2.8320691605615975	1.8965741753810934	6.234235358660169	5.019893846422752	1.2848704211518645	7.514887403947464	0.09804598940377904	2.502269456820751	2.141183886285241	3.8106350549266828	6.334302638141576	0.6049803457748646
5.403293115861423	6.150944196223644	2.962944663083304	2.215293582721011	5.936951297489704	5.615820310099816	0.9873731863125585	7.670725582861242	0.12074899628035084	2.4235689395306466	2.6647798102950313	4.167958544783359	5.971589296992626	0.3160434549607473
5.7814888400778335	6.274741113441894	2.759053725820548	2.2658014524563566	5.65537464224234	5.552810719950319	1.084149990277296	7.654790049469183	0.1952396568196528	2.02996408016994	2.9091833687516235	4.706688830915073	6.025106292991595	0.3040253104614578
5.886690868642555	6.359358585147513	2.790572646172146	2.317904929667252	5.565096249663726	5.449915429250749	1.1754489865543143	7.550239869180007	0.06305061174103065	1.705109686510659	3.012095293761064	4.878777248628237	6.088128385933164	0.4766333947168777
5.896931030615144	6.514832772805566	3.0335954997365215	2.4156937575459523	5.376451531581308	5.063873434840207	1.1310628498389599	7.482412302113851	0.13807819409243857	1.6590957410678897	3.4800234483432653	5.517615586396945	5.528458158934418	0.8536246511424381
5.978969230119628	6.596870972309957	3.1764655309080045	2.5585637887175516	5.28283741438425	5.013209470553753	1.2195453014499713	7.501759782526796	0.006446822814555756	1.8948270390506237	3.653274735463083	5.569532416616992	5.316168783677174	0.8445675952045236
6.094317351182451	6.710121105138111	3.2692263340218153	2.6534225800662896	5.048197764421363	4.82034003676088	1.3616724428386315	7.607397778258445	0.060779703249051714	1.8274670358261114	3.478858622041741	5.634551339617104	5.555579914996593	0.9599396213693743
6.094317351182451	6.758302991491157	3.316851744716068	2.6528661044074044	5.000015878068418	4.730264086695913	1.4059298364829587	7.649848317629261	0.07030505564874638	1.7708799463654492	3.5369124727628067	5.985454417755147	5.317011488304444	1.1866096496553538
6.185449613147603	6.847090474004902	3.3144234963552797	2.6527826354979336	4.859135153329002	4.533379062901284	1.454444411228881	7.798708053984196	0.06451080113899886	1.714360172268288	3.541257136412252	5.9952804804539666	5.4153990009351896	1.183360828080722
6.384977816626906	6.885607473939741	3.2008683788652474	2.7002387215521586	4.811099428297237	4.636514290542179	1.41024749030075	7.600081015257325	0.2363993210595415	1.8841214503927866	3.4356063234412284	6.083727225459474	4.743359523265589	1.359603182933426
6.35185018195747	6.900442631782343	3.2966806298786624	2.7480881800537067	4.716855386577584	4.6828730411477775	1.368316030230616	7.493993150639739	0.1436339634702557	1.8707342194022172	3.4840565057547206	6.078094299153776	4.42513696420885	1.3539702566279141
6.33537043274226	6.979670065766532	3.3924928808922727	2.7481932478679636	4.664285984707388	4.587060790134408	1.32517824890114	7.549914211623501	0.1390683108647953	1.8375811542489455	3.5146620845255057	6.0174866488294185	4.265928189289913	1.4174432663998902
6.318946353932879	6.963245986957154	3.2966806298786624	2.6523809968542835	4.664285984707388	4.825216927109846	1.237206572867308	7.591386265582646	0.13738257302642104	1.5969038559859128	3.13611446808137	6.13881851353427	3.719698487236965	1.6021631173427393
6.177279422398035	6.970758801375235	3.398115787011691	2.604636408034747	4.659609603223206	4.825216927109846	1.1941383655321562	7.6831971970289334	0.18481067009161187	1.3230398998999393	3.1886688304726127	6.17952945628699	3.9074268175145614	1.5414389029626157
6.1039049197579365	6.954441879442739	3.55114610796562	2.700609148280871	4.659609603223206	4.579350346829449	1.1941383655321562	7.777056326571495	0.18043833493980557	1.4133752313934507	2.7245732606052093	6.120865592799619	3.6933751912361634	1.425717458767402
6.154559987988648	6.906697290623032	3.452544926558391	2.7004076239239923	4.664285984707388	4.435676731360257	1.237206572867308	7.968676055217154	0.18043833493980557	1.3790746103914553	2.6791346922416595	6.191564895069559	3.6840055816398456	1.610325786660152
6.154559987988648	6.906697290623032	3.452544926558391	2.7004076239239923	4.661152305136221	4.435676731360257	1.2403402524384652	7.912711210299438	0.18043833493980557	1.3783099912125327	2.6666551649920187	6.130829293394988	3.63520118181804	1.6127103844729747
6.154559987988648	6.906697290623032	3.452544926558391	2.7004076239239923	4.615019776269828	4.435676731360257	1.2864727813050567	7.912711210299438	0.14181918277944744	1.3783099912125327	2.712163210872603	6.130829293394988	3.64448816617216	1.7364176265241364
6.211108684322763	7.0109905757768685	3.452544926558391	2.6526630351044345	4.56727518745008	4.4853586494578535	1.2864727813050567	7.91899413711952	0.22774427530293653	1.3223451462950524	2.4841707361492307	6.075609785132152	3.21792295623067	2.1184162206950754
6.2512610670484365	7.190020371539403	3.5485979107438688	2.6098386062527394	4.428397774413178	4.439061192786664	1.2864727813050567	7.869238609605182	0.22774427530293653	1.3223451462950524	2.479295904136322	6.075609785132152	3.4776608117672096	2.1803473450421684
6.200605998817718	7.142414388204554	3.599252978974338	2.6574445895875467	4.4329259041060824	4.439061192786664	1.3295506349471138	7.833462388650525	0.22774427530293653	1.5059131925287839	2.421309476016368	6.065635167509993	3.041060888418465	2.180597993359512
6.092905764113271	7.142414388204554	3.6109808787035407	2.561472254612231	4.4329259041060824	4.535033527762289	1.3295506349471138	7.7774652066584355	0.22774427530293653	1.5619103745207499	2.421309476016368	6.22856582750419	3.6690663477305945	2.235828418649142
5.891744501631488	7.142414388204554	3.764034864905741	2.5133649783324836	4.4329259041060824	4.540702039528524	1.3295506349471138	7.875901153163744	0.22774427530293653	1.5059131925287839	2.5243231188747357	6.133144878713152	3.6279246028776413	2.0627183915366256
5.577802023785476	7.138401383828904	3.933897731496697	2.3732983714531506	4.4830762009380996	4.2887033523594305	1.283413342491041	8.271979451588134	0.23204025994563657	1.320260706006738	2.614651361079057	6.207592924468695	3.647193942305666	1.9461718771194287
5.5446633692329454	7.154877089036324	3.983512091256548	2.3732983714531506	4.4830762009380996	4.2887033523594305	1.3225896897320049	8.328046676431587	0.27121660718714435	0.05112760556682955	2.6764285366298615	6.257207284228718	3.656868943861794	2.007188888736714
5.601370905210478	7.211584625013918	3.983512091256548	2.3732983714531506	4.4830762009380996	4.387282368874229	1.3225896897320049	8.229467659916757	0.27121660718714435	0.7945483678124386	2.7331360726071687	6.257207284228718	3.773774035632551	2.007188888736714
5.445144081449491	7.255322969444647	4.091873584330194	2.2816946963351286	4.439337856507346	4.484547122831843	1.3225896897320049	8.180068236646497	0.31402864181523127	0.8938094255629264	2.8695925471339585	6.235024302931576	3.914651816381897	1.890057689401641
5.354317876461087	7.31211000944766	4.143515704707105	2.1857235717202923	4.439337856507346	4.439201332978808	1.3225896897320049	8.37752244272988	0.356783094768932	0.2207918917242311	2.8099914195407214	6.323397189623639	4.031039983978018	1.8919654183594734
5.394386205358706	7.3521783383452295	4.143515704707105	2.1857235717202923	4.439337856507346	4.439201332978808	1.3225896897320049	8.433729824560322	0.3609399162207	0.5514611059301836	2.80452775022658	6.264271277206176	3.9098127054623837	1.8938573524303808
5.34537832683752	7.304414162476417	4.144257039587278	2.185221203948315	4.530175122428114	4.635699129796282	1.323465410366468	8.341776066390345	0.44752242231674433	0.09479622362332649	2.7462178175740983	6.081102765132477	3.8024386840331124	1.8439558336124284
5.385367293299184	7.2965659229361925	4.048208104526723	2.13700947488999	4.57801232843006	4.682264137457424	1.323465410366468	8.355544762185355	0.5365744015240216	0.43115835632009236	2.605095418793055	6.022426227077345	3.2697984258616493	1.9663919966536103
5.465107925286289	7.332581199903545	4.048208104526723	2.1807348299092784	4.57866459339768	4.788327255521198	1.3665385004190005	8.249481644121703	0.5789738782932751	0.6564459486137437	2.639788041760603	5.847077739599284	3.2160422896264573	1.9111433607266906
5.5048599828207845	7.372333257437988	4.048208104526723	2.1807348299092784	4.57866459339768	4.689115953473443	1.4056478288439274	8.348692946169468	0.6180832067182563	0.6780180377073833	2.455667870079697	5.847077739599284	3.1748312108247783	1.9710015342112883
