0	1	2	3	4	5	6	7	8	9	10	11	12	13
7.682021844535491	3.39301918052276	7.427142137744585	3.6478988873137266	4.045081169048035	1.5040854249811977	4.743322074121642	0.8708902752774816	1.4151785051149772	0.2851814093516621	2.096149852844368	4.251899618721189	0.5678425333237082	3.3574338476194514
7.860385093394854	3.52208252476952	7.154378391744028	4.228089226420362	3.954927238023168	1.6118633058248455	4.661819305626177	1.1003984877449489	1.3204910765750542	0.40928202009205866	2.0381081544883743	4.426719307463747	0.46839233850908185	3.390453700247475
7.961138154958493	3.442663380774556	6.9587390962743445	4.445062439458782	4.0893329146050466	1.7601853072029259	4.585604670685843	1.1828738000460541	1.2849740560082266	0.41323655869242604	2.031459450009269	4.576044463459165	0.3666414898242241	3.3802015027886005
8.12122093111002	3.2869547503838414	6.850756661779953	4.557419019713982	4.12893556152272	1.7705576628040938	4.56506428369791	1.2684741846905159	1.2830362156052133	0.4512804909508287	1.9592673826532623	4.517414674074867	0.4665418928671112	3.4268215979248775
8.178040975631111	3.1825248918561324	6.698615270517101	4.66195059697015	4.120699321352456	1.7757829945714658	4.56506428369791	1.3988606307087676	1.2830362156052133	0.3213658709279049	1.9522588345032688	4.465519076699181	0.5261744054509013	3.4713488576927847
8.237097883790508	3.1234679836968833	6.698615270517101	4.66195059697015	4.176766336781321	1.687435608280533	4.508997268268923	1.5264644579518811	1.316477978873031	0.2821094299776004	1.8932019263442748	4.419056349151052	0.5261744054509013	3.661578590810654
8.237097883790508	3.226779185302364	6.746722410795978	4.717154658296739	4.073455135175966	1.5963458957847991	4.56625886156772	1.5694470301683354	1.2592163855742802	0.2821094299776004	1.8932019263442748	4.419056349151052	0.5261744054509013	3.7102899834390586
8.122280474932658	3.2858360934617385	6.690961910097486	4.717154658296739	4.129602745367556	1.5509735128737507	4.545451243282623	1.6148194130795206	1.223876393668136	0.23936123232334147	1.9522588345032688	4.363295848452606	0.48023079701053795	3.7590805599401955
8.122280474932658	3.230016187901135	6.690961910097486	4.661334752736302	4.144256785452385	1.5079191768884002	4.6218865335086665	1.6186173081132853	1.1886069689176029	0.2786176732725705	1.9024656076250233	4.363295848452606	0.430437570132504	3.8079504426165336
8.122280474932658	3.1825248918561324	6.690961910097486	4.613843456691264	4.191748081497249	1.5079191768884002	4.6218865335086665	1.6186173081132853	1.1886069689176029	0.23592612034074723	1.8964056857608882	4.363295848452606	0.37851531237033903	3.854434495595437
8.122280474932658	3.230016187901135	6.690961910097486	4.661334752736302	4.200510703627149	1.5079191768884002	4.530363190583373	1.574895133927315	1.1904346304002116	0.27964829452537904	1.8964056857608882	4.316914856397808	0.37851531237033903	3.8519495689687666
8.122280474932658	3.230016187901135	6.690961910097486	4.661334752736302	4.200510703627149	1.5079191768884002	4.530363190583373	1.574895133927315	1.1904346304002116	0.27964829452537904	1.8964056857608882	4.316914856397808	0.33273409216206723	3.8519495689687666
8.122280474932658	3.1825248918561324	6.690961910097486	4.613843456691264	4.248001999672011	1.5079191768884002	4.530363190583373	1.535572307521249	1.1335604080600474	0.31897112093264257	1.8466012839558612	4.316914856397808	0.28292969035678833	3.8519495689687666
8.066605436649402	3.1825248918561324	6.635286871814223	4.613843456691264	4.248001999672011	1.5079191768884002	4.530363190583373	1.535572307521249	1.1335604080600474	0.31897112093264257	1.8466012839558612	4.261239818114609	0.28292969035678833	3.8519495689687666
8.066605436649402	3.1825248918561324	6.635286871814223	4.613843456691264	4.248001999672011	1.4626114082092412	4.530363190583373	1.5372115437843625	1.1335604080600474	0.36263965334859666	1.7908340905635431	4.261239818114609	0.2271624969625046	3.8519495689687666
8.066605436649402	3.1825248918561324	6.635286871814223	4.613843456691264	4.304336839598564	1.4626114082092412	4.474028350656926	1.5372115437843625	1.1335604080600474	0.3200046799364751	1.7908340905635431	4.261239818114609	0.2271624969625046	3.8519495689687666
8.066605436649402	3.1825248918561324	6.635286871814223	4.613843456691264	4.345451214538617	1.4173717397257302	4.397573983810491	1.5824512122677963	1.1689003999660048	0.3200046799364751	1.7908340905635431	4.261239818114609	0.2271624969625046	3.8519495689687666
8.066605436649402	3.230016187901135	6.683475068621371	4.613146555929104	4.297959918493641	1.3691835429184525	4.397573983810491	1.5430621457328044	1.1689003999660048	0.32136643623617156	1.7351638797375986	4.261239818114609	0.17149228613785625	3.8519495689687666
8.066605436649402	3.230016187901135	6.683475068621371	4.613146555929104	4.297959918493641	1.324011877489497	4.397573983810491	1.5882338111622358	1.1689003999660048	0.32136643623617156	1.7351638797375986	4.210765176786948	0.2221572798331117	3.902424210296438
8.066605436649402	3.230016187901135	6.683475068621371	4.613146555929104	4.297959918493641	1.324011877489497	4.397573983810491	1.5882338111622358	1.1689003999660048	0.32136643623617156	1.784990007565765	4.210765176786948	0.2719834076619084	3.902424210296438
8.06382914206577	3.2327924824847676	6.683475068621371	4.613146555929104	4.297959918493641	1.324011877489497	4.397573983810491	1.5882338111622358	1.1689003999660048	0.32136643623617156	1.7322034789972516	4.210765176786948	0.21642058450915008	3.902424210296438
8.107748320747723	3.2327924824847676	6.775582444110388	4.564958359122048	4.297959918493641	1.2758236806824443	4.340312390511852	1.5882338111622358	1.2261619932647696	0.32136643623617156	1.7322034789972516	4.2546843554687	0.21642058450915008	3.902424210296438
8.107748320747723	3.2327924824847676	6.775582444110388	4.564958359122048	4.297959918493641	1.2758236806824443	4.340312390511852	1.5882338111622358	1.2261619932647696	0.32136643623617156	1.7322034789972516	4.2546843554687	0.2670047337845107	3.902424210296438
8.051583483652252	3.336356246231407	6.823689584389285	4.564250145494389	4.250560991842434	1.2277165404038932	4.340312390511852	1.5882338111622358	1.2261619932647696	0.36400790556435275	1.732901974073842	4.2546843554687	0.21153839176589984	3.902424210296438
8.051583483652252	3.336356246231407	6.823689584389285	4.564250145494389	4.250560991842434	1.2277165404038932	4.340312390511852	1.5882338111622358	1.2261619932647696	0.36400790556435275	1.732901974073842	4.301058415700852	0.21153839176589984	3.8560501500642532
8.051583483652252	3.383663008023412	6.8717158048259055	4.563530686849554	4.259644017787786	1.1796903199670472	4.283922602774492	1.5882338111622358	1.2261619932647696	0.36400790556435275	1.732901974073842	4.351539988851288	0.16095424248764106	3.805568576913807
8.051583483652252	3.383663008023412	6.8717158048259055	4.563530686849554	4.259644017787786	1.1796903199670472	4.283922602774492	1.5882338111622358	1.1926168595576108	0.36400790556435275	1.732901974073842	4.351539988851288	0.16095424248764106	3.805568576913807
8.051583483652252	3.383663008023412	6.8717158048259055	4.563530686849554	4.259644017787786	1.1796903199670472	4.283922602774492	1.5882338111622358	1.2261619932647696	0.36400790556435275	1.732901974073842	4.351539988851288	0.16095424248764106	3.854434495595437
8.051583483652252	3.383663008023412	6.8717158048259055	4.563530686849554	4.259644017787786	1.1796903199670472	4.283922602774492	1.5882338111622358	1.2261619932647696	0.36400790556435275	1.732901974073842	4.351539988851288	0.16095424248764106	3.854434495595437
7.952074637672391	3.383663008023412	6.772206958846098	4.563530686849554	4.259644017787786	1.2227547281949895	4.283922602774492	1.5451694029341332	1.2261619932647696	0.36400790556435275	1.6830549455305033	4.298493870419592	0.00969626761904938	3.807971768047431
7.952074637672391	3.383663008023412	6.772206958846098	4.563530686849554	4.259644017787786	1.2227547281949895	4.283922602774492	1.5451694029341332	1.2261619932647696	0.36400790556435275	1.6830549455305033	4.298493870419592	0.00969626761904938	3.807971768047431
7.952074637672391	3.383663008023412	6.772206958846098	4.563530686849554	4.259644017787786	1.2227547281949895	4.283922602774492	1.5451694029341332	1.2261619932647696	0.36400790556435275	1.6830549455305033	4.298493870419592	0.04113075841832012	3.856916973116765
7.895794239814137	3.4399434058814466	6.772206958846098	4.563530686849554	4.259644017787786	1.2227547281949895	4.283922602774492	1.5451694029341332	1.2261619932647696	0.36400790556435275	1.689391776673612	4.345038488440701	0.14198253876450895	3.8593969680665285
7.795373341528046	3.4963396125816533	6.728182267260106	4.563530686849554	4.259644017787786	1.2227547281949895	4.283922602774492	1.5451694029341332	1.2261619932647696	0.36400790556435275	1.8012748723930836	4.301013796854678	0.0917384050824626	3.9085011103818323
7.795373341528046	3.449032850789913	6.728182267260106	4.516223925057668	4.3069507795797035	1.2227547281949895	4.283922602774492	1.5451694029341332	1.2261619932647696	0.36400790556435275	1.8012748723930836	4.301013796854678	0.14281834805928897	3.957684903411994
7.7388610777822	3.5055451145356145	6.728182267260106	4.516223925057668	4.3069507795797035	1.2657513422433893	4.283922602774492	1.5021727888855159	1.1926168595576108	0.36400790556435275	1.857787136138708	4.347640460442946	0.19397998065321018	3.9110582398236273
7.753707473919568	3.446588551185136	6.6360458796101165	4.564250145494389	4.363421422798588	1.3589426412498413	4.227451959555731	1.4963967768504858	1.2261619932647696	0.281977369701606	1.7988305727882945	4.303530293229617	0.25075699099519927	3.9138597154479573
7.753707473919568	3.39918962453391	6.6360458796101165	4.516851218843211	4.410820349449818	1.3589426412498413	4.227451959555731	1.4963967768504858	1.2830362156052133	0.24389345253066394	1.7988305727882945	4.299731068390653	0.3021739205831752	3.917658940286961
7.753707473919568	3.39918962453391	6.6360458796101165	4.516851218843211	4.410820349449818	1.3589426412498413	4.26282732402471	1.4963967768504858	1.2476608511361011	0.28654135216169097	1.7988305727882945	4.299731068390653	0.35367315924656995	3.917658940286961
7.768584723007554	3.3401165358724425	6.543742899757858	4.564958359122048	4.410820349449818	1.4522826388469936	4.26282732402471	1.451163919532033	1.2476608511361011	0.28654135216169097	1.8510220874674383	4.302320126575339	0.397401269398389	3.920222326863107
7.768584723007554	3.3401165358724425	6.543742899757858	4.564958359122048	4.369758250535751	1.4522826388469936	4.303889422938813	1.451163919532033	1.2476608511361011	0.28654135216169097	1.801012546282517	4.349187659790304	0.4534254840353353	3.876250664973429
7.783492847797042	3.280926702059468	6.5958373116611915	4.468582238195316	4.426336247426104	1.3559065179206133	4.190155756058925	1.451163919532033	1.2479422987856366	0.28654135216169097	1.7976113950704535	4.398889548654621	0.5536551402198039	3.782267067085959
7.842799646475144	3.2774398089418413	6.5958373116611915	4.5244021437558315	4.370516341865602	1.4441255309357626	4.190155756058925	1.362944906516635	1.2479422987856366	0.28654135216169097	1.7941908264726285	4.398889548654621	0.4977689101382468	3.7356540648420746
7.857855853679455	3.2180158258180134	6.599819571540807	4.476052107956692	4.370516341865602	1.4411404227433307	4.15474520366329	1.317579978910236	1.2833528511814156	0.24389345253066394	1.8468325435256607	4.445487550237484	0.5948956247753147	3.743806183436169
7.872943200071933	3.2143868373340028	6.555365530923368	4.53196450648248	4.412272154123218	1.4411404227433307	4.057076992879725	1.317579978910236	1.2833528511814156	0.24389345253066394	1.8997488370734206	4.4483945434717675	0.5349453692821533	3.746125268570415
7.903211394468113	3.198308794336645	6.514629088870594	4.586891099934182	4.308914334417739	1.4381420776987612	4.057076992879725	1.2721470977006795	1.2833528511814156	0.24389345253066394	1.8366891790563973	4.50181376904982	0.689439536835287	3.703141568647389
7.918392283222859	3.138413880521219	6.517939647463755	4.538866516280334	4.365627926776361	1.4329600607647133	4.0003634005210476	1.2293045309806674	1.2265451204927933	0.24389345253066394	1.7767942652408577	4.552579078282016	0.7880341001464349	3.7075901874152084
7.723073394865102	3.1902976514776347	6.536204300321181	4.377166746021804	4.430222915771086	1.3358552795012824	3.9786888168295933	1.2293045309806674	1.1118198219797981	0.24389345253066394	1.8932730251921932	4.856814941355233	0.947288125590789	3.727493175429519
7.587675873239193	3.13450820512387	6.4974213937117575	4.224762684651306	4.470226755790267	1.282015296004349	3.994474423164514	1.1865298994608415	1.0553140107735848	0.24389345253066394	1.9497476706115249	4.8187673781572125	0.8984527800592313	3.736031860444182
7.440267202192355	3.191210372530969	6.3587747826486325	4.272702792074695	4.470226755790267	1.4210085951513904	3.994474423164514	1.0954767077378034	1.0553140107735848	0.24389345253066394	2.176465897808636	4.723889092229728	1.0042097955701854	3.795628643649367
7.394780896320401	3.191210372530969	6.362044575089742	4.223946693761621	4.470226755790267	1.3751193540443662	3.994474423164514	1.0926098505316744	1.0553140107735848	0.28654135216169097	2.2333357840156145	4.727374197638585	1.0551827084091063	3.751099961299567
7.363449344203854	3.1313021891886033	6.270804839630749	4.223946693761621	4.583681062854889	1.4208205610048583	3.938105252186752	1.0905771759878082	1.1679451995914099	0.24287281974394714	2.2874650549157693	4.783573144302723	1.4307086625158496	3.860812855989013
7.483622341741305	3.066918638004954	6.270804839630749	4.2797361401155944	4.58474019687561	1.466590082775643	3.9737171554377198	1.0448076542165243	1.1321894304356257	0.28557748500648233	2.281727397557683	4.683264217833162	1.5361143792840142	4.059483975029651
7.437868504875543	3.066918638004954	6.225051002764976	4.2797361401155944	4.641669810230601	1.466590082775643	3.916787542082632	1.0448076542165243	1.2457978007684973	0.28557748500648233	2.4619407124874293	4.736059446900217	1.8556680687822908	4.429803668956746
7.381876275582673	3.066918638004954	6.169058773472159	4.2797361401155944	4.641669810230601	1.4208205610048583	3.881482728446672	1.129900002393661	1.3380062791990304	0.24625465860078022	2.577606709981182	4.7294738089882955	1.852030760156984	4.485525093890486
7.304287897329976	3.0066533808180007	6.031205138032385	4.2797361401155944	4.641669810230601	1.4635777295735346	3.881482728446672	1.087142833824754	1.3380062791990304	0.24625465860078022	2.691597281626783	4.839980218877625	1.8577033302174049	4.6611072758708225
7.258156779628085	3.053852769125896	6.128645601522226	4.18336394723169	4.65148112899139	1.362695117952453	3.8244720213780683	1.0444538642538794	1.3046015696597468	0.24625465860078022	3.0111995824677438	4.994139408805143	1.8117815230497512	5.107124727178102
7.099150564060051	3.2047700781036577	6.074127750372487	4.229792891791316	4.557357780954505	1.3576216008058117	3.8244720213780683	1.0018329779237827	1.3046015696597468	0.24625465860078022	3.245772198136774	4.992609981783559	1.657783925609013	5.1153845292567475
6.899618650380052	3.2092995822880956	5.982481430478699	4.126436802189132	4.670192487525402	1.3525612755081786	3.7673801603314727	0.9592800591431702	1.3046015696597468	0.24625465860078022	3.344192983320155	5.208494002095006	1.7838218111747246	5.3847212160013385
6.749403712227018	3.2575243628071444	5.889187056596473	4.117741018437517	4.678888271277229	1.3525612755081786	3.7673801603314727	0.9592800591431702	1.3046015696597468	0.24625465860078022	3.3003131430317234	5.217696605086833	1.838766225600599	5.403652730350244
6.70261950942359	3.2019794649985824	5.793654972420179	4.1109440020020225	4.734433169085611	1.4013091568817457	3.7673801603314727	0.9592800591431702	1.3046015696597468	0.24625465860078022	3.2404239352758557	5.1709124022833395	1.956870843177114	5.505937881703143
6.4957018231518555	3.3145647027533816	5.643777626094823	4.166488899810395	4.7933156939913335	1.4013091568817457	3.6882575512533413	0.9592800591431702	1.2692967560237653	0.24625465860078022	3.6684678126933687	5.591370363284354	2.530072973080328	5.972285723816076
6.555987688230259	3.3099147632606907	5.6925255074676056	4.173376944023054	4.795015448221866	1.3983116173038233	3.630921871437321	0.9135297173470447	1.212356037500371	0.28901615536530856	3.7295925647920694	5.696278698601444	2.6484943347412013	5.983298837265769
6.361753062159578	3.31545860972035	5.4950320241661625	4.182179647713714	4.843629814614135	1.3983116173038233	3.573504801354101	0.8698674704599975	1.212356037500371	0.33267840225294354	3.8481727713599314	6.026698867490368	3.2264568443974153	6.067456664292206
6.257116642894924	3.428560958645264	5.496492538751542	4.189185062788611	4.84529401837258	1.3494827179253572	3.5160062831424876	0.8698674704599975	1.212356037500371	0.3754967963082861	3.966521369307166	6.139948845543764	3.350179385858604	5.979741883945852
5.9452434598264965	3.597893533179056	5.339909795654138	4.203227197351558	4.733350506917101	1.2973996275582056	3.480701469506569	0.8240491839347402	1.2476608511361011	0.3802642933442829	4.056310188846115	6.752522174166879	3.7601853538229046	5.969589551943767
5.84168768235745	3.654002967289336	5.285426757662433	4.210263891984388	4.71778067538328	1.2483268880808847	3.4973880876662586	0.8240491839347402	1.1904346304002116	0.3802642933442829	4.128901886642973	6.865626436738311	3.831481400520796	5.936076790395261
5.688329733791158	3.767714704777713	5.189579169337323	4.266465269231506	4.661579298136236	1.294213212075956	3.4973880876662586	0.7781628599396582	1.1904346304002116	0.3802642933442829	4.044537486754196	6.829993691930864	3.827457881986699	6.095885065566622
5.630697807672956	3.825346630895754	5.238733450742512	4.217310987826379	4.661579298136236	1.2450589306710547	3.4973880876662586	0.7781628599396582	1.1904346304002116	0.3802642933442829	3.989047238944898	6.8347615856963735	4.08615866075047	6.10757171990872
5.582633906043728	3.9945035974481398	5.19066954911331	4.386467954378676	4.492422331583829	1.2910133848027032	3.4973880876662586	0.7322084058082898	1.1904346304002116	0.3373821972320168	4.113005237808871	6.312305220777149	1.919579883734027	6.703438851144825
5.688329733791158	3.936871671330003	5.238733450742512	4.386467954378676	4.492422331583829	1.2910133848027032	3.4973880876662586	0.7758706526955669	1.1904346304002116	0.293719950344218	4.055373311690636	6.3049399433741256	0.3217043551141405	6.270112282954601
5.437879302907064	4.05107392159074	5.095150900184691	4.393802324313223	4.378382457844007	1.2417774305941813	3.5548576372633405	0.7758706526955669	1.1904346304002116	0.293719950344218	4.4875490078315075	7.30962353033245	0.7045426099075991	7.155525519808153
5.3290021702941015	4.111511199828509	5.046711045809195	4.393802324313223	4.378382457844007	1.2417774305941813	3.5548576372633405	0.736547826289269	1.1904346304002116	0.3330427767514485	4.6737281470253444	7.667919592954661	1.9482318511306727	6.949663235843641
5.102188258689148	4.289790752764847	4.99817668714079	4.393802324313223	4.378382457844007	1.2417774305941813	3.5548576372633405	0.736547826289269	1.1904346304002116	0.3330427767514485	4.927138421402427	7.884219001946619	5.05462897094404	7.63747740108439
4.982153598593987	4.362959754077349	4.99817668714079	4.346936665530557	4.425248116626711	1.2417774305941813	3.5548576372633405	0.736547826289269	1.1569263708645687	0.3330427767514485	5.047173081497565	7.780418479503968	5.4464799736307805	7.718891797653325
4.824964720774941	4.42279557351631	4.900823628760611	4.346936665530557	4.465735443596707	1.2842416864192348	3.5143703102934554	0.6940835704647368	1.1569263708645687	0.3330427767514485	5.067886834761042	7.593311665783886	5.393976827757069	7.7643019305690855
4.6638708641946796	4.588971026779669	4.859039566661144	4.393802324313223	4.4188697848140395	1.2842416864192348	3.5143703102934554	0.6940835704647368	1.1569263708645687	0.3330427767514485	5.1238597402767585	7.558809254428012	5.387507128156186	7.6635726556438275
4.151970809932353	5.002780683169252	4.808466166113768	4.346285326987877	4.4188697848140395	1.2791208396531781	3.5143703102934554	0.6516874199045642	1.1569263708645687	0.3330427767514485	5.20486824167877	7.898457873684555	4.702289114679751	7.678029567422019
3.9272178599149106	5.225117520806752	4.757482234446602	4.394853146274942	4.372096654741871	1.2809155288682004	3.5143703102934554	0.6516874199045642	1.1569263708645687	0.3330427767514485	5.202422644913697	7.857523659881147	4.092816423102364	7.622860806624795
3.926747346915212	5.272268846765622	4.804839218363367	4.394176975317548	4.325415841782767	1.2335585449515536	3.5143703102934554	0.6516874199045642	1.1569263708645687	0.29021773781997917	5.17260657985357	7.5164395487505375	3.838883457224346	7.1970662508654755
3.934574514862962	5.215156127812112	4.755553667357619	4.394176975317548	4.325415841782767	1.2335585449515536	3.47903031838689	0.6516874199045642	1.1922663627705166	0.24744969001876618	5.115493860900088	7.3460393997896345	3.640094503258942	7.220124719312482
3.729519995801511	5.205809996390664	4.598357115792729	4.336972876399505	4.335344195317557	1.2322943939173494	3.47903031838689	0.6056758255569453	1.1922663627705166	0.24744969001876618	2.554431329299604	6.914417104401608	1.5726944571996424	6.432753550776427
3.6219046923855176	5.310255467462875	4.6450873100938495	4.287072849754441	4.231469916217953	1.135879571748886	3.536389801963234	0.6056758255569453	1.1922663627705166	0.24744969001876618	1.8011271857611035	6.804539433841042	1.551410467059859	6.1729601412996065
3.373944142436954	5.205809996390664	4.2920048472898324	4.287749291537668	4.27798471174112	1.2291504828068107	3.536389801963234	0.5595961518044934	1.1922663627705166	0.24744969001876618	2.1815553478224796	6.4048845446156095	0.6271009887727883	5.227157697129035
3.265731754059583	5.263740671939852	4.241723134461678	4.287749291537668	4.27798471174112	1.2752983274290577	3.536389801963234	0.46977977476595956	1.249244131005955	0.29111822243625746	1.4410161287182166	6.240382412483996	0.3697802038794524	5.341378116432721
4.372800956809961	4.262958837693717	4.298786918104263	4.336972876399505	4.237468562889393	1.3245219122913545	3.634238296209742	0.46977977476595956	1.1919117856108892	0.29111822243625746	5.343435874343948	5.938326113027522	3.401989061637458	0.46134713208128464
4.784404745531738	3.901527855551579	4.301683979300511	4.384248621782746	4.27798471174112	1.3717976576744344	3.629026581674178	0.5091088867007664	1.1900785611190032	0.2945571583008052	5.909696073560766	5.879863756635154	3.6883993282477734	0.4220998816472117
4.609077801676993	4.175723936378232	4.258469464115154	4.526332273940044	4.144530543214148	1.4671593970332346	3.6695427305257144	0.46289277982368515	1.1566073512947652	0.3373821972320168	3.6015937272096976	5.14486414641169	2.9327714821910416	1.6367321545361946
4.605102238436178	4.235901842684173	4.314671807180387	4.526332273940044	4.08722342463962	1.4671593970332346	3.7268498491002244	0.5021620369636223	1.1566073512947652	0.3409950362038774	3.143015531111811	5.149518085453853	2.9066082661770496	2.017401556449814
4.600332830429867	4.353371797204283	4.427372353693926	4.526332273940044	4.08722342463962	1.5134438574643019	3.7268498491002244	0.4558775765329672	1.1566073512947652	0.2981129400914269	3.174623990961189	4.663057338874122	2.6958435812724635	0.38625552594645907
4.656831334700773	4.353371797204283	4.483870857964889	4.526332273940044	4.08722342463962	1.5134438574643019	3.7268498491002244	0.41228144274710893	1.1566073512947652	0.37982367295473685	3.184458390006952	5.4640832193333475	2.4389966245000823	0.6105821571223891
4.536121371991175	4.53067928500975	4.540468383060664	4.526332273940044	4.08722342463962	1.559796762662103	3.7268498491002244	0.3659285375491961	1.099629583059746	0.37982367295473685	3.3716441641886674	5.712297101535442	2.4444553483080402	1.4292923924606642
4.277050518906998	4.588341846483231	4.339060091450282	4.526332273940044	4.08722342463962	1.602089075802592	3.7268498491002244	0.3236362244074535	1.099629583059746	0.37982367295473685	2.6176906679592395	4.7999949696958835	2.2511176815012286	2.327031541225893
4.122011919045518	4.591663399549138	4.243732663574181	4.469942655020448	4.143613043559311	1.6485041240319467	3.7268498491002244	0.27722117617916064	1.099629583059746	0.4226990300156485	1.4947350233405179	4.094129794193597	2.623856034201651	2.9326737612397498
4.020126832308674	4.591663399549138	4.1418475768373515	4.469942655020448	4.143613043559311	1.6949876784806759	3.7268498491002244	0.23073762172987827	1.099629583059746	0.4226990300156485	1.0971345090625877	3.6254411574855516	3.2054647827055347	2.7424116721653116
3.892706658041664	4.770076654498462	4.2419862900019085	4.4207970225384505	4.143613043559311	1.6923941971203174	3.7268498491002244	0.22778160439420725	1.1566073512947652	0.4220352819243871	0.05320594008760618	2.528837772875109	3.035550763817799	2.532426653179589
3.833474879600728	4.773010063441556	4.2419862900019085	4.364498653040513	4.1999114130571735	1.6923941971203174	3.7268498491002244	0.18851234725255844	1.1566073512947652	0.42320351260428235	0.011268714446310035	2.2894047065151386	3.5098467535861646	2.3509250125428514
3.540948518670187	5.008746893021855	4.18519675865161	4.364498653040513	4.257218531631583	1.7390150352738325	3.6695427305257144	0.14189150910052845	1.1566073512947652	0.46619992090044754	0.1561051828033593	2.057453105484013	2.864187321516644	1.8323480053476406
3.4237909915813036	5.116082424243024	4.18519675865161	4.354676657172856	4.267040527499487	1.7390150352738325	3.6695427305257144	0.1855537559880673	1.1566073512947652	0.4225376740123798	0.14740340472007138	2.0553222748532574	2.6866288244334893	1.7774263617818389
3.4739883056208125	5.116788179253368	4.236099827701283	4.354676657172856	4.267040527499487	1.6923941971203174	3.6695427305257144	0.2321745941408098	1.1566073512947652	0.4225376740123798	0.4572391720504978	1.5365366876042876	2.8059705893846334	1.1427101316529882
3.4732854020406023	5.163785503006427	4.236099827701283	4.400971077346023	4.220746107326244	1.6458420459985743	3.6695427305257144	0.27872674526474006	1.1566073512947652	0.4655913371464696	0.04019449932831246	1.3690541950468986	2.247474678402321	0.9752276390961825
3.1838586099662196	5.397130953187007	4.236099827701283	4.344889735451844	4.276827449220465	1.5065968107643934	3.6695427305257144	0.4179719804983034	1.1566073512947652	0.4655913371464696	0.0035941390225206976	1.3012032967187936	2.0060839243838617	1.0129306202692092
3.0097224681899455	5.572054720212728	4.2928782960563625	4.288898892346263	4.390206597783874	1.4603185032429986	3.6121544250677444	0.46425028801951146	1.1566073512947652	0.4274469421255327	0.17309850512072114	1.3542256341073622	1.879930544339444	1.0030817017649285
2.9517908564145228	5.583657136784825	4.243732663574181	4.291715329625121	4.436535792986982	1.509464135724784	3.6121544250677444	0.46425028801951146	1.1566073512947652	0.4274469421255327	0.2310301168938129	1.580144749885402	1.9446736804685094	2.1063133543079737
3.096886702553662	5.687452163230825	4.493573227829026	4.290765637955375	4.430693924753951	1.2777534532516237	3.5143703102934554	0.6486820836201485	1.213904139099494	0.4274469421255327	0.3500381151395858	1.901367975029969	2.2012683076053254	2.2976255289125396
3.501850004562808	5.757333161612877	4.6742928346302834	4.584890331545376	4.460098801163257	1.2980611986496475	3.531294629086881	0.9688282270149555	1.270948583394629	0.38438632111379933	1.5255675170341707	1.9936557065239258	3.715207558625587	0.36334855893437834
3.600245506342319	5.702234012328287	4.724926152153264	4.577553366517153	4.556370721112744	1.255777894336671	3.4909402459649663	1.0596921031271103	1.270948583394629	0.38438632111379933	1.9705936148585197	2.448598369609451	4.6028902438956525	0.31051727337164575
4.776572703092081	4.839767515891142	4.844318314337671	4.772021904645639	4.5690279090248245	1.091103979661445	3.5247198113818965	1.4652713092600405	1.270948583394629	0.3413830502093142	2.517196091332002	2.199752736742132	5.269781613644085	0.3948450124745914
4.932517862086717	4.781606049614727	4.846455040886488	4.867668870814852	4.398258082103042	1.142018914493404	3.6954896383036666	1.4663410937096524	1.213904139099494	0.38504529709687224	2.570185091350916	2.400533409615533	4.969439212636086	0.5342247730415616
2.5018554390622922	5.414930279096698	4.594089038995198	3.322696679163736	5.032912258126021	0.5847099487867369	4.350774869929698	1.7333478506646054	0.3163173774986166	0.07333702350389538	5.225496228957759	4.710641780408537	3.3550301499083335	1.8044353337483072
3.2190523467972705	5.350980546287914	4.932838167035484	3.6371947260496	4.704767929544649	0.5942845756639197	4.405281635202457	1.8218245392140966	0.07098743197107137	0.3109899270134607	6.116454786256415	4.081728180856314	4.127500337170094	1.4117369633812877
4.387092937672622	4.953147582472768	5.317911472678102	4.02232904746733	4.78589564114819	0.5844997341031803	4.267033458379647	2.216743702193418	0.6583001715090173	0.11440204758180218	5.542671454053875	6.004539974526084	3.6621251153377528	4.157438023526767
4.861333459554093	4.714468959432381	5.411503701942854	4.164298717043422	4.723890917804249	0.5926253960839094	4.2822415378458105	2.26018867380521	0.9412143012579358	0.04841169276691349	5.097178967194962	6.695318328139837	4.791998325105985	4.646226133976182
6.169791237330855	3.8737513456077277	5.725417162736462	4.318125420202169	4.702430609411732	0.8866372916462739	4.481550420587112	2.390277210243422	1.1472740460267956	0.1248878990840118	3.684613240188005	5.733087174211919	0.424968929174608	0.3772412392487037
6.561576451399823	3.423573776278603	5.6872872711586915	4.29786295651962	4.698527725763655	1.0274823943698834	4.646560870641396	2.346734600324134	1.2041918571468604	0.20658357640275557	3.1690167482255873	5.624220560378389	0.760213633403679	0.24982709323315822
7.064111565856762	2.7959718154122424	5.546981864045311	4.31310151722341	4.431729928997743	1.5429185730583226	5.333009275304284	2.3016331463151225	1.2966222431971262	0.28720839738676696	2.7453214715108074	5.299604674618922	1.5714539260934561	4.480949444068667
7.351545315001369	2.211143150026437	5.3217389639617725	4.240949501066139	4.392646488661227	1.7405957527404552	5.690872516903129	2.342617107887584	1.4227950925758162	0.33069129779253953	2.3939553363211745	5.41527544383539	1.7396084764839352	5.033372318185291
7.582634431283628	1.6565046696185473	4.971799518466128	4.267339582436174	4.391032404806401	2.138681685808608	6.040610353180847	2.4687991470999124	1.6296308971141893	0.33069129779253953	2.0068257528037976	3.553044677319321	0.3631870970189466	3.415227028148606
7.781556488583432	1.449059378045507	4.969106345428439	4.261509521200361	4.4867284497738575	2.282993296109592	6.00112432613019	2.467606383740947	1.722369787375387	0.33519224302693246	1.9022602141761948	3.4929093971584826	0.4063849465970273	3.2666423332091625
7.4151536784006815	1.4010307470353414	4.659460625960351	4.156723799476006	3.8321560209182493	2.8642866822468274	6.404417525802701	1.8863129976038613	2.078434738282521	0.4205448079190102	0.8348737185104392	1.4712064382940453	1.9966578931711136	1.5960628572531805
7.193899360867668	1.3970551496515358	4.483909027388077	4.107045483130864	3.731608462176643	3.0860708546641122	6.508940681928591	1.6581138406229325	2.1355832609125556	0.41932803699338095	0.7832975805280149	1.0447537025243347	1.6979078323510954	1.6634187497877713
6.799347546697349	1.077352613622979	4.004026369860141	3.872673790460348	3.7798732003272013	3.8324632621841417	6.714179908542557	1.469281574790665	2.490814321922599	0.23613122840853817	0.107542321650218	0.9500319671337005	0.6839391691843172	0.40976497330291883
6.415358608619545	1.0009771609493727	3.6705558625672374	3.7457799070011433	3.9422140508637664	4.293782353246995	6.803101506653904	1.2325386105047433	2.5471730503189045	0.4066254835829234	0.7137999943015113	1.502190032759416	0.05737868180629939	0.59565743329168
3.151809238389003	1.763047466148095	2.8746265897603513	2.0402301147768043	1.4671276775476474	6.247760305782802	1.8802977486629069	7.410938141042899	0.5759842874818946	2.5006482108555788	4.774099033101923	2.9701026581398153	3.240799497430456	2.5017702803854642
2.5930564147159263	1.480288289207327	2.505758776728424	1.5675859271944783	1.6873096647736388	5.77943206115543	1.7316825453180407	8.05941807149298	0.07337251396817458	2.4082499586263406	5.144546893698952	3.1709319143940755	3.4724394550364983	2.981032515043973
2.9568167920024377	1.4595639588681824	2.66024931793124	1.756131432939536	1.6774690350202646	5.079557122672382	1.7228065275674853	8.305975065087283	2.6866435675948313	0.6362893642764613	5.187351312183017	3.4652275859606196	3.7140178573263425	2.7695268636921466
0.5527670799361569	2.803077066889358	2.2211567501774527	1.1346873966486952	1.3670993252910195	5.133226615861329	2.3233616093492784	8.755392998502995	0.09368690002599694	1.6518434333743572	5.580679255918793	4.629108086245297	3.4990657046153717	2.4817486283658234
1.1195378837528724	2.7353633958280037	1.9639829463478025	1.8909183332332673	1.0750775235933763	5.257599243733631	2.4129045378390375	8.609470619839463	0.07490561674279808	0.9362397139371619	5.4715862022413	4.213359399823669	4.0409360295890675	2.1934124289136943
0.8543770918259758	2.438911852501898	2.0769903096393576	1.2162986346872766	1.7869802717448635	4.918161857015025	2.3660962470142257	5.580386934687974	0.492421151108646	0.6826807522783014	5.88902504532471	3.9988903187147233	3.3345392827055558	2.6534069448462336
5.159127727680427	4.6667046273090484	0.8503153312054944	1.342738431576678	3.6951158132601125	4.974661387338766	2.0897615252290467	7.108387221092488	0.11303669545135916	1.2318433522357226	3.1718687044720792	1.4716881628207297	0.9983532236308326	4.162006978193349
5.524776240800352	4.659526115744415	0.9380358782646402	1.8032860033208302	4.059079403413362	5.088610404876909	2.039017601568737	7.554985910925647	0.08488292646644757	1.7197456601797365	2.901111598359064	1.3507752216920417	0.8172385494660609	4.387298591796054
4.559962571055465	3.7298527069112812	1.3258542179175616	2.1559640820617636	4.503558301234959	4.828657559996057	2.2094685687626154	4.726791703039944	1.2834150553234747	1.5221319659732782	2.4865536140653006	2.140565590240177	0.7448478020146455	4.417390685535847
4.885965113105691	3.8771440284620247	1.318661961749041	2.327483046392701	4.673540166303966	5.928726199141112	2.032347760425265	6.922333565767947	0.007280156522439074	2.0316054407577937	1.9757079744340207	1.4125682878962196	0.8558256280861337	3.847799658607475
4.330313321357022	3.6509791403457688	1.6481488653818586	2.327483046392701	6.254231486322626	2.9916033337578245	5.306409145316441	1.6354609301507577	0.5762853698689954	0.1391069437424492	1.9358415314880397	1.0971717175331583	0.9434732098068352	3.069844631711392
3.80890242002902	3.5465197672678506	1.6894768263325166	1.9518594790938306	6.348450277902626	3.047581181464086	5.164238141313201	1.3739681764600178	0.6105770559114686	0.06969475791258894	2.1334690204174405	1.0082466060007487	0.578597773651352	2.8425405263204753
4.958205909134172	4.414252328070818	1.3913200572792348	1.9352736383425644	6.278578746891906	2.9578157734598323	8.44626483310226	1.6539651760360332	1.444982614617877	0.13426253145015254	1.0126647534288298	1.1526943226264594	1.502768633147697	2.2012676316409574
5.249373059969247	4.5756196004795004	1.251641421858808	1.9253948813487172	6.080155938523229	3.0055092762079987	8.830270980921117	1.745950308708327	1.6390437004537775	0.18130952943478892	0.6788303474790108	1.0937482879295326	1.9911159257623543	2.211221399276223
5.749389641324038	4.972011148346843	1.3621040832818496	2.1394825762587533	6.237830452113424	3.182085660469364	7.215795835312813	1.6036986570269727	0.5607897596138326	0.12710247329728497	0.3713985204873235	0.6811924450764217	2.981352162034249	1.9321056169077782
5.9349573271723495	5.023678893414008	1.3621040832818496	2.273382517039805	6.136812299273659	3.3671625068786075	6.936162554961971	1.6844807917493287	0.19239079300036516	1.2718929338606522	0.470022497269738	0.47521951891204534	2.8863412503434906	2.0447954296973854
6.1671883837662005	5.012190140450235	1.5144758906500546	2.669474133965646	5.879210196044006	5.871555631656834	2.155182939146585	7.025898705885927	0.040994789071540076	2.13583837668088	1.163376298262787	0.9070436717351695	3.7856901844762323	1.8836997453132147
6.383408838584399	4.954040440605523	1.3180515377214275	2.7474199357003943	6.0549099831980016	5.362683386032147	1.8401793056426725	8.135350969620433	0.16162858742506614	1.5154304033837187	1.0056382600252445	0.957589056857338	4.018095948381071	1.3473204743738652
6.456151519016477	4.9888724374486015	1.3704907469377348	2.837769828505805	6.012244287876701	5.117116620744916	1.840851069928485	8.158531783838672	0.006016330500837984	1.0157725637504125	2.3189826754410854	1.3620044558694446	4.1281175302165565	0.19063380605395658
6.3245214043582045	5.013924081870681	1.5271725060180388	2.837769828505805	5.922646749619624	4.970662769962889	1.930448608185835	8.34135747141483	0.569215186175989	1.544515644616885	2.443115685340705	1.416798831099357	4.386966042776665	0.5450621627365295
6.523153831453675	5.14764171712113	1.4692178428455687	2.844729957178119	5.9756344503350345	4.5352598128122565	4.885583253249461	1.496147550686314	1.3410798649615145	2.796482568802823	2.9472730475600972	0.2532773742773873	4.89338157654022	0.6511526275980811
6.512383994945805	5.246842622589776	1.579188584822115	2.844729957178119	6.0217321343536785	4.391436336474161	2.964611983816754	3.3953282544415413	2.973913766317239	0.9096964148634157	2.8188357624903584	0.7689826416119157	5.309532276569571	0.18534066292777215
6.454406179377666	5.230655192505815	1.530583581237677	2.754334568109534	5.979941748869572	4.440041340058725	2.1589745685640676	4.13296771650382	3.660083636738519	0.5890021870420652	2.4837030894703207	0.6454126605142863	5.71364617392297	0.42468079775444134
6.710117659233497	5.742421809192252	1.9714971892402222	2.939193039281335	5.767501979786698	4.735518223223184	1.6262127188389168	7.769225542437507	0.458839186313994	1.1043107502617235	2.8877522556255633	2.367302790681075	5.8997544972130305	0.21391457241745232
6.784213806430516	5.839618470685843	2.232324002929875	3.176919338674405	5.629248585396526	5.096452234188365	1.5430486552378686	7.473888046032177	0.11557799551450204	1.3936659567815488	3.0472850606409714	2.613221574225976	5.76540834167406	0.04788398988026659
6.3997355768108495	5.810842038492584	2.5518462461955345	3.140739784513762	5.641245099263453	4.89513081893453	1.5430486552378686	7.687324608165628	0.2303920347892028	1.6678164585717639	3.4154422771494937	2.746622804256245	5.825679005462865	0.472531797774132
6.2971718597965	5.895368076310489	2.6544099632096616	3.056213746695954	5.55671906144557	4.888297843054751	1.5430486552378686	7.67732568690524	0.31630462857075603	1.9226594212763102	3.315911534115531	3.028497851741408	5.988515394396974	0.794702449184868
6.357601285344196	6.07321118594378	2.69279105753618	2.9771811569366027	5.477686471686213	5.080250455353914	1.5430486552378686	7.48537307460611	0.23486751377068363	2.0925275271444663	3.4888348091738677	4.412352555284233	5.854389002818744	0.14254598969110682
6.387889166530255	6.139737182343236	2.686453775109169	2.9346057592960157	5.4351110740458015	5.073120604804714	1.5430486552378686	7.492502925155264	0.23486751377068363	2.263003224048679	3.5249150371128297	4.639777912873106	5.71960531278317	0.098887140010552
6.245640014366849	6.312857398144389	2.7867529321154167	2.7195355483381007	5.310511634940839	5.159355172760688	1.4096810676496785	7.407380436968219	0.19085861826569803	1.9792146290830166	3.8136884572998615	5.6712159827808	5.392141304028994	0.5794655734447527
6.327233664087831	6.711837434921456	3.118990757521387	2.7343869866879653	5.079340905167668	5.37045012683739	1.323465410366468	6.864047657485466	0.27664326089570174	2.0583982126972433	3.6357813721607055	6.1925613609101315	5.227520875932462	1.1115251157911614
6.515612751912321	6.73552316301128	3.0503482223966665	2.830437811297576	5.036267815115595	5.510460268534378	1.3225896897320049	6.71969519395622	0.18983094083683483	1.8190370818789663	3.5743471548570316	6.1499722349881845	5.2524259507005855	1.1048092421104128
6.343728490500804	6.938691771333581	3.251153344015414	2.6561900631825965	4.7612567085505075	5.172814531337685	1.2795165996796698	6.857965811430152	0.09939128298882256	1.8745757530995206	3.3749886834055576	6.3174050893981555	5.399045172193733	1.2152734234033002
6.2357257047743655	6.964427976210714	3.253551469277966	2.5248491978418506	4.681318503428588	4.835011681925107	1.28116231753806	7.152368270987706	0.19019891639750572	1.671126435289859	3.556801788890963	6.306984889010444	5.15989638689228	1.0975015930213843
6.2025820934052165	7.075255346211978	3.3981157870115837	2.5254425342049975	4.626687070652694	4.590543185605989	1.103971394565404	7.252272449572968	0.1365427052288972	1.6147022671399784	3.4146541760129234	6.48432016016054	5.031778026362898	1.214459407859876
6.1455462009993465	7.018219453806062	3.3981157870115837	2.5254425342049975	4.6696807250378365	4.490934737156635	1.0609777401807055	7.407380436968219	0.1795404208575318	1.4334143514131537	3.2626356274252175	6.539245622647902	5.126760682544645	1.2693848703476678
6.18609486183017	7.1543822842726295	3.446303983818781	2.478016561376353	4.663321138140493	4.485197079720395	0.8886376885449806	7.420499620567687	0.13939469027486667	1.4125949460035399	3.4097157996414973	6.48432016016054	4.90146482914383	1.214459407859876
6.266950725232468	7.187467643798613	3.5426801047455383	2.622163186179386	4.71109164201675	4.141145686132193	0.8886376885449806	7.668174893229273	0.10505916134249206	1.2866350180920658	3.4546899045825787	6.539245622647902	4.937346587605091	1.3940877797666273
6.2163843428673395	7.235238147675008	3.5449775064630544	2.526123701655336	4.663321138140493	4.23880303582278	0.9278875708844506	7.85793610259821	0.2766660481234434	0.921182861227837	3.502077643128877	6.473694076940852	4.771707021156241	1.2779698516942513
6.2163843428673395	7.19142687396686	3.5449775064630544	2.5699349753633975	4.7071324118485505	4.3306763103933115	0.9278875708844506	7.9135479179128225	0.2766660481234434	0.0777562614718337	3.4431077382418493	6.473694076940852	4.830676926043197	1.2779698516942513
6.2566919440475965	7.231734475147199	3.5449775064630544	2.5699349753633975	4.703656966228196	4.4297966695783035	0.9313630165041052	7.814427558728021	0.3152119665126392	0.4513430263890202	3.4005137789747817	6.357551271375822	4.5618750060586954	1.417775550285246
6.2566919440475965	7.231734475147199	3.593246487110963	2.6182039560113037	4.703656966228196	4.780951201655883	0.88758740119571	7.506637765709765	0.26739441867508834	0.660801146335314	3.3534173205521944	6.357551271375822	4.319348016225919	1.5419840635838105
6.239874200755439	7.271962120932661	3.650291876188659	2.6182039560113037	4.703656966228196	4.730764910890339	0.88758740119571	7.556824056475335	0.31003964534565154	0.6745607558431793	3.159607359939947	6.414596660453443	4.266871903392857	1.6688943356859989
6.296769156790565	7.328857076967776	3.650291876188659	2.6182039560113037	4.700192314361132	4.680652609376034	0.8910520530624275	7.606936357989716	0.31003964534565154	0.7094472266214736	3.077227116956808	6.414596660453443	4.235716676289404	1.7952684925653541
6.336888688812326	7.368976608989597	3.650291876188659	2.6182039560113037	4.700192314361132	4.680652609376034	0.9302485947336487	7.606936357989716	0.34923618701659515	0.6957908608666363	2.978924332640125	6.414596660453443	4.317573441570537	1.8582552052454102
6.280022089270451	7.359801256055121	3.650291876188659	2.570512709403678	4.652501067753644	4.680652609376034	0.9302485947336487	7.571197641619574	0.3918239448727457	1.0134837704744173	2.784482090229791	6.414596660453443	3.896147011980305	1.9211087023587265
6.320090418167961	7.399869584952624	3.650291876188659	2.570512709403678	4.6097099608318315	4.680652609376034	0.973039701655828	7.5353890835904815	0.3918239448727457	1.1972345117095269	2.791726615231313	6.359411523355309	3.6539497575544644	1.8659235652605792
6.353903019007434	7.522121577226068	3.69611298832653	2.527894430108079	4.424529715777668	4.584277306502497	1.0192263645402762	7.479461920053231	0.4768273307097903	1.1965311689526978	2.5483648624354585	6.308857332619905	3.8259196117871017	1.9912319984269073
6.297251573934399	7.465470132153093	3.69611298832653	2.527894430108079	4.381664342786453	4.292445655920147	1.062091737531838	7.735382858742194	0.3226902545111685	0.8154620987264166	2.4017088842114576	6.253554486525004	4.03209298506655	1.9359291523317221
6.337217826309103	7.461606911757268	3.647763497892244	2.523374412444078	4.471685648594281	4.2911132282567905	1.0596688892083288	7.785064776839795	0.2732222637905445	0.18474949959086415	2.5898958125518172	6.253554486525004	3.9935531986505506	2.1836431258137994
6.337217826309103	7.461606911757268	3.647763497892244	2.523374412444078	4.471685648594281	4.241504830892137	1.0596688892083288	7.834673174204562	0.2347394965070456	0.6282528253544772	2.6350591240678938	6.198133657799632	4.058542602578149	2.2511631021343885
6.286663635573809	7.461606911757268	3.6500491159773807	2.4751058397939065	4.471685648594281	4.190776815386136	1.0596688892083288	7.877780634019977	0.14196732807018966	0.6841419536963971	2.6350591240678938	6.126797003012753	3.948389887134814	2.2530074014293637
6.128736237906502	7.414061220672964	3.7597887241539456	2.474463741387416	4.476301921515186	3.992753505661277	1.1025983073714294	8.068172749675051	0.613504578758162	1.5207473837383527	2.6350591240678938	6.284724400679976	3.9418480782125838	2.3146778222872104
6.118383605277174	7.410197802169243	3.761921606762437	2.470107409870132	4.566318973633069	4.089956896704373	1.0563320646987773	8.019076499594268	0.6406666984237517	0.07193302854381159	2.5847115042634092	6.097419526973496	3.7582421749099595	2.138672279236632
5.911747006746177	7.353681334045141	3.864015110099627	2.422080782800391	4.566318973633069	4.137983523773967	1.0563320646987773	8.019076499594268	0.7165641865116097	0.5876918398236982	2.496379425200063	6.0108759265997636	3.519142802128711	1.9630247216419048
5.861906202538186	7.353681334045141	3.9138559143075247	2.422080782800391	4.523325319248041	4.137983523773967	1.0993257190834271	8.019076499594268	0.41373683924982263	0.8654040467993318	2.496379425200063	5.940666574453575	3.6271599113391484	1.842974565287612
5.745232509528912	7.345905848871891	4.022339746155179	2.421666406812204	4.524666229070487	4.045330064477251	1.1455970603428522	8.123712015178073	0.14196732807018966	1.0688874761528464	2.299513016578608	5.862081970901397	3.594686978497321	1.7305675104193798
