0	1	2	3	4	5	6	7	8	9	10	11	12	13
6.66174502267401	5.504176495335028	9.056622376217842	3.109299141791294	4.214307434039111	4.356451420500194	2.376199211764565	2.55263942785808	2.115328456779119	0.8217472485288365	5.825622227757205	1.0102592636197072	0.4318055502553258	3.0320762049091177
6.813279126570129	5.932812845201911	8.849852357147302	3.8962396146247933	4.314734679877184	4.486263621889333	1.796441662304217	2.4733699955550676	2.3479009358255962	1.4966880608060145	5.842262498601937	1.1173655800901818	0.48419200673753604	2.9968204903689277
6.9453472534298974	5.941028653929794	8.700543413051657	4.185832494308057	4.370126533100988	4.667304157008078	1.6930609658273625	2.3368519379687895	2.3866288689411914	1.7157389071407831	5.79384752220252	1.1449707133164881	0.5931761073495376	3.009192050948963
6.967417730800473	5.993490484516796	8.632786907785876	4.328121307531568	4.464652013490511	4.617214149294943	1.4707279231100021	2.3854822868097973	2.497114345544913	1.8427256284650881	5.79384752220252	1.1670411906872853	0.5931761073495376	2.970725911622372
7.006430847359786	6.09358397247745	8.58226908298991	4.517745736847326	4.417617280237601	4.660241885709452	1.4691610058507587	2.386431943164093	2.4456225080963536	1.8882791770515248	5.79384752220252	1.206054307246455	0.5931761073495376	2.9323234841278296
7.0842284535063165	6.146211498861955	8.704795218803017	4.525644733565213	4.5122579372309115	4.615513356042853	1.3218928224729554	2.386431943164093	2.4456225080963536	1.9239217373604411	5.79384752220252	1.2468604467420357	0.5992429830009055	2.8927007365026207
7.0842284535063165	6.146211498861955	8.704795218803017	4.525644733565213	4.565524556505259	4.615513356042853	1.2686262031986222	2.386431943164093	2.480697888058104	1.9239217373604411	5.79384752220252	1.2468604467420357	0.5479892777944251	2.845220959879942
7.12301331782444	6.198926342312453	8.743580083121184	4.5783595770156635	4.606958066312581	4.610819144325866	1.226037528529957	2.391126154881341	2.429138209469281	1.9239217373604411	5.79384752220252	1.3226367777111887	0.5479892777944251	2.722502120950463
7.12301331782444	6.198926342312453	8.835630688549442	4.486308971587495	4.701065045301493	4.518768538897521	1.0941990331692095	2.391126154881341	2.4668697258411183	1.9701297254651757	5.739758921941051	1.2716694147162235	0.6020778780552261	2.7353486313863633
7.12301331782444	6.146211498861955	8.79082435380564	4.478400462880729	4.7537798887520575	4.563574873641383	1.0941990331692095	2.391126154881341	2.4668697258411183	2.0163951686296637	5.739758921941051	1.2716694147162235	0.6020778780552261	2.7353486313863633
7.12301331782444	6.146211498861955	8.79082435380564	4.478400462880729	4.7537798887520575	4.605248571788351	1.0941990331692095	2.349452456734121	2.4668697258411183	2.109098607076008	5.739758921941051	1.2716694147162235	0.5448368833124236	2.697290995327388
7.06945185985148	6.199772956835005	8.79082435380564	4.478400462880729	4.807232936447785	4.605248571788351	1.0407459854731387	2.349452456734121	2.4668697258411183	2.109098607076008	5.793320379914024	1.2716694147162235	0.5448368833124236	2.5641337129523625
7.06945185985148	6.199772956835005	8.79082435380564	4.478400462880729	4.807232936447785	4.605248571788351	1.002946426498838	2.349452456734121	2.504669284815865	2.144622441194933	5.793320379914024	1.2716694147162235	0.6020778780552261	2.5164577401618864
7.129322036089296	6.139902780597039	8.79082435380564	4.478400462880729	4.860761885292808	4.605248571788351	1.0528275867835066	2.349452456734121	2.401259175685786	2.1910449195626365	5.733450203676147	1.1836877559750463	0.5507215691739895	2.471039353971728
7.129322036089296	6.08727525421251	8.79082435380564	4.425772936496198	4.913389411677169	4.605248571788351	1.0528275867835066	2.349452456734121	2.401259175685786	2.237524926196011	5.787538803937573	1.1468051102316505	0.4966329689116606	2.4222909477746666
7.129322036089296	6.08727525421251	8.74609179227446	4.470505498027404	4.913389411677169	4.649981133319585	1.1565108779126645	2.349452456734121	2.2975758845571828	2.237524926196011	5.787538803937573	1.0589542954625208	0.5479892777944251	2.6715532732457743
7.129322036089296	6.08727525421251	8.74609179227446	4.470505498027404	4.913389411677169	4.649981133319585	1.1565108779126645	2.3870343805583425	2.2975758845571828	2.246480582983171	5.846784045662424	1.0589542954625208	0.48874403606978273	2.7475872980561777
7.182895985149198	6.033701305152701	8.74609179227446	4.470505498027404	4.872722583999337	4.649981133319585	1.2113637146409466	2.3870343805583425	2.2833898755062885	2.293075783094571	5.79321009660258	0.9711473344255828	0.48874403606978273	2.6914726456249185
7.182895985149198	6.033701305152701	8.74609179227446	4.470505498027404	4.926348824921528	4.649981133319585	1.1719680168197972	2.3870343805583425	2.2691593324059225	2.257615066772214	5.79321009660258	0.9200045946222026	0.48874403606978273	2.694513949621307
7.236581931903269	5.980015358398714	8.74609179227446	4.470505498027404	4.926348824921528	4.649981133319585	1.2240941693477534	2.3870343805583425	2.269560633304663	2.257615066772214	5.7395241498485605	0.9200045946222026	0.48874403606978273	2.694513949621307
7.1766869573855905	5.992365910124694	8.6515375608439	4.517515306666396	4.933171532741527	4.702861666603257	1.4216076650985119	2.42870807870538	2.1303387693704936	2.257615066772214	5.799419124366308	0.9566900577903901	0.48874403606978273	2.65782848645285
7.1766869573855905	5.992365910124694	8.60414970626536	4.564903161244902	4.8923734343989205	4.7502495211817735	1.5148076293820676	2.5117607030855953	2.130619900117167	2.174562442392199	5.745340744402264	0.9566900577903901	0.6001660144075376	2.647700653977866
7.1766869573855905	5.944734123586501	8.60414970626536	4.5172713747069135	4.940005220937095	4.703888834974319	1.5672785463133594	2.5955724225961263	2.0781489831857436	2.1371114090890755	5.745340744402264	0.9934411415335452	0.6001660144075376	2.6109495702348062
7.193945356313014	5.944734123586501	8.621408105192831	4.5172713747069135	4.952897093406799	4.703888834974319	1.5840874385105572	2.5955724225961263	2.119002843655589	2.1371114090890755	5.804708284098574	0.9594467447480631	0.5407984747121906	2.603719792943691
7.247731435768849	5.890948044130796	8.573946280535655	4.564733199363878	4.952897093406799	4.709602313700316	1.636813105525743	2.6828989402764822	2.119181073353475	2.044922087928921	5.750922204642768	0.9594467447480631	0.5407984747121906	2.64185491579501
7.223889576203184	5.837049266182859	8.496205643022009	4.564733199363878	4.952897093406799	4.709602313700316	1.6518272595694032	2.6828989402764822	2.069124924566093	1.9518729421076302	5.7565032345078215	0.9553613179699416	0.481318666899261	2.5962285664912463
7.241110024545369	5.837049266182859	8.465890188586133	4.612269102142044	5.006740421834637	4.757138216478381	1.5979839311412907	2.6828989402764822	2.087041802604903	1.9409586879382026	5.816095500633426	0.921218463609543	0.4791727637139732	2.6859053896804346
7.286156733869512	5.674674151130288	8.393272897154215	4.567557987845626	5.060660620248999	4.712427102181987	1.612108049243308	2.728536668498238	1.9838531694605002	1.802648403983695	5.833173831951461	0.8777651722110008	0.41492097940227723	2.650408691095612
7.261904645168763	5.620321987557326	8.359454075790385	4.522772556935672	5.060660620248999	4.667641671272012	1.6273117700697792	2.728536668498238	2.0217658700522203	1.7563982342541786	5.899023066079283	0.8733018160783953	0.3524752014197658	2.566165433188393
7.361967685993878	5.507148845580941	8.285825779420666	4.583290752154091	5.009279684349626	4.669149583121002	1.679678826808859	2.682168878546122	1.8802198248761204	1.7102054080644533	5.922239277653199	0.7776581728218332	0.1752575453221751	2.5616172790775504
7.487436115791035	5.3420284431809435	8.291108262762773	4.538356296209248	5.009279684349626	4.624215127176193	1.7329663957527333	2.682168878546122	1.826932255932288	1.7102054080644533	5.878687909666533	0.7752884681829468	0.10496035645536304	2.5629942096329175
7.438702443829605	5.236497299818414	8.036384524172986	4.63881521947498	4.9632864270955555	4.6777373406331115	1.8806181666831707	2.723977784700907	1.6848987217293148	1.7102054080644533	5.890056872821577	0.6906622477844063	0.01706755370316364	2.516909227874993
7.454160998108917	5.133212466143866	7.948561317167329	4.6388121470853205	4.970124759650653	4.725515238731624	1.9750596461968648	2.723977784700907	1.5960871418323674	1.6746202558821848	5.895739508878581	0.7256534907342698	0.07825405295603967	2.5196228412349697
7.4492440201356525	4.964678688560681	7.8729451392181735	4.540977569478255	5.022963291344742	4.726961783309785	2.1039094422330336	2.677535194209961	1.4672373457962609	1.603277615757089	6.0181156113054755	0.755929667702956	0.31632540127236225	2.564275404029129
7.424183103719905	4.908932575382626	7.83720932707852	4.495906352023968	5.022963291344742	4.681890565855453	2.2324468574684353	2.723232537688778	1.338699930561266	1.557580272278195	6.024002440394926	0.7130154777829559	0.32679022278314485	2.6050679994216597
7.451687213235942	4.5683770146245095	8.169735121304853	3.8503291065556744	4.87273949859391	4.468310992152346	2.5681614280784792	2.4814355534143835	1.1351368674137408	1.1788021691931685	5.85981053712003	0.6951010645530064	0.3993388713100556	2.7782335037633112
7.548372028445179	4.614314316218062	8.06179733477738	4.100889009885886	4.714223772459528	4.513290443555682	2.62157084448352	2.5285002792072917	1.1350478057853948	1.2047153160555284	5.933523242516101	0.7310285226494321	0.5856300012473732	2.8153913696314583
7.711793416775836	4.641633027283808	7.938850531363062	4.414575912696633	4.508428874079625	4.513290443555682	2.5136788400529353	2.5285002792072917	1.188434181187093	1.2407628620324618	5.950708672003351	0.7618963034919436	0.8311437644928903	3.03329328735564
7.689098697275879	4.3637247159688375	8.18138077273361	3.871442640510894	4.564938177337315	4.2354531820964985	2.749375692318821	2.4814355534143835	1.061072935195243	1.0861467580107524	5.8283690574142994	0.8087279578152151	0.717533270841225	3.1571023384931953
7.8688975039958455	4.552148220973317	8.015652750900372	4.405392974068782	4.084817821024693	4.193583687403117	2.6955457150738615	2.431611757904582	1.0964894990437046	1.2400051007082047	5.661679994948251	0.759577704745725	0.8382414614418485	3.3707030921838768
7.7442794811149325	4.4945972502917435	7.78563977528523	4.453236956121476	4.043656202337798	4.241427669455822	2.6833496062845748	2.431611757904582	1.1498472265198412	1.2039283381267123	5.667006653320221	0.6554799478281998	0.8428861773788153	3.383257691803675
7.9103271910293635	4.361632762776968	7.790073398288059	4.481886555518401	3.786342604556194	4.054002792003975	2.671299765649209	2.431611757904582	1.1498435189425473	1.2298998985129623	5.44407452012927	0.6420981495084007	0.9181762271672068	3.7610167624946076
7.884137853484135	4.405034369288169	7.799051432310148	4.490120790462157	3.576999199583355	4.007701552786715	2.7419614816193776	2.421813522052944	1.1868480384368607	1.1925564390175878	5.512375715842642	0.6883950104678405	1.0447529858782858	3.807450104415199
8.00969896427953	3.9982331325609417	7.9015599349550945	4.1063721618853775	3.3753880440526656	3.8730409978309757	2.8593761751332036	2.272760760496519	1.3252753592462025	0.9100826620936827	5.403669236592031	0.7916715715610547	1.179595755624498	3.95249989989468
8.085111086223312	4.152151802549591	7.858837352891746	4.378425535881196	3.103334670056789	3.8730409978309757	2.7693932541279236	2.2354295974765597	1.415258280251538	0.9474138251139219	5.413248178277102	0.7890122296521385	1.248898621589492	3.9616055341992054
8.226950829937552	4.180087594828478	7.8816813343946315	4.525357090371413	2.6771478718321804	3.7305037978337263	2.8109100147738104	2.186104854840681	1.415258280251538	0.9377732515961458	5.301856134745854	0.8680939446588029	1.2678529323698982	3.969842673476167
8.126559711834425	4.290811797443682	7.733583632623755	4.6837878766543355	2.780988036585337	3.778210381501405	2.543468410920004	2.1487262510657885	1.4681355167370158	0.9751518553715316	5.495313293257468	0.767702826555827	1.2254506277248038	3.930764504225709
8.236466906899226	4.264497829773517	7.746481362914935	4.754483373757646	2.728833740489165	3.6350107877688593	2.2917388934402996	2.073789047853876	1.5935026552025304	1.204456474329298	5.449633042181074	1.027277423674695	1.1824537463313052	3.8114324150945547
8.13262083414252	4.33338730172441	7.798525672216053	4.667482463650876	2.774252462514167	3.587064081746772	2.1849044202242855	2.026083854789363	1.6995323710941874	1.368509796982345	5.640154935740212	1.0660451776522182	1.2028153445197953	3.822681552099487
8.009289528557929	4.268565398520238	7.578049478569995	4.699805448508229	2.651519915973687	3.5860414586309903	2.078060311448344	1.8825490267311829	1.7875135837713778	1.4043548594783848	5.463774049403196	1.043817791022924	1.0285892555294127	3.8878553448553825
8.040376298001261	4.148721955468618	7.635062329293717	4.5540359241761745	2.705746056695321	3.5844374541202493	2.0610628260898474	1.7758821452424605	1.750284928408054	1.4129939744763975	5.409372105441457	1.0808281972697762	1.04393126351867	3.8979632690693666
8.016158671265144	3.960778091224175	7.512665603455017	4.4642711590342685	2.6494949852223533	3.589794249042634	2.008459217604254	1.6245095137052192	1.8028885368935503	1.4129939744763975	5.362223540945716	1.075738058418621	1.0103362370280486	3.8168971918149794
8.032472401251919	3.9085625971202655	7.468594626244754	4.472440372127486	2.5989585703937093	3.5469111166189657	2.0498472609509397	1.7123747430432923	1.8028885368935503	1.3670327191733727	5.300859675359786	1.1157176569128957	0.8287432652953384	3.777627082197185
8.085993852859515	3.8786230964907147	7.372164312870011	4.59245263647999	2.436500656742536	3.4501393945416674	1.9955211881727601	1.7123747430432923	1.8028885368935503	1.3208949658427442	5.054136188300245	1.1794717037528946	0.7071538009821601	3.796882299491957
8.008348889777979	3.763066113821681	7.432068233479264	4.3393467701204615	2.493123196437208	3.4480779220830438	1.9955211881727601	1.5639742763103561	1.8028885368935503	1.2031256957053353	5.127169139338726	1.129171033955199	0.8391211949948837	3.896329774531077
7.547090719003817	3.5465443736379463	7.769986763389773	3.3236483292520487	2.1699080247539104	3.3464317420163563	2.51993125960434	1.0974547205451852	1.534803888011819	0.9204330268740037	5.127169139338726	1.112479512819671	0.8502216445757548	4.016652838739727
6.804312206448567	8.332799089032955	3.14179210461655	1.6133052220321182	3.291225974756164	1.7228451554056607	2.239669588613888	1.5581849105802759	1.8241865885209514	0.8310606170307705	5.242334040839337	3.7862298168519932	1.0915493925595705	2.496362492347654
2.235806800327113	4.039177402736199	5.563616403250047	0.7113677998135006	2.564293589176403	2.0170590002468285	2.068236399776584	0.9913933288653355	1.552824239081137	0.9452985043980282	4.77176544350123	0.7384512143551302	0.14090817895681895	2.3579280612089284
1.257691441310357	5.610242458815884	5.9525645114516	0.9153693886749096	2.625577591079969	2.2981277756070075	2.2788357420643104	1.040289972677886	1.5178137762697803	0.9700393518436136	7.848612310352537	0.0652935712129916	1.0793829924220155	3.8465907073476475
7.233507975338893	7.985696474802632	3.217368229987921	2.465179730523886	3.036681005369476	1.5770394515162498	1.4782580775767113	2.656843802816687	0.5429249126584641	1.0955332325894964	1.8027857338631215	4.300298392684222	3.4826825713237035	0.21005986717680314
4.834099043643642	3.9663247433695625	7.18378471129955	1.6166390757135989	2.3447836036697547	2.937390600743998	2.0700972820062487	0.6887165295928043	1.6591949280431082	1.5467350900997425	4.995814276557644	1.5194731940068287	0.16843128191251033	3.731502435085398
7.042697781235256	3.6987554393581714	7.1738038617449185	3.567649358848716	2.204747998156438	3.0671512849397335	1.8946633051961779	0.8735312410797733	1.856215628905812	1.1883487172262146	5.4079057658266265	1.388561824472559	0.4464642669032824	3.941691434885607
7.548938380288573	3.671346943099601	7.007811254502579	4.212474068885547	2.135881913589151	3.1255124837217867	1.8495857162452536	1.071385202086876	1.7892821524141684	1.1308666038663413	5.360654182840359	1.404857025950033	0.562538178210739	3.8251877050392715
7.675626082013201	3.6601398068344144	6.906359220053779	4.429406668793974	2.0751434644574553	3.0288166985050173	1.8476327451409176	1.176841247058569	1.7364930071907403	0.9476933391372645	5.368290739068413	1.5025678598043426	0.7325938201868563	3.8246695875241437
7.723331163695963	3.6601398068344144	6.90108707537462	4.482383895155841	2.020401348129193	3.032439252625308	1.9552327521539996	1.2261959193003458	1.6484532654911548	0.8925217719448574	5.435634213883614	1.602484137862923	0.7864847631520497	3.821137466358967
7.755033107193485	3.590813975273762	6.805580441864854	4.540266640602377	1.9625186026828112	2.933948033722383	1.9552327521539996	1.3246871382035814	1.595309196543117	0.810545458472246	5.324399758454786	1.5981060472165982	0.7395776220169306	3.7300089234950984
7.755033107193485	3.6487918507726285	6.856089563290968	4.547735394675092	1.9592828435119287	2.834302189621868	1.9004906358258087	1.3738238608773288	1.595309196543117	0.810545458472246	5.392019061357852	1.5915498313319885	0.807196924920055	3.785079619553203
7.707134859046874	3.6487918507726285	6.760061191371382	4.595865518448175	1.876376085688711	2.7843762003109065	1.983397393648874	1.4421651750372795	1.5600343612419476	0.7766149923685574	5.392019061357852	1.5436515831853141	0.807196924920055	3.833676537088028
7.643465338707206	3.5966007501668065	6.861342795935787	4.37872329293813	1.9374499155811669	2.689754410781241	1.9853262940169563	1.4355053600024155	1.5244182958214305	0.7125826506452323	5.455688581697435	1.5894127543234389	0.8835307194830895	3.885523073080915
7.659139688029963	3.4858197907182378	6.765140881425013	4.37981859732293	1.9845613546903402	2.737961154274932	1.9853262940169563	1.3973979768888718	1.4889849178321828	0.7139767127946046	5.324399758454786	1.6331909422707738	0.8159114165805108	3.891689983256806
7.722939916541542	3.479922082235028	6.765140881425013	4.437721117351637	1.9266588346617366	2.737961154274932	1.9853262940169563	1.3592288456796282	1.4889849178321828	0.7153737329150958	5.260599529943027	1.6331909422707738	0.7531646908795376	3.891689983256806
7.674847595729903	3.479922082235028	6.7195337646625	4.4352359133023835	1.8850640907061473	2.79810166284148	1.989603746667169	1.3978718567086308	1.5263022091374314	0.512359003879219	5.193101796799443	1.7233887623272495	0.7484136834367967	3.8516738007688263
7.674847595729903	3.374812884651761	6.722027584966979	4.327632895414591	1.9901732882896557	2.8024158010972795	1.989603746667169	1.399444038161825	1.4376805825308667	0.47582746472696885	5.125725492706909	1.8160042539544403	0.6810373793438954	3.8083207740140996
7.738778776622203	3.426821640083876	6.722027584966979	4.443572831739133	1.8742333519655923	2.6546570109696837	1.989603746667169	1.5088964553865032	1.4201774328770849	0.5882772011699748	5.061794311814522	1.90895899789984	0.6047035847802256	3.715366030068625
7.802841153802884	3.420872720203309	6.7195337646625	4.504180109343514	1.8577146386206018	2.608044093572099	1.9480090027115062	1.5580031930883336	1.4201774328770849	0.5882772011699748	4.997731934633866	1.90895899789984	0.6047035847802256	3.715366030068625
7.754651455900079	3.4790819932074353	6.671344066759676	4.562389382347644	1.7447979875362885	2.5590103011901464	2.0027163807921444	1.5686681435742151	1.4027282816115383	0.6817927898467815	4.997731934633866	1.9073743212971557	0.6047035847802256	3.6687610087686453
7.754651455900079	3.4790819932074353	6.671344066759676	4.562389382347644	1.7447979875362885	2.5590103011901464	2.0027163807921444	1.5302367142485385	1.4027282816115383	0.7202242191724456	4.930476918046994	1.9073743212971557	0.47445895257314813	3.6687610087686453
7.754651455900079	3.4790819932074353	6.671344066759676	4.562389382347644	1.7447979875362885	2.5100493633789336	1.9499028971339754	1.5021465565663994	1.4555417652700027	0.8989708519940458	4.930476918046994	1.9540646716879937	0.48818096920396775	3.6220706583780236
7.754651455900079	3.5373871986205296	6.671344066759676	4.62069458776092	1.686492782122857	2.5163770553542024	1.9499028971339754	1.5039717495306764	1.4555417652700027	0.9001131540726931	4.930476918046994	1.9540646716879937	0.48818096920396775	3.6220706583780236
7.802841153802884	3.5373871986205296	6.7195337646625	4.62069458776092	1.686492782122857	2.565421104322186	1.9499028971339754	1.4631049381709071	1.4555417652700027	0.9199848083916358	4.863343046591943	2.049030221448658	0.4210470977498456	3.575294806519906
7.802841153802884	3.5373871986205296	6.7195337646625	4.62069458776092	1.6448759935603015	2.5718524699048304	1.9915196856965243	1.4179515799882827	1.4555417652700027	0.9681112727768927	4.847983051667398	2.049030221448658	0.40568710282481063	3.575294806519906
7.8614935633044105	3.4315326170401064	6.668756375888323	4.6242698044562625	1.6920781656392356	2.6226298586790997	1.9915196856965243	1.379166153851184	1.402670420534657	1.0068966989145673	4.72247009522069	2.049030221448658	0.33882655588008403	3.575294806519906
7.8614935633044105	3.4315326170401064	6.668756375888323	4.6242698044562625	1.6920781656392356	2.6226298586790997	1.9915196856965243	1.379166153851184	1.402670420534657	1.0068966989145673	4.72247009522069	2.049030221448658	0.33882655588008403	3.575294806519906
7.835667782872172	3.4372577769909403	6.656289621466409	4.616635938396834	1.750403820696689	2.6178462331267394	1.9915196856965243	1.4346415684017138	1.4555417652700027	0.9602100264847822	4.734836571009294	2.0928500090180653	0.28714221665944245	3.5199361948029133
7.883584389780193	3.4372577769909403	6.704206228374389	4.616635938396834	1.750403820696689	2.6178462331267394	1.9915196856965243	1.3957925883592082	1.4555417652700027	0.989728965978975	4.616229238652576	2.1407666159262493	0.1685348843028453	3.4708417090080745
7.803695193171047	3.5649670084313114	6.752026263205437	4.616635938396834	1.750403820696689	2.6178462331267394	2.044333169354669	1.3957925883592082	1.4027282816115383	0.989728965978975	4.743938470092906	2.1418864965035853	0.21780248329271465	3.5171261643606653
7.740036292180093	3.570396415644673	6.752026263205437	4.558406444619454	1.808633314473988	2.6178462331267394	2.044333169354669	1.3957925883592082	1.4556651507348948	0.989728965978975	4.807597371083801	2.0952715505111543	0.21780248329271465	3.5637411103530776
7.740036292180093	3.570396415644673	6.752026263205437	4.558406444619454	1.808633314473988	2.6178462331267394	2.044333169354669	1.3489082525400122	1.4556651507348948	1.0366133017978352	4.755640432507475	2.0487416413303983	0.16584554471571128	3.5613435156683555
7.724231232123211	3.633925163690943	6.797443928581597	4.5607124672326	1.795622064927007	2.705345892814803	2.0573444189017445	1.349447931326892	1.4556651507348948	0.9508799859368464	4.819169180553823	2.0036599364782504	0.16584554471571128	3.6541489085101038
7.660832394002542	3.6973240018117144	6.797443928581597	4.5607124672326	1.8371814479353057	2.705345892814803	2.0157850358934772	1.349447931326892	1.4910873128041318	0.9508799859368464	4.8825680186745855	1.957384110806899	0.16584554471571128	3.6515800861145076
7.708459960014089	3.5811530271871654	6.794554317303298	4.495058669897994	1.9403275269506894	2.7494103142281863	2.0288099315023396	1.3559006872030663	1.4910873128041318	0.9508799859368464	4.815856146670051	1.9588202039410145	0.099133672716876	3.6490096272507446
7.629582708607468	3.696922370613964	6.739274140611656	4.587230938610001	1.842193129796406	2.754558661217443	2.1375839051603323	1.4066918551746794	1.4910873128041318	1.0349875860194053	4.875674287637155	1.9142213030741062	0.15819719452083555	3.643863924210964
7.614008134548006	3.702106225387154	6.736535606374545	4.57957875356084	1.8457509189398655	2.7560099445305744	2.1918528304541542	1.4554151012489713	1.4910873128041318	1.0349875860194053	4.938684856847346	1.9616572982250071	0.15819719452083555	3.5953493045495164
7.645712365237205	3.592079310388987	6.681103331323217	4.556688344302833	1.9103573725505052	2.8512735020649282	2.3001549259101153	1.5101696835236325	1.4381774124907967	0.9884495431748032	4.9350966549967215	1.9644479605756144	0.21694927673677372	3.590361603307439
7.645712365237205	3.5346332619277985	6.681103331323217	4.499242295841789	1.9137701026265685	2.8451893022001027	2.354188244295087	1.5162538833884047	1.4381774124907967	0.9884495431748032	4.9350966549967215	1.9186756971338719	0.21694927673677372	3.5878653037964345
7.798543546910997	3.361400318121772	6.675716934975011	4.484226930057744	2.069928611767902	2.7997482511961356	2.3126373484856004	1.7000846800263845	1.4910873128041318	0.9496520450879321	4.8101222808916555	1.9215868489273287	0.27539080644886127	3.582867957677182
7.7827603060812045	3.424144535725531	6.770842056875863	4.4360627849307335	2.015994321982617	2.7515841060692816	2.3665716382707465	1.7000846800263845	1.4910873128041318	0.9496520450879321	4.806638095648908	1.9230250510995313	0.2713962628320601	3.580366970790949
7.767010876573124	3.486760605361617	6.817708697003961	4.4360627849307335	1.9744227844133388	2.7515841060692816	2.4081431758401792	1.7000846800263845	1.4910873128041318	0.9496520450879321	4.803146250979627	1.969891691227577	0.2674147649178582	3.4845632731782117
7.751295236754598	3.549248770109518	6.8644812219334215	4.4360627849307335	1.9744227844133388	2.7515841060692816	2.4081431758401792	1.6532877892531959	1.5793922212405673	0.9964489358612993	4.799646836990612	1.9712242661903263	0.2634462920277434	3.4822230081957715
7.782198321707293	3.554447467708322	6.957744810050345	4.37890097936528	2.0315845899787095	2.7515841060692816	2.4081431758401792	1.6532877892531959	1.5793922212405673	0.9964489358612993	4.782611995430961	2.019130560147849	0.24596287543980183	3.4322624432629367
7.766456740748568	3.616680552810092	7.0042363141931965	4.37890097936528	2.0192999726211314	2.7998570166043715	2.420427793197792	1.6050148787181038	1.6324056462790402	0.9964489358612993	4.844845080532564	1.9751547690821911	0.30776775925588407	3.522729738471514
7.859160268663104	3.616680552810092	7.047271831275664	4.428568990197478	2.0192999726211314	2.8495250274364077	2.420427793197792	1.6050148787181038	1.6324056462790402	1.0336373878152312	4.726998161974318	2.0227479592941844	0.18992084069790582	3.5678400761739777
7.843266820273913	3.678786463578727	7.043899649036116	4.478153634816429	2.0192999726211314	2.899109672055468	2.420427793197792	1.6437610273725332	1.6324056462790402	0.9948912391607954	4.789104072742975	2.075990578633975	0.251618814104589	3.5608099192139235
7.708175066558233	3.688577524689135	6.983137755734781	4.413614835512578	2.0917481836461267	2.948611086091178	2.462019795512566	1.6437610273725332	1.6324056462790402	0.9948912391607954	4.847427566728253	1.8853844347430901	0.18611103363806522	3.644033181098856
7.6464492144483724	3.750303376798913	6.983137755734781	4.413614835512578	2.0917481836461267	2.948611086091178	2.462019795512566	1.6437610273725332	1.6324056462790402	0.9948912391607954	4.909153418837954	1.8407510384918775	0.24770223108061779	3.5925479624424717
7.6308975413566555	3.6982398718498417	7.0278579861567065	4.3012794270497885	2.2054113432125506	2.949938837194939	2.462019795512566	1.6437610273725332	1.6324056462790402	0.9484271628486984	4.905364853070184	1.7014240030228807	0.1823140106971013	3.6818086931168517
7.676853489928672	3.7456651655344317	7.0244806878579436	4.398037967605057	2.15798604952781	2.9992720840656624	2.462019795512566	1.6437610273725332	1.6324056462790402	0.9855689094890602	4.905364853070184	1.658864186707829	0.24379856714670822	3.6742150408779763
7.615379788152867	3.807138867310204	7.0244806878579436	4.398037967605057	2.15798604952781	2.9992720840656624	2.462019795512566	1.6437610273725332	1.6324056462790402	0.9855689094890602	4.96683855484592	1.658864186707829	0.24379856714670822	3.6742150408779763
7.599895926707155	3.8118131772519797	7.021094250928967	4.390614853030208	2.2146597333313935	3.0485226532943375	2.462019795512566	1.6437610273725332	1.6324056462790402	0.9855689094890602	4.9629177311262	1.5645459113172486	0.17852974968504393	3.7182934410787234
7.64566845902124	3.8118131772519797	7.017698756589602	4.4397828796835945	2.2146597333313935	3.0976906799478034	2.40920631185459	1.6437610273725332	1.6852191299372221	0.9855689094890602	4.897768158756431	1.5663540794008963	0.17475822825675727	3.7151343429120356
7.630127076562429	3.816455707816502	6.96529093879343	4.481291845585731	2.2712397334455985	3.195779645963957	2.40920631185459	1.6437610273725332	1.6852191299372221	0.9855689094890602	4.893960203678055	1.4723194616450577	0.10972774249747469	3.615952562400932
7.571411092886019	3.818685253043418	6.91636972913739	4.473726616791812	2.327726171895284	3.2447008556199743	2.40920631185459	1.6437610273725332	1.6852191299372221	0.9484271628486984	4.9001775340033635	1.3765161184610164	0.05722908914398251	3.6649606557550682
7.601397806017705	3.8233945465172106	6.9586195272153475	4.466172825319623	2.384119171030049	3.293540063282377	2.462019795512566	1.682443994003616	1.6324056462790402	0.9097441962181703	4.831524909494107	1.2760839564885964	0.07252582796817379	3.667467584399601
7.521463523069047	4.0059509173195105	7.061241615069145	4.466172825319623	2.384119171030049	3.293540063282377	2.462019795512566	1.682443994003616	1.6854843785332707	0.9468859428585626	4.8966894920010375	1.1963949551490587	0.14017386666583187	3.615201317763081
7.566760002194689	4.0059509173195105	7.106538094194734	4.466172825319623	2.384119171030049	3.3418844661503857	2.462019795512566	1.6340995911358067	1.6854843785332707	0.9933364182742753	4.8966894920010375	1.1461929345659518	0.14017386666583187	3.5692435566415313
7.490884774350349	4.127032213511558	7.151744162542181	4.466172825319623	2.384119171030049	3.3418844661503857	2.462019795512566	1.6340995911358067	1.6854843785332707	0.9933364182742753	4.953166215664526	1.200618766363598	0.15492805294305662	3.5140388860251894
7.5360006462222024	4.127032213511558	7.196860034414079	4.466172825319623	2.384119171030049	3.3418844661503857	2.462019795512566	1.5954166245047694	1.6854843785332707	1.0320193849049524	4.888680551181457	1.245734638236173	0.1580974919791719	3.5140388860251894
7.4604412914627565	4.191317775074242	7.2418859237058815	4.409873142831099	2.440418853518831	3.3418844661503857	2.462019795512566	1.5099368864712661	1.6854843785332707	1.1174991229385343	4.944898873732741	1.204796030817927	0.2224644134793965	3.4625222201910866
7.445270190346052	4.251424996390506	7.335661251567876	4.361033935168505	2.440418853518831	3.2506226312793465	2.3717958228638443	1.5523595136795871	1.7757083511818312	1.1174991229385343	4.940757750877997	1.2068673271104122	0.22550329754747753	3.505387044097591
7.41502909581093	4.315063387128234	7.425265036597158	4.304827446341806	2.496625342345551	3.2506226312793465	2.3717958228638443	1.5523595136795871	1.722629618927675	1.1174991229385343	4.8685673966680945	1.2109754846760132	0.3064130131453598	3.3633172577720996
7.340343404890303	4.37830374934741	7.469114374272788	4.249532779965034	2.552738760805499	3.251441383362413	2.3717958228638443	1.5523595136795871	1.722629618927675	1.1174991229385343	4.987921177347052	1.2130124402230522	0.24539539832014726	3.3606694890911317
7.325429227506423	4.381776625559436	7.416262938888617	4.290942914177348	2.6087592324989846	3.3488719892685577	2.3717958228638443	1.5990931030587054	1.722629618927675	1.1172761996872602	4.919980859875869	1.2150380428716145	0.2511135209667027	3.2271368877102806
7.310548373379915	4.385220293577484	7.412160350182408	4.283608316774969	2.6108884982264184	3.397465040696419	2.425594205966996	1.6378392517130818	1.722629618927675	1.1251009635264841	4.915811785732323	1.2170523393730832	0.25395569991467704	3.2247912485464125
7.280886486690395	4.44776287582203	7.4523642660688445	4.276285096443501	2.6667234483935043	3.4400549948727805	2.425594205966996	1.7292167827891103	1.722629618927675	1.0396452081101475	4.907460571765795	1.2633690561004236	0.38068444629387127	3.093254794739499
7.162994102628329	4.5099128838875036	7.355584232801295	4.317322753714398	2.7224658243902744	3.5368350281404264	2.425594205966996	1.7292167827891103	1.722629618927675	1.0396452081101475	4.899092453787774	1.2210472001636625	0.44635291897934976	3.0469104491764103
7.0312864430611235	4.630196220653106	7.399809836607325	4.261672827106765	2.7243955288273005	3.4885621176052903	2.479314428137809	1.81609744797678	1.722629618927675	1.0380777487716855	4.949232088596372	1.180859655896537	0.5116605576673682	3.0038009459524577
7.075424180676278	4.630196220653106	7.395679001572121	4.309941399757174	2.7243955288273005	3.4404989856939907	2.479314428137809	1.9124291525387813	1.722629618927675	1.0380777487716855	4.770703671895726	1.172884047381631	0.6901889743689531	2.9681363493640958
7.032459447460738	4.694026055547821	7.431272178388968	4.295213324619796	2.781776397212379	3.4887349415324524	2.5329565653430217	1.96048812715341	1.722629618927675	1.0380777487716855	4.820655253358308	1.220698366892481	0.7547101393388816	2.921103202287334
7.018202466386003	4.752071398959846	7.475060540726216	4.295213324619796	2.728212268678979	3.4407470980790316	2.586520693876284	2.008475970606782	1.722629618927675	1.0380777487716855	4.816424002367401	1.2327652492187158	0.7567123914211531	2.9092711397357123
7.005110961414976	4.752071398959846	7.413942408685578	4.3432399516893305	2.674726072199732	3.4408569222297065	2.640006890355508	2.0949375195411153	1.722629618927675	0.9995330027563329	4.816424002367401	1.1778868249409862	0.7567123914211531	2.907578668571065
6.816453966140321	4.8737116579291335	7.457580384813008	4.232585239256308	2.7319724432699335	3.4408569222297065	2.6406464724864303	2.0949375195411153	1.7753983781594789	0.9995330027563329	4.871106314286105	1.2003507956035497	0.8840339357810196	2.890768925779945
6.744987985499377	4.941060176785363	7.453185789351153	4.232862372933341	2.7263109939060786	3.4409573169037957	2.69397703598835	2.1427833726822696	1.7753983781594789	0.9995330027563329	4.92417702841439	1.2023838858465046	0.9459808546473669	2.8890209078468714
6.774501519181735	4.888077565199391	7.492164941981163	4.170414142400027	2.783372364427729	3.4888233201022962	2.7472298991988353	2.1427833726822696	1.7223849531210869	1.0091239217785173	4.857961247993884	1.2477854470843042	1.0093404758830895	2.84974944056012
6.760581608216491	4.89027198627184	7.487672962419716	4.1631806320685945	2.8383917679769324	3.5366092133200806	2.7472298991988353	2.1427833726822696	1.6870553462447129	1.1025674770120433	4.792088386112548	1.2497105740576153	1.0820112838862763	2.8966980886839484
6.573887087218405	5.120174917512998	7.530881372662728	4.1631806320685945	2.8383917679769324	3.5366092133200806	2.7472298991988353	2.1427833726822696	1.6870553462447129	1.1025674770120433	4.784571554360338	1.2516248461733106	1.1487768624499797	2.815206462966483
6.517146448764466	5.121987790985658	7.530881372662728	4.108252867087319	2.840144292158471	3.5366092133200806	2.8004051399984595	2.1895946874422503	1.6870553462447129	1.1025686132203127	4.719341707830182	1.2516248461733106	1.2707473474344995	2.73000208126661
6.39074729610023	5.181928927845838	7.669736490608275	3.9029397333377034	2.8436074914124347	3.5366398623111888	2.8538232802462087	2.1407062998046196	1.6867798318637175	1.018650241899061	4.8280500901072125	1.2535283083940987	1.2118526149720061	2.686304758195706
6.3775102748824155	5.238203964203227	7.7127745057478805	3.9029397333377034	2.8436074914124347	3.5366398623111888	2.801192418975838	2.1407062998046196	1.7039885310641762	0.9718234918079456	4.709203975520019	1.3482360334378294	1.3869737659161225	2.6829794511588982
6.36140648933523	5.297260872362591	7.755727628360063	3.9029397333377034	2.8436074914124347	3.5366398623111888	2.801192418975838	2.1407062998046196	1.7039885310641762	0.9347045052648989	4.707775192582945	1.3500268168692247	1.3877636708729657	2.6394921143628443
6.275707211027038	5.4686125290562515	7.889246143908246	3.855073596175113	2.8436074914124347	3.4887737251486675	2.801192418975838	2.1407062998046196	1.7039885310641762	0.9815454993502232	4.70450893642163	1.3945909525257392	1.4520569089776947	2.602365018334475
6.318406871122864	5.4686125290562515	7.931945804004145	3.855073596175113	2.8436074914124347	3.4887737251486675	2.801192418975838	2.102186340392283	1.7039885310641762	1.0200654587627818	4.6504078812754885	1.4372906126217746	1.4974073562264425	2.6084951199994726
6.242354061595299	5.5872809147964135	7.9267750864483375	3.9028598899433904	2.8436074914124347	3.53656001891695	2.801192418975838	2.102186340392283	1.6865007928207767	1.0200654587627818	4.5889086343972005	1.4388918848121488	1.6181951904701892	2.607555443304089
6.2289838229562156	5.643182846874323	7.96930677988716	3.9028598899433904	2.8436074914124347	3.53656001891695	2.801192418975838	2.06360324296639	1.6865007928207767	1.0586485561888688	4.644810566475071	1.4404830554543682	1.5589204188619163	2.606612367302561
6.100489479684045	5.8141252015005245	8.01175479124122	3.9028598899433904	2.8436074914124347	3.53656001891695	2.8538232802462087	2.06360324296639	1.633869931550508	1.1055503077137654	4.641936152208028	1.4935745540298622	1.7327371877549784	2.6440240246076154
6.199268318336038	5.8141252015005245	8.014961308278238	3.998432211558311	2.8436074914124347	3.6321323405317627	2.8538232802462087	2.06360324296639	1.633869931550508	1.1055503077137654	4.641936152208028	1.5408430066740582	1.6819530541064485	2.61195819408943
6.1263847619008995	5.929265666435337	8.057218216778022	3.998432211558311	2.8017245027002633	3.6321323405317627	2.895706268958616	2.06360324296639	1.633869931550508	1.1055503077137654	4.524159003558238	1.5015863620906273	1.9148706676913037	2.603762991916789
6.1263847619008995	5.929265666435337	8.00959160780157	4.046058820534827	2.8017245027002633	3.63184214658936	2.895706268958616	2.111520045885182	1.633869931550508	1.1055503077137654	4.524159003558238	1.5015863620906273	1.9148706676913037	2.562159599142425
6.11313500185719	5.930035559375218	8.051765359214503	3.991405202018052	2.8563781212170696	3.63184214658936	2.895706268958616	2.0728736901631324	1.6867798318637175	1.144196663435695	4.52029754143535	1.4625391765068128	1.965769878222357	2.60184686518533
6.099917551476276	5.985343803742517	8.09385615320084	3.991405202018052	2.9094168300986425	3.63184214658936	2.8426675600771802	2.0728736901631324	1.6867798318637175	1.144196663435695	4.575605785802648	1.504629970493468	1.965769878222357	2.5603827844720444
6.099917551476276	5.985343803742517	8.046309119044073	4.038952236174811	2.9512813407786465	3.7218037275142724	2.8008030493969738	2.0304591433953503	1.6867798318637175	1.144196663435695	4.575605785802648	1.504629970493468	1.965769878222357	2.5603827844720444
6.104291925363307	5.9809694298555955	8.046309119044073	4.038952236174811	2.9512813407786465	3.7218037275142724	2.8008030493969738	2.0304591433953503	1.6867798318637175	1.144196663435695	4.571231411915649	1.383344491019331	1.965769878222357	2.640273642042407
6.047950856397435	5.9809694298555955	7.98996805007819	4.038952236174811	2.9512813407786465	3.673966417072516	2.8535028365760295	2.0782964538367525	1.6340800446847312	1.1812870441691432	4.571231411915649	1.2867198875094572	1.9067047042232625	2.680557176586487
6.089983452895988	5.9809694298555955	7.984533053298192	4.086419829453393	2.9512813407786465	3.7637863715932194	2.8535028365760295	2.0359440925945584	1.6340800446847312	1.1812870441691432	4.512059076691163	1.2083345888948314	1.9658770394476655	2.800975071699822
6.089983452895988	5.926406936279914	7.984533053298192	4.031857335877605	3.0058438343543408	3.716028291856855	2.8535028365760295	2.122348528053437	1.6340800446847312	1.095753298737427	4.56649348258605	1.1683390124680597	1.8524820296859914	2.8409706481262664
6.1187139392334	5.981494380228936	8.068826058522971	4.031382260939372	3.0058438343543408	3.6678656448447007	2.8535028365760295	2.1700361001271364	1.6340800446847312	1.095753298737427	4.562530179094606	1.1325992271444767	1.9115327771269148	2.960528363736244
6.16049966806164	5.981494380228936	8.110611787351312	4.031382260939372	3.0058438343543408	3.6678656448447007	2.8535028365760295	2.1700361001271364	1.7223849531210869	1.0489265486466348	4.562530179094606	1.1859009729719228	1.9115327771269148	2.949012346737081
6.202203502000957	5.981494380228936	8.105005588870661	4.078692293359162	3.0058438343543408	3.6675585227507406	2.8535028365760295	2.2176532546408825	1.7223849531210869	1.0489265486466348	4.562530179094606	1.148360717320176	1.8526765904813765	2.9802021717698204
6.147230355508772	5.934121617034862	8.105005588870661	3.976346383672834	3.108189744040568	3.6675585227507406	2.8535028365760295	2.2176532546408825	1.7223849531210869	1.0489265486466348	4.676554073027241	1.148360717320176	1.844368629400541	2.9320784971068106
6.248287925627461	5.874686182427517	8.146627724382085	3.976346383672834	3.108189744040568	3.6675585227507406	2.8535028365760295	2.1790068989187232	1.7223849531210869	1.0408067387688757	4.617118638419998	1.0598689370895533	1.844368629400541	3.0139992456330678
6.248287925627461	5.874686182427517	8.146627724382085	3.976346383672834	3.1612874406182003	3.6675585227507406	2.8004051399984595	2.1790068989187232	1.7223849531210869	1.0408067387688757	4.6714408501329805	1.0598689370895533	1.7900464176877986	3.0139992456330678
6.25273244489606	5.870241663158958	8.146627724382085	3.976346383672834	3.2144626814180746	3.6675585227507406	2.7472298991988353	2.1790068989187232	1.7223849531210869	1.0408067387688757	4.666996330864362	1.0086462328362842	1.7900464176877986	2.9202246707804758
6.25273244489606	5.870241663158958	8.146627724382085	3.976346383672834	3.2144626814180746	3.6675585227507406	2.7999986584305154	2.1790068989187232	1.6696161938890781	1.0408067387688757	4.666996330864362	1.0086462328362842	1.840685181035897	2.913071657350865
6.25273244489606	5.815849419369091	8.099396602422058	3.96918526184323	3.2688549252078722	3.6672428175311653	2.7999986584305154	2.226553726098331	1.722629618927675	1.0408067387688757	4.726149685283336	0.9573530807605175	1.7308930632686976	2.8184947486046923
6.353472419814869	5.756650077570765	8.140937235542507	3.96918526184323	3.2688549252078722	3.7095581735275727	2.7999986584305154	2.184238370101943	1.722629618927675	1.0778793226386518	4.6669503434849915	0.9988937138809225	1.7308930632686976	2.8110740507198644
6.408358098253706	5.701764399132056	8.09378489080944	4.016337606576214	3.2688549252078722	3.70924200391493	2.7999986584305154	2.2317068844475414	1.722629618927675	1.0778793226386518	4.612064665046292	0.9475300509370279	1.7815318266169855	2.903851326798592
6.519524862399333	5.694651302487477	8.149952533377895	4.064223631508959	3.2627183194772114	3.751495417101946	2.705480479996318	2.1894534712605673	1.7753983781594789	1.0778793226386518	4.616331035104386	1.0036976935059378	1.7222663349815508	2.986890604873757
6.57463767752072	5.639538487366127	8.102878832656394	4.111297332230468	3.2627183194772114	3.751178660152105	2.705480479996318	2.2368439289319455	1.7753983781594789	1.0778793226386518	4.620596040823701	1.0430681827147488	1.662888514140564	2.9891460553291553
6.629864436786699	5.584311728100041	8.055883642750066	4.158292522136893	3.3159521126346894	3.798173850058603	2.652246686839103	2.2368439289319455	1.7223849531210869	1.0778793226386518	4.679029265904346	1.0825093985988878	1.5492285297940533	3.1238643728413944
6.685205390988155	5.576766061524663	8.00896683048398	4.253004622028738	3.2681568250087087	3.8450906623245595	2.652246686839103	2.275490284654349	1.7223849531210869	1.0392329669163651	4.683280577828724	1.1220214944320521	1.5906026836971554	3.077408386175658
6.685205390988155	5.576766061524663	8.00896683048398	4.253004622028738	3.2681568250087087	3.8450906623245595	2.652246686839103	2.2368439289319455	1.6694368054457447	1.0778793226386518	4.737326783938855	1.1100941690872987	1.5282105886975301	3.26439713654098
6.685205390988155	5.576766061524663	8.00896683048398	4.253004622028738	3.2681568250087087	3.8450906623245595	2.652246686839103	2.1899324952496975	1.6694368054457447	1.1247907563211543	4.737326783938855	1.1894364195333489	1.5282105886975301	3.2272637513300633
6.685205390988155	5.522487718881936	8.00896683048398	4.198726279386213	3.3224351676516237	3.8450906623245595	2.652246686839103	2.1430843748719735	1.6694368054457447	1.1716388766986197	4.79702046502396	1.2292148092484814	1.4685169076122593	3.229766296110581
6.699145144473615	5.467032318768455	7.9206126160785555	4.245564847163397	3.3224351676516237	3.891929230101761	2.652246686839103	2.096299502225306	1.6694368054457447	1.2184237493451349	4.801371327406063	1.2674712469345106	1.3501395334156878	3.277270817355001
6.71311802326832	5.465740564227036	7.879015397689491	4.299843189805916	3.2681568250087087	3.891929230101761	2.652246686839103	2.049577811575755	1.6165539049080964	1.2280728561255445	4.859619040174131	1.3059342238678517	1.2363217234634627	3.2824245833907133
6.65754792608454	5.521310661411086	7.925853965466716	4.253004622028738	3.2681568250087087	3.850227706808892	2.652246686839103	2.0444407670912614	1.6165539049080964	1.2280728561255445	4.975208932316356	1.437961906429781	1.176301928505255	3.321700777155966
6.615868939264829	5.467032318768455	7.931091790913064	4.151809467120105	3.280704818502354	3.8983180318285173	2.69397703598835	1.9494336298055792	1.5811701443714967	1.2280728561255445	4.975208932316356	1.436584891350983	1.1178335825677148	3.4596129719045066
6.532264871515527	5.467032318768455	7.941556613791612	4.057740576492164	3.280704818502354	3.905004795767867	2.69397703598835	1.8873729064916782	1.5811701443714967	1.1893779248717058	5.035341611937019	1.4338031473494797	1.0577009029474644	3.601121080875241
6.587834968699341	5.465740564227036	7.941556613791612	4.112018919134919	3.22642647585932	3.905004795767867	2.69397703598835	1.8873729064916782	1.5811701443714967	1.2264505087415003	5.040017264960388	1.4854628864389317	0.997455152740201	3.64186802118273
6.545909492291963	5.465740564227036	7.898922087754532	4.112727968764367	3.184618426366987	4.007085961427098	2.7357850854808228	1.8246327244219132	1.5811701443714967	1.187818574781951	5.100376271379003	1.565372763275319	0.9370961463216712	3.699951679330023
6.503901456498543	5.465740564227036	7.90414412613378	4.06549789459196	3.184618426366987	4.007905923987315	2.7357850854808228	1.7765826876893247	1.5811701443714967	1.187818574781951	5.100376271379003	1.5641232140303456	0.9370961463216712	3.7517981127589937
