0	1	2	3	4	5	6	7	8	9	10	11	12	13
7.669544854024699	3.3485556738563327	6.660136417154249	4.357964110726941	4.636660512458911	1.568435919771959	4.736943552381557	1.3355670890879925	1.279634611499511	0.32869075785751567	2.08065674451367	4.019679739704605	0.19321525616636206	3.3956692445433974
7.76875405124073	3.3018975243965922	6.65694497991974	4.413706595717504	4.587857829998889	1.6213237619887175	4.719891010113831	1.4484148299949502	1.2225214206590795	0.201347006936224	2.0260422705370003	4.162030200433562	0.23891551739196462	3.4903994849099305
7.88511476698061	3.200667409241755	6.552894913110952	4.532887263111411	4.516543299767608	1.7170379947552046	4.719891010113831	1.400566734390823	1.165115145564522	0.23936123232334147	1.9094815521617932	4.207620793206434	0.23909077199407952	3.4853381536909147
7.885514917968418	3.160495789750988	6.448771701347584	4.597239006371961	4.500218183576574	1.7677066661396759	4.662062976553637	1.358668249124749	1.256121873025778	0.23592612034074723	1.9090665896458905	4.15152420851248	0.1879967646761217	3.5823661211446285
7.9448160373619565	3.0537660199893017	6.448691052137629	4.549891005213582	4.50672001309115	1.7704375004851853	4.702989797407467	1.3560180639890917	1.256121873025778	0.23592612034074723	1.8497654702525692	4.15152420851248	0.1368260743504519	3.5844238692332286
7.9448160373619565	3.0618951749426824	6.4967983284171185	4.5099128838875036	4.442227174444547	1.676901327745345	4.759353481100472	1.4014469604493338	1.256121873025778	0.2786176732725705	1.8497654702525692	4.15152420851248	0.08011265946019014	3.5864884732688886
7.989748955941793	3.1087547210482964	6.533545317867994	4.564958359122048	4.395357186096111	1.6741420273983139	4.702989797407467	1.3560180639890917	1.256121873025778	0.2786176732725705	1.7933913443162304	4.190845690745419	0.06867748423836222	3.6334010811571167
7.933374830005677	3.1176375509393353	6.533626511084632	4.5173858698605684	4.401841002275812	1.6312182674621158	4.743997277272475	1.3988606307087676	1.256121873025778	0.2786176732725705	1.7997018711266415	4.190845690745419	0.17032274548805268	3.778030416290975
7.933374830005677	3.1176375509393353	6.533626511084632	4.5173858698605684	4.360752666855062	1.6312182674621158	4.785085612693104	1.3988606307087676	1.256121873025778	0.3213658709279049	1.7997018711266415	4.190845690745419	0.07288612755700928	3.778030416290975
8.049160854470637	3.0018515264743524	6.533626511084632	4.5173858698605684	4.360752666855062	1.6312182674621158	4.785085612693104	1.4033328501862026	1.256121873025778	0.2788861083483292	1.6839158466615505	4.144073907494674	0.11874108336111922	3.8248021995417454
7.9932585494777335	3.057686476641659	6.4777242060916045	4.573220820027597	4.304917716688013	1.6312182674621158	4.785085612693104	1.3639627227142337	1.256121873025778	0.3182562358198574	1.7339794457875752	4.088171602501793	0.06867748423836222	3.8248021995417454
8.049509630934383	3.048911646623399	6.4777242060916045	4.620697071466079	4.313938344975284	1.6312182674621158	4.728588732967666	1.3639627227142337	1.256121873025778	0.3182562358198574	1.677728364330976	4.088171602501793	0.12025914636205166	3.8739150039242887
7.9932585494777335	3.1051627280799416	6.574262712070785	4.524158565486941	4.4115520066707905	1.5346797614828833	4.630975071272108	1.3639627227142337	1.1415849061090027	0.3182562358198574	1.7339794457875752	4.088171602501793	0.12025914636205166	3.8739150039242887
7.9932585494777335	3.1051627280799416	6.574262712070785	4.524158565486941	4.4115520066707905	1.580180691832398	4.630975071272108	1.318461792364935	1.1415849061090027	0.3610679192882031	1.7339794457875752	4.088171602501793	0.12025914636205166	3.9231077471106013
7.9932585494777335	3.152546486504083	6.622369169601039	4.523435866380605	4.364168248246914	1.5320742343022287	4.573217891932597	1.318461792364935	1.1993420854484218	0.3610679192882031	1.7339794457875752	4.088171602501793	0.12025914636205166	3.9231077471106013
7.933846650948856	3.211958385032737	6.622369169601039	4.523435866380605	4.364168248246914	1.5320742343022287	4.573217891932597	1.357831919836541	1.1421731042253032	0.2836401557570778	1.7373095711501279	4.088171602501793	0.17634091952784428	3.969654433950288
7.933846650948856	3.211958385032737	6.622369169601039	4.523435866380605	4.364168248246914	1.5776433092710789	4.573217891932597	1.3122628448679	1.108880609201287	0.32651551281775615	1.7373095711501279	4.088171602501793	0.17634091952784428	3.969654433950288
7.933846650948856	3.259249855845373	6.622369169601039	4.570727337193241	4.3168767774341275	1.5776433092710789	4.573217891932597	1.2684741846905159	1.1660873474247575	0.37030417299550483	1.6813256441396887	4.088171602501793	0.2323248465370736	3.969654433950288
7.919052581596991	3.318545077801304	6.666870322205358	4.570727337193241	4.3168767774341275	1.5776433092710789	4.608341749248977	1.2684741846905159	1.1309634901081702	0.37030417299550483	1.740620866095867	4.1326727551060305	0.2323248465370736	3.969654433950288
7.919052581596991	3.318545077801304	6.666870322205358	4.570727337193241	4.3168767774341275	1.5776433092710789	4.608341749248977	1.2684741846905159	1.1309634901081702	0.37030417299550483	1.740620866095867	4.1326727551060305	0.2323248465370736	3.969654433950288
7.919052581596991	3.318545077801304	6.666870322205358	4.570727337193241	4.3168767774341275	1.5776433092710789	4.608341749248977	1.2684741846905159	1.1309634901081702	0.37030417299550483	1.6847346360148303	4.1326727551060305	0.2882110766185739	3.969654433950288
7.919052581596991	3.318545077801304	6.666870322205358	4.570727337193241	4.414437309436254	1.5776433092710789	4.510781217246974	1.2684741846905159	1.1309634901081702	0.37030417299550483	1.6847346360148303	4.1326727551060305	0.2882110766185739	3.9231077471106013
7.919052581596991	3.318545077801304	6.715301548458935	4.522296110939414	4.414437309436254	1.5292120830170297	4.510781217246974	1.2684741846905159	1.1309634901081702	0.37030417299550483	1.7347335069393843	4.1326727551060305	0.28397486842528624	3.9231077471106013
7.919052581596991	3.318545077801304	6.715301548458935	4.522296110939414	4.47112400790782	1.5292120830170297	4.454094518775329	1.2684741846905159	1.1309634901081702	0.37030417299550483	1.6847346360148303	4.1326727551060305	0.2882110766185739	3.876480998828843
7.9225521284238045	3.211958385032737	6.659505873329686	4.475004640126957	4.518415478720574	1.5292120830170297	4.454094518775329	1.2684741846905159	1.1309634901081702	0.3274288159358172	1.6813256441396887	4.076877079976723	0.2839890463519698	3.780572841448787
7.9225521284238045	3.2678554099280315	6.7080184253315585	4.482389113020241	4.462518453825282	1.4806995310155495	4.454094518775329	1.2684741846905159	1.1309634901081702	0.3274288159358172	1.6813256441396887	4.026121183621895	0.33573589790057834	3.8313287378035326
7.937443099287179	3.208443511399256	6.6634974976660315	4.482389113020241	4.462518453825282	1.4806995310155495	4.454094518775329	1.2684741846905159	1.1882367393948337	0.3274288159358172	1.6219137456112314	4.028365245972966	0.28991070280060055	3.784563747786912
7.937443099287179	3.2644329463113997	6.712091510698076	4.4897845349003624	4.40652901891301	1.4777428329928715	4.454094518775329	1.2228368696808796	1.1882367393948337	0.3274288159358172	1.677897672621756	4.028365245972966	0.2339267757899366	3.833764950621025
7.937443099287179	3.2644329463113997	6.712091510698076	4.4897845349003624	4.40652901891301	1.4777428329928715	4.511815022196302	1.2228368696808796	1.1305162359733052	0.37030417299550483	1.677897672621756	4.0791279355619965	0.2857666443427654	3.783002261032009
7.996971890967996	3.2049041546303974	6.663987114513395	4.5378889310849	4.463296627506091	1.5258472291776044	4.455047413603157	1.2228368696808796	1.1305162359733052	0.3274288159358172	1.6183688809407075	4.028365245972966	0.2857666443427654	3.8362633880700066
8.012010106266787	3.1452582533747995	6.668056004372098	4.489212355269486	4.463296627506091	1.4771706533620088	4.455047413603157	1.2228368696808796	1.1305162359733052	0.28461042187959273	1.558722979685239	3.98375756001627	0.2857666443427654	3.8362633880700066
8.012010106266787	3.154003202619168	6.668056004372098	4.497957304513792	4.454551678261833	1.4771706533620088	4.455047413603157	1.179108309789176	1.1305162359733052	0.3283389817711938	1.6148047528509661	4.0306055566387515	0.33361386070887256	3.79192222836885
7.910960557681703	3.2103581073444505	6.67211980872649	4.449198856299753	4.454551678261833	1.4284122051481425	4.455047413603157	1.179108309789176	1.1305162359733052	0.28557748500648233	1.6711596575762788	3.985910912778796	0.2877366464021632	3.79192222836885
7.910960557681703	3.2665487235176043	6.67211980872649	4.505389472472861	4.398361062088766	1.4284122051481425	4.455047413603157	1.179108309789176	1.1305162359733052	0.28557748500648233	1.7273394258956114	4.079856559518225	0.2836568672712319	3.7969605297903515
7.854488068932956	3.3230212122661897	6.720960265273543	4.456549015925538	4.398361062088766	1.3795717486005823	4.419960232205469	1.179108309789176	1.1656034173715124	0.28557748500648233	1.7838119146444942	4.079856559518225	0.3358404137525533	3.7969605297903515
7.809706267202771	3.3230212122661897	6.724279537024065	4.408447942444882	4.398361062088766	1.331470675119846	4.419960232205469	1.179108309789176	1.1656034173715124	0.28557748500648233	1.7900491651637194	4.129354333134845	0.4342213854193221	3.8019894694601652
7.809706267202771	3.3230212122661897	6.724279537024065	4.408447942444882	4.357487062827227	1.331470675119846	4.460834231467091	1.179108309789176	1.1656034173715124	0.28557748500648233	1.8400898268826544	4.176619740938748	0.38418072370102563	3.804500344089124
7.824613959792069	3.2632443597540486	6.679410377101294	4.408447942444882	4.357487062827227	1.3771763255311322	4.460834231467091	1.1334026593782542	1.1656034173715124	0.28557748500648233	1.7803129743705501	4.2740511926949685	0.48913454523611716	3.8088228884538604
7.779657241000952	3.2632443597540486	6.63445365831022	4.408447942444882	4.357487062827227	1.3771763255311322	4.460834231467091	1.1334026593782542	1.1988202217910509	0.24287281974394714	1.7803129743705501	4.324383463798157	0.5875367489663446	3.860380348678555
7.839552154816516	3.2506704687082055	6.63445365831022	4.455768965214468	4.310166040057534	1.422950406642034	4.460834231467091	1.0876285782668795	1.1988202217910509	0.24287281974394714	1.7767942652408577	4.372155011474088	0.5311605442803871	3.8126088010026264
7.809388430097849	3.190657274774019	6.544276739657269	4.455768965214468	4.310166040057534	1.422950406642034	4.460834231467091	1.0876285782668795	1.1988202217910509	0.24287281974394714	1.7732557167260599	4.377776091430413	0.6329648914170503	3.8638791234821652
7.884549929739325	3.0702751721594197	6.547977346340309	4.40684775555835	4.310166040057534	1.4198718040318414	4.460834231467091	1.0417859712214244	1.1415849061090027	0.28557748500648233	1.8228896739014189	4.479548499735784	0.7817887365965938	3.8681253219603895
7.8430628141742975	3.12272071632679	6.5506859234350205	4.415097607066033	4.253898643394189	1.3718542588761586	4.460834231467091	1.0417859712214244	1.08441592488589	0.28557748500648233	1.932906772184632	4.482441841940648	0.7749091439792619	3.8238868831126784
7.979514115355739	2.940871879566822	6.50528838785645	4.415097607066033	4.310774516243096	1.3718542588761586	4.346201179278559	1.0417859712214244	1.0613352905045295	0.28557748500648233	1.9225616652741244	4.630710916089497	0.8807602959743557	3.833381818872049
7.918778050081542	3.0016079448408823	6.50528838785645	4.415097607066033	4.310774516243096	1.4146705072099077	4.323675187065492	0.998969722887646	0.9700619179537305	0.28557748500648233	2.040664973120627	4.728060874517381	0.8775295696963473	3.838109749898426
7.7820520087505916	3.0959391013892192	6.465497771288145	4.412493338851778	4.371230386905853	1.3177350824473397	4.203977864887913	1.0820147234796977	0.9349722129200421	0.2452939811784821	2.0981321249084433	4.736177467440316	1.2014389279762436	4.053166193911691
7.7820520087505916	3.1522662055164106	6.465497771288145	4.468820442979003	4.371995143825126	1.3177350824473397	4.146886003841406	1.0820147234796977	0.9918388202895163	0.2452939811784821	2.155699331212909	4.785326853364445	1.2536178235648048	4.009179489626008
7.797034237159072	3.2044622594189525	6.4688257933714	4.532670703206541	4.41411634442031	1.3114009675828422	4.164884141010654	1.0392669793946865	0.9897840965595774	0.2452939811784821	2.268266660403168	4.9370469560651316	1.401538046529174	4.066131973485939
7.812046959082632	3.106015497887163	6.424216641197815	4.493845815771964	4.509014080888509	1.2674189539569902	4.200273881266381	1.0820147234796977	0.9542184603327053	0.2452939811784821	2.381619603157482	4.891203534350763	1.3382639930691946	4.0195824878374316
7.725020956803907	3.092183575067857	6.2762141981796935	4.540990333692013	4.461869562968528	1.2674189539569902	4.165401807596869	1.0820147234796977	1.0462879149871	0.2452939811784821	2.495761812731807	4.892231268110883	1.5200280780817443	4.495665905792209
7.739986795456146	3.0310866187137266	6.230083080477708	4.540990333692013	4.519257868426595	1.2674189539569902	4.050188716978142	1.0820147234796977	1.1041127001476263	0.2452939811784821	2.5610177881685114	4.895953872474917	1.5629753621812463	4.6054003577579214
7.739986795456146	3.0310866187137266	6.180917011076503	4.590156403093362	4.519257868426595	1.3624914589251338	3.992434422777216	1.0361082879135424	1.1287165255696932	0.2452939811784821	2.5610177881685114	4.945896361348427	1.5629753621812463	4.6088263402027785
7.605662267472385	2.913323177308808	6.041981074625044	4.477004370156074	4.632409901363889	1.4052343158147913	3.992434422777216	0.9933654310233864	1.1287165255696932	0.2452939811784821	2.792614561034977	4.957322104482545	1.724930644144371	4.726605373821274
7.512584102685273	3.0074018915015723	6.044684390743259	4.475301603443487	4.538331187170985	1.3521272102247612	3.992434422777216	0.9506910557077395	1.1860181768042666	0.2452939811784821	2.990850170069724	5.014960031306612	1.839257770687551	5.017836027900764
7.465908140112398	2.9979167682793366	6.045776134679405	4.4180487737122425	4.605285859990401	1.304359503715817	3.899948358356813	0.9506910557077395	1.1637330403929573	0.2452939811784821	3.1209861532675123	4.9678321736355375	1.7347682812545004	5.072979523516296
7.1654171503699295	2.9983508419438962	5.849698532961696	4.314069459352135	4.661579298136236	1.2566736275014723	3.842227854935867	0.9899474966592767	1.2214535438142706	0.20603754022785292	3.1587431503736596	5.1840752654712405	1.9229078557863721	5.454121502667622
7.014171849069748	3.055199862072047	5.80445915534449	4.264912555797269	4.661579298136236	1.2501227349029735	3.842227854935867	0.9473414857035541	1.2214535438142706	0.20603754022785292	3.225971840589724	5.1934655361810504	1.8670212272186228	5.4732454329874285
6.862434144328808	3.1121706690436755	5.758930978789943	4.215673834582639	4.817161994240519	1.2468437529926757	3.721698362165935	0.9013817463988145	1.1864003404792358	0.16327604346309196	3.3754254761568854	5.727035379907625	2.681794482705678	5.714346066594757
6.701689362223152	3.225556979762711	5.655279069257343	4.271967272728506	4.858841273287141	1.2468437529926757	3.6237256449735082	0.9013817463988145	1.1864003404792358	0.16327604346309196	3.4937274211272595	5.833749119522152	2.8019483904781426	5.782284216643655
6.654057716583505	3.225556979762711	5.656968094019895	4.222646602326248	4.858841273287141	1.197523082590427	3.6237256449735082	0.9013817463988145	1.1864003404792358	0.16327604346309196	3.55504445321005	5.786117473882467	2.801276567361767	5.840640449963981
6.592794818689197	3.286819877657121	5.656968094019895	4.222646602326248	4.858841273287141	1.197523082590427	3.58867244163904	0.9013817463988145	1.2214535438142706	0.16327604346309196	3.6054206384832916	5.786117473882467	2.812163279983065	5.736566526262571
6.431780127383226	3.456906993735842	5.650172571035235	4.238514550083618	4.803713088771858	1.1465555815274453	3.5309370977478465	0.8553536668131329	1.164218228132231	0.16327604346309196	3.8468552866131587	6.38208735622376	3.318370391733977	5.982123780811839
6.218868513215925	3.6213993198997354	5.547891586199821	4.292376246915874	4.70036963455701	1.1431703370119135	3.5309370977478465	0.8092571539457358	1.164218228132231	0.16327604346309196	3.8800611663218447	6.724359810210183	3.9436777469156503	6.167893593375815
6.161514663684897	3.7353981714166475	5.595399014177815	4.301513820923705	4.643724632571104	1.0956629090340406	3.5309370977478465	0.8092571539457358	1.164218228132231	0.16327604346309196	3.9993187534527723	6.835224585975823	4.026640021174775	6.072938885080884
5.994961177629603	3.9106535523797676	5.596923943932196	4.308690786077341	4.5292518544075255	1.0461024399153034	3.5535485843227135	0.7700007129936586	1.1421731042253032	0.20253248441490426	4.038987492080592	6.629553834120515	4.173669632651629	6.157973745946675
5.781738162260872	3.9816837553992697	5.444620089539556	4.318801828120763	4.519140812364226	1.0461024399153034	3.5535485843227135	0.7700007129936586	1.1421731042253032	0.20253248441490426	4.287209675816485	7.10972294599516	4.1473972898490175	6.745384084523801
5.733406290322717	4.038624889320249	5.396288217601257	4.375742962041638	4.462199678443248	1.0922674789878701	3.5535485843227135	0.7238356739213788	1.108880609201287	0.20253248441490426	4.34986626672829	7.181132585701673	3.9286068151205096	6.8378686981189825
5.575662146532972	4.099421790399487	5.348983622109382	4.326100314822924	4.462199678443248	1.0426248317690487	3.5535485843227135	0.7238356739213788	1.108880609201287	0.15982781915289238	4.308689134345533	7.274729784744815	2.250694402501803	6.955127734248938
5.410461021047144	4.2638125303845715	5.2941823241525325	4.380091227279155	4.358483810823158	0.9928998766052696	3.5535485843227135	0.7238356739213788	1.108880609201287	0.20253248441490426	4.420406851317471	7.234435260919887	2.247862302024312	7.110439038415029
5.466371487874241	4.2638125303845715	5.350092790979775	4.380091227279155	4.358483810823158	1.0354157923918248	3.5535485843227135	0.6813197581352457	1.108880609201287	0.2881123752347887	4.925877492880301	7.315884295038573	4.929164661164002	7.798962085799537
5.522377008743417	4.2638125303845715	5.356373356685249	4.4298161824429085	4.358483810823158	1.1313686473718363	3.5535485843227135	0.5957754176187101	1.1660873474247575	0.37513553223171553	5.053370455142004	7.495886890821046	5.472850422626697	7.7664898236818996
5.42046127315502	4.324365605387174	5.31501069609946	4.4298161824429085	4.358483810823158	1.1313686473718363	3.5535485843227135	0.5957754176187101	1.1660873474247575	0.37513553223171553	5.255295597947999	7.4289096045600305	5.642794676745862	8.094533256746368
5.311154565929694	4.384797114538281	5.266135498025196	4.4298161824429085	4.300829523839955	1.1313686473718363	3.6112028713061175	0.6350918583186359	1.1660873474247575	0.33581909153223916	5.380010555361557	7.4463133249346445	5.532928091562118	8.169083018308225
4.941069948882809	4.565364564252941	5.0766183306929475	4.4298161824429085	4.300829523839955	1.1313686473718363	3.64632672862238	0.5957754176187101	1.1309634901081702	0.3321963129714946	5.292289205881796	7.919217283804143	4.794854117172192	7.69997600805396
4.831680942304728	4.6253121280709575	5.027176887932963	4.4298161824429085	4.300829523839955	1.1313686473718363	3.64632672862238	0.6350918583186359	1.1309634901081702	0.29287987227052165	5.172459618551421	7.756336657801485	3.7394076441926085	7.791468750664629
4.098801634158419	5.102434408118113	4.875853282404013	4.325382759872552	4.317526512636741	1.1726827310963728	3.744365662252474	0.5463597710300597	1.0732429866872462	0.29287987227052165	5.512478047588393	8.065241460318367	2.6514300771440613	7.867104464667857
3.8229344250802115	5.221419669494383	4.726255092854626	4.3180990017202765	4.374449155774656	1.2223216160817583	3.744365662252474	0.5463597710300597	1.0732429866872462	0.29287987227052165	5.507814445041012	8.151490988646316	2.1678074562311465	7.900526384015877
3.6580068305981546	5.326446379778088	4.6197279310156745	4.364725279360626	4.327822878134173	1.2223216160817583	3.744365662252474	0.5463597710300597	1.1305162359733052	0.29287987227052165	2.9001896487819874	7.567687496111519	1.966143026006225	6.7562064241723
3.5434228640121708	5.38472943334763	4.563427017999376	4.364725279360626	4.327822878134173	1.2686807027966776	3.744365662252474	0.5000006843153743	1.1305162359733052	0.29287987227052165	2.1998901749030937	7.273961449917636	1.5538471347798188	6.622669411702131
3.437547241388936	5.384142487458045	4.456964449486498	4.364725279360626	4.327822878134173	1.2686807027966776	3.744365662252474	0.5000006843153743	1.097232918999053	0.29287987227052165	2.2041171913203477	7.06083083983474	0.8977811925619029	6.116680028301312
3.4959491040793567	5.325740624767673	4.504304185429792	4.3173855434174095	4.327822878134173	1.2213409668536115	3.744365662252474	0.5000006843153743	1.097232918999053	0.24999777615778235	2.198610710091189	6.999589946071296	0.8766089791633715	5.977911799954728
3.4959491040793567	5.372274454482108	4.504304185429792	4.363919373132012	4.281289048419696	1.2213409668536115	3.7092784808547234	0.5000006843153743	1.1323201003967702	0.20717273722665006	2.2564265990248242	6.999589946071296	0.927216429189538	5.830356753958662
3.147993356269002	5.314579776849261	4.148288753598743	4.314284379519599	4.281289048419696	1.2181337161557135	3.7092784808547234	0.4535729414003702	1.1323201003967702	0.20717273722665006	3.2532720954690317	6.209876381877184	2.2758536626836863	4.244986137474656
3.27274567970277	5.13867187233525	4.09713317251845	4.314284379519599	4.281289048419696	1.2181337161557135	3.7092784808547234	0.4535729414003702	1.1323201003967702	0.20717273722665006	4.015143224801164	6.158720800796931	1.2917634509799265	3.831034154295317
3.56010258464845	4.948912143729705	4.098653759986385	4.410360968391991	4.17724467966719	1.2677687097683374	3.766881254346936	0.4535729414003702	1.1323201003967702	0.20717273722665006	4.633606690867199	6.0121350461435386	0.2921904055982935	1.5351133202854257
3.796051626481777	4.712963101896379	4.049100648026173	4.459914080352162	4.136815607555525	1.3638183123664325	3.8651383600189813	0.40707645076194593	1.074492066836573	0.24999777615778235	5.063334472208457	5.963699622442173	0.5408803258068565	0.49160629125592675
4.139247876862314	4.533495438418092	4.212829234928449	4.459914080352162	4.079264757055267	1.4061664369643057	3.9226892105192444	0.36472832616395173	1.074492066836573	0.24999777615778235	4.934561573761028	4.847859017233185	1.927296306209863	0.5333525895417566
4.255798130741922	4.473432440065438	4.219845131644171	4.509385439162965	4.119723058645889	1.5021965816570337	3.8822309089286904	0.3181695402826831	1.074492066836573	0.24999777615778235	4.816960037754675	4.936796976270929	2.4586724228013046	0.9377435378371798
4.095079670890498	4.588608435506946	4.174302667234434	4.509385439162965	4.119723058645889	1.5488241762548989	3.8822309089286904	0.2715419456838169	1.074492066836573	0.29287987227052165	3.606337595458176	5.068385194879183	1.8130408511346998	0.14251088087886044
3.3559071670254372	5.019069520851225	3.9214788546831656	4.4534978331933734	4.18249943783949	1.6428677451355858	3.887568026034653	0.22484545161900737	1.1096132513208126	0.29287987227052165	3.403366440305306	4.4097967346885465	3.3474041214897112	1.6989529714457923
3.12693020789541	5.139721700653249	3.9193299937987245	4.347321914750076	4.239200401781844	1.6401582748224544	3.887568026034653	0.17807996743103674	1.1096132513208126	0.33581909153223916	3.3898231365435714	4.06835066568622	4.359015378463736	2.5227313272622203
3.242688349813092	5.080723595247845	3.976090030310925	4.347321914750076	4.239200401781844	1.6401582748224544	3.887568026034653	0.17807996743103674	1.1096132513208126	0.37881549982660245	1.9908757576030978	2.596114511722928	4.357287160343039	1.2411173203296235
3.3018059852736497	5.021605959787404	3.976090030310925	4.347321914750076	4.239200401781844	1.6869928396880411	3.887568026034653	0.1312454025634609	1.1428965682958667	0.37881549982660245	1.3979274941711608	2.537858963854669	3.5352641774008156	1.2493223921325636
3.1836902444076545	5.139721700653249	4.0752857704378	4.248126174623187	4.239200401781844	1.5877970995613666	3.887568026034653	0.1312454025634609	1.1428965682958667	0.37881549982660245	0.28121152278445	2.356387763222852	2.888111106811043	1.2020651016645403
3.2868162089117785	5.139721700653249	4.1784117349419985	4.248126174623187	4.239200401781844	1.5877970995613666	3.887568026034653	0.1312454025634609	1.1428965682958667	0.37881549982660245	0.21955620350697672	2.4587598854862067	2.7946019655446843	1.2619765241106822
3.101852364385687	5.432927588046905	4.336374821778054	4.1984051306545	4.2967512522821405	1.6319527890660557	3.8300171755342847	0.03736866908833724	1.1428965682958667	0.37881549982660245	0.13386605947380129	2.7469841189564024	2.347165071383903	1.6349602632115718
3.1577730908838024	5.537455902858016	4.450345244875581	4.244883748866108	4.250272634070508	1.6319527890660557	3.8651383600189813	0.03736866908833724	1.165115145564522	0.37881549982660245	0.31340913038697976	2.6187017836474378	2.165568395359593	1.6428932881123188
3.2019368670100676	5.595742294813595	4.552795412957651	4.244883748866108	4.250272634070508	1.6367028024746362	3.8651383600189813	0.006697785042233567	1.165115145564522	0.4181319405271842	0.2488801136622925	2.720259446440874	2.6075961351168386	1.7575393578824254
3.2019368670100676	5.595742294813595	4.552795412957651	4.244883748866108	4.209762204703651	1.6367028024746362	3.905648789385721	0.006697785042233567	1.165115145564522	0.4181319405271842	0.24822333818045347	2.902015673652192	2.527958755206822	1.9991125899451854
3.086754209236662	5.597319817311106	4.495781039273936	4.188292987273953	4.306863395662539	1.5426727670326206	3.8651383600189813	0.08733225042953534	1.165115145564522	0.4181319405271842	0.18344370459576084	2.436365660198804	2.566108654837798	1.8820785336568462
3.137837618054907	5.597319817311106	4.497143404123627	4.2380140312426375	4.306863395662539	1.503099440043209	3.8073103264585932	0.17662662138338867	1.2229431791247614	0.4181319405271842	0.12268884783759554	2.375502735869189	2.626863511596249	1.4045798010009662
3.137837618054907	5.597319817311106	4.44750451913819	4.287652916227989	4.306863395662539	1.5058897831282931	3.8073103264585932	0.2234751632834932	1.2229431791247614	0.4181319405271842	0.30573765044544376	2.434857195319431	2.5078168749264007	1.3446422246510343
3.3917372822876017	5.540820740051991	4.552979190601709	4.379578831738068	4.363362472921806	1.510029929118232	3.8073103264585932	0.36776001006131237	1.2229431791247614	0.37513553223171553	0.30639162227003924	2.1578651152877204	1.87940918450507	2.361455703128986
3.5997791890620556	5.540820740051991	4.662479527891683	4.478120401222421	4.461394318525714	1.51564726505011	3.7092784808547234	0.4606842436157793	1.2229431791247614	0.3321963129714946	0.245376570564665	2.1911504537236532	1.8291946398030023	2.300360842393848
3.4179794385185462	5.772786191350187	4.712645228646298	4.478120401222421	4.50171274873484	1.3269271232165962	3.6689600506456066	0.6494043854483965	1.2229431791247614	0.28931421685858966	0.3551819914832889	3.249281634024686	1.5951610559125897	0.6893997424207378
3.574981269130826	5.716378685404641	4.869647059258654	4.421712895276728	4.500546970536913	1.2349719223745186	3.761620516186945	0.7413595862907597	1.2452622728217124	0.2464891779272306	0.9792593281242227	3.2374249263999992	2.4462468482718767	0.022706990656503556
4.767611008532037	4.836698202125183	4.890212981974009	4.714096228683117	4.425968640516735	1.2531162252904702	3.8361988462071603	1.0155986167811804	1.1878559977266803	0.24184892511474437	1.863111732728344	2.856627152279059	3.1063955373155543	1.8515005127362882
5.105519956164309	4.597552496634799	4.940230382108234	4.762842070690751	4.368666970068425	1.1656529494538928	3.8935005166555223	1.10807917473342	1.1878559977266803	0.20022492011346887	1.9908258078258547	2.641111535365804	3.353159277745225	2.1031822897842387
5.347849880853523	4.283525579759206	5.0008108301947	4.630564630418069	4.343804013722624	1.0918929842055525	4.327375660899869	1.423557372784552	0.9954495222506045	0.20022492011346887	3.8866221811126453	3.309112533890186	3.556181094255126	0.2216837503113375
4.94175708397397	4.482261775827076	4.8560156398787715	4.568003219922437	4.3325971961596785	1.1878603392240095	4.49711124397731	1.423557372784552	0.9284144538581944	0.16208430324535789	4.198463121705211	3.5311245828413704	3.728899195659407	0.8918340244989909
5.74310953656795	4.115650901392672	5.2897145490223405	4.569045888938453	4.5339119838290465	0.9346483835814485	4.430604821346743	1.870304177390984	1.0196494157269305	0.16208430324535789	5.475929064938407	4.882335392512485	3.4911751499054176	0.12266588743447736
5.990662850739503	3.9476654218453664	5.4791519944942895	4.459176278090743	4.628312337981984	0.8908891305611867	4.353686695707357	1.9537019273483376	1.1123524685907031	0.12276147683851207	5.599704439800984	5.234910919076643	3.7272490560878	0.9127198777909361
6.499386279055654	3.563122640875608	5.694391193278837	4.368117726652573	4.717585813767942	0.8215329365962561	4.535240390356236	2.216743702193418	1.1699316773622512	0.24721224022592625	4.355461626683481	6.225882125427896	3.1574625432692827	1.1132980367642378
6.995554659908148	2.602627220979262	5.406261084831608	4.191920796055632	4.7887020932394595	1.391388264406259	5.159893137802438	2.1720568128548363	1.3536110297774182	0.3724347291196942	2.943247789089692	5.489279522495065	0.9960818220917498	4.20355976355768
7.109591612094755	2.3480085892787943	5.330460933188614	4.127139268184695	4.743447399742429	1.6260151842283448	5.459766462999916	2.0403608328165737	1.386989797773889	0.459340893165809	2.7670433451419925	5.450744607181026	1.2385933253733605	4.776882333074005
7.61565742037655	1.6251128660711966	5.0595141669027175	4.181256119545036	4.592997750474789	2.077094626188496	5.9403898440638425	2.2522265622746933	1.6897867530596982	0.5020390350306702	2.297012545785372	3.6284552776563035	0.36238339482924803	3.652036298766533
7.755017475682101	1.2664870681731082	4.85861100369618	4.1628935401588425	4.449067716301131	2.3182534792688547	6.328720403400804	2.294473264091493	1.7471543621793837	0.5447939149694606	2.2337877334597263	3.5671929514015384	0.08066711531935608	3.4405936554487924
7.981944541330029	1.0378534933007089	4.562431416290342	4.4573666183411795	3.9269449754312755	2.73873849557739	6.45778290269852	2.111769479700662	2.1411109420034533	0.5828014580723094	0.9557276113861365	2.2277492559292438	2.9272718770067914	1.9941901563611264
8.04034289681872	1.0861094069745583	4.575293324101791	4.551158979691583	3.77358239949173	3.0950645048470906	6.448732526691542	1.800979918107919	2.25526798027686	0.6256063655758449	0.6841128022277297	2.1339273313121145	2.558890628752197	2.2979124426293875
7.214225395261292	0.6409081083595224	3.9186825608589215	3.936450942762224	3.990220627408269	3.6901508298463783	6.73293221073621	1.4673291802529471	2.402440122543452	0.36417077843197254	0.5451591840638076	0.46100209595502173	0.9079715344106171	0.8331720522277202
6.916320718606507	0.3830554199506098	3.484634185119691	3.814741953437716	4.196065105769975	3.8723143266572158	6.671357024958931	1.46509155644758	2.5492586647909006	0.28238783737370327	0.22502380203107664	1.23182633064278	0.16082643173990332	0.749546629376301
5.679021670093166	0.8630271274800709	3.278019899491337	3.264028898082347	3.6269334713057937	4.2508933839262575	7.632601088564252	1.1289533682814739	2.662555523721959	0.23751175336275582	4.107784155016208	2.0721618382116267	3.000804989206757	1.9052657046813115
5.281225251823205	0.8360388558232842	3.008366152219192	3.108897955427794	3.726770326984382	4.343072686517958	7.620188420540346	1.1260404398985828	2.775566046004597	0.14587645369468943	3.6573628676773566	2.435698899224548	2.6956502382100163	2.083407062292046
5.1069396619194505	0.7427731600737022	2.8012883964163606	3.048424425576482	4.129677530771976	4.383293663514546	7.424600073003411	1.2202182029973334	2.7190965641194658	0.14465846561822418	4.3432399516893305	2.4132137294898945	3.4646777223693976	2.2744643663068227
1.9420262220688114	2.361572920378513	2.7300342638798147	1.5735648785675813	2.4313280316858017	4.215458892536935	5.57594680337197	1.2145255518965898	1.9134374178788263	2.878885461058716	5.686100896192234	3.642049140064426	3.873311833445355	3.280238449697722
1.5873947795745864	2.1714461964651273	2.662722375241213	1.096118600798269	2.6795216226405745	4.254873516712155	5.303657462074606	1.0787761548396815	1.6371596029351623	3.1075532912642636	5.901833532292043	3.936511561115168	3.6633948084451244	3.1618494613166632
2.195900724161596	1.903278896384288	2.7645502365924783	1.3346293839534769	2.3464080887111165	4.372221854745676	1.8419319719998337	3.4470404985580116	3.7121090908558103	1.1417770677213128	6.178226540236848	4.182760009246391	4.130710105800771	3.991054056202922
1.3602060755501713	2.1420918141289627	2.4599361675981637	1.04236172208127	2.634517381254365	4.311803416361404	4.188804758866504	3.36060818341813	1.7060741243772428	0.6127657222632964	6.412037954921505	4.105097100965488	4.016595669586214	4.104307695050884
2.298666934268142	4.474067291782303	1.7052479746843556	0.4701523828298512	3.6805139608452384	3.9942284303816384	4.743033407905558	2.1826193396357128	1.1253121711838434	1.7431148035164594	3.578616552565526	1.4274659638868414	3.6576266005860716	2.464485976135518
0.6648620409333489	3.310961088410894	2.038650551682764	0.6074484957949919	4.799379020292822	3.856579851381742	8.378157826221063	1.8245964368759477	1.590274139728211	0.5824154507482786	4.313906722140604	1.9355750111866727	3.976361177026093	1.9955578015239315
4.272631229620406	4.258661192629731	1.4640831836373454	1.4780532206278836	4.405001254432782	4.252580883872623	1.6287012977759132	8.442707676875777	0.3604228637288068	2.289462618707527	3.2135339755670453	1.0776314721633546	2.504016223494581	4.273059021031874
4.280383503968729	4.199502107590561	1.30492547088486	1.385806867262974	4.964846628191796	4.009593348714245	3.7493442337883223	1.8966170312875559	0.7918204244126896	2.4209195202000435	3.102286473444289	0.9531789128770588	2.0399169448709356	4.080329284838292
4.601735661187888	4.221391579942253	1.551637532808164	1.9319816140541008	4.062686721903533	4.263211105021146	2.0886126286632414	8.086676164908988	0.011842126508383007	1.5002107206517434	2.4825899271209733	0.8543688316386172	0.6964859963961731	3.8116265885881915
4.7545998835857395	4.379615380118583	1.651395019249348	2.0263795227166854	3.929521108949811	4.413492105727846	2.093146639289569	8.52855660413457	0.17892291917103004	1.2757832630973596	1.5571995061182557	0.8005200478498302	2.0183104661543165	2.9413413214701567
5.292954825055807	4.867369935723798	1.818821028211116	2.24440591754325	4.650625867908114	4.509604938809229	1.5928202809834522	8.51550324695483	0.1683690653765943	1.6920327259210937	0.8786404609628216	0.89799550847884	1.7658162895860852	2.6673087714233477
4.922891363439573	4.647775340974449	1.8786809380628016	2.1537969605281035	4.150464169372188	4.359765164288945	2.0490173604402147	8.393461627439317	0.08252100100797354	1.817871995462839	0.13153468021009163	0.5885436861980399	1.4188022184982891	2.5532820187905494
5.5294010285573	5.093110011987171	1.9328198530326162	2.369110869602895	4.683345685084972	4.85214405086514	1.7304014380239563	8.105472389475617	0.24949969480791157	1.9991070646881635	0.8698130991644216	1.622428432631538	3.279598517350727	2.504294234604264
6.20445194972028	5.551251630947028	1.8853624155868576	2.538562734359745	5.08383477317145	5.141836497136327	1.5468216521403684	7.8632373806502756	0.12079387948417841	1.9991070646881635	0.5014550211593799	0.8696517164924936	3.22979540547646	1.8632880480809058
6.336183260101563	5.6928035018754555	1.9868478900257596	2.6302276482520988	5.219202647060039	5.236170967768468	1.4987457263601502	7.66396385847421	0.1649231583370946	2.032328714522619	0.015401043424591613	0.8291303143233889	2.83605989327199	1.77613068102088
6.5251015308335045	5.671554800565259	1.9923450144590555	2.8458917447274845	5.485314702859245	5.376325341193298	1.495676738065893	7.607393869404211	0.1649231583370946	1.9052152328630587	0.8060135321841899	1.519168282315962	4.07761980420832	1.8116350576474485
6.666547515528717	5.737291399967346	2.0030756320092062	2.932331747570347	5.526700084314024	5.423624234491661	1.5439009739029175	7.643528113819152	0.24949969480791157	1.949293272237225	1.210434578978276	1.3200172754573125	3.8448292302771834	1.6288979324152093
6.7382113157289565	5.8617142246429745	2.0558346564842735	2.932331747570347	5.48062762412823	5.776852688894911	1.589973434089109	7.177769837763678	0.07777708213399857	2.267425566230638	1.6529113368509671	1.7297412688856089	4.952527896809698	1.4106301080738277
6.32444220234875	5.86296212107505	2.3809945274667164	2.8424746087405452	5.484061899591331	5.672238563813742	1.5439009739029175	7.421928173832446	0.034702743893679666	2.0034087786305106	1.7411712304654783	1.6032338711798	5.075243584957187	0.9493970314197663
6.023996947981049	5.9982439116645185	2.3116595663578448	2.33741260267422	6.243478972812219	4.518908588780086	8.662251563716922	0.545897159223783	2.335743532421278	0.19953903271866522	2.1291179389426094	0.1199205436612176	5.080362632418094	0.029019678368079352
5.760691629691517	6.401541305979184	2.6153229604508854	1.97447328416349	7.212788023373243	3.988835843319002	7.74966897018443	0.48083264714852425	2.497910236968878	0.08894458702604699	1.9105604455650211	0.5851823495069723	5.678605535841711	0.22193118866796108
5.415811409437374	6.433835271161944	2.726011653863766	1.707987792139172	6.50659400502703	3.8962067737859556	8.02324884622072	0.6221481460421514	2.4724010003964687	1.3162314040255543	2.090850864150823	0.9635271782730717	5.422583404007819	0.11677217189828966
5.806282812347504	6.383392419211398	3.019808666048491	2.4426990591844477	5.58058657694252	4.6787089780589906	1.3643069237577823	6.964553869052941	0.3839215233494243	2.3022086394255554	2.3201881874635735	2.578550184329699	5.545065849820802	0.007137420947744546
5.955916045373306	6.366999786120656	2.995232512228518	2.5841487714811766	5.206783471089512	5.169149306593296	1.1920915792067701	7.269014258671124	0.1876861236560257	2.1966680465160366	2.366731286466669	2.537010507459169	5.544255289451563	0.3809508877688952
5.988758191935493	6.174646434238919	2.9945187358761918	2.8086304935728426	5.157543928400669	5.220000490730169	1.3342767796540709	7.274587026865482	0.1414316941186414	2.311510271932473	2.5743343562186984	3.071647529251694	5.9470992771549245	0.35222371567823124
6.036652558036317	6.076874289460618	2.9880433822179016	2.947821650793714	5.1615123328353985	5.270212184718785	1.4694995324404476	7.224375332876938	0.05508265144548427	2.5398517573687918	2.615753368661434	3.182578437478814	6.076090207831901	0.4222620833564016
6.21134381165174	6.200630315233394	2.936391996917964	2.9471054933363607	5.207515391499661	5.3132933765520605	1.4187703290693376	7.070660187054978	0.01672100763545125	2.594015951344456	2.624847006907554	3.9522866643342804	5.890889105263944	0.10445119695751551
6.184772162770256	6.224993894194611	2.9866086742638713	2.9463869428396365	5.25358785168547	5.263812890989701	1.3288022391757537	7.06528950014391	0.14685001380628795	2.558795022724075	2.6412050277940975	4.352754087029677	5.72098825993583	0.11959170890526691
6.283017827022385	6.308824130155367	3.120369517290274	3.0945632141572976	5.167490069152747	5.122954606121086	1.37201897209888	7.218086448333408	0.1997661348052127	2.412955135294748	2.9524600055132444	5.7729854147852615	5.577056625447452	1.1482838968905396
6.340212601381981	6.260560750199412	3.110959697069194	3.1906115482517916	5.1263858350966895	5.024970615923629	1.4613865861110014	7.324034349387188	0.20464331152704257	2.357206270300412	3.0004801432239967	6.012411709405221	5.408005391765489	1.3184921837872354
6.43757944723597	6.2438425302362885	3.0449810983500947	3.2387180153498867	5.215753449108902	4.976864148825439	1.3281833855405683	7.268285484392694	0.2533700500718066	2.379253368884552	3.2259213334757	6.133537817401079	5.291665559194826	1.4306448835714716
6.478392976995359	6.327600891127103	3.0449810983500947	3.1957731842183255	5.172808617977311	4.976864148825439	1.3281833855405683	7.212606711284805	0.258275237404718	2.401162985670238	3.20634747910196	6.133537817401079	5.354431776360464	1.495299311630888
6.482141796851011	6.45507481959215	3.0388079614218415	3.065874938680432	4.9902348783329575	4.8809719217960374	1.3288022391757537	7.212606711284805	0.08402674747811474	2.252858590376171	3.20472611572572	6.266584329101008	5.0802745066629855	1.604435734120826
6.533326881032034	6.589817563117653	3.0835957521251003	3.0271050700396205	4.901634093968892	4.784999046911477	1.23882469345628	7.268285484392694	0.006537479673620089	2.2543797813154844	3.2765304423194945	6.2153992449197775	4.889235127894062	1.6690828491571161
6.437248543833747	6.673442507373423	3.1762270855358294	2.940033121996294	4.713786398283616	4.783830944269826	1.108190794874153	7.2730457909993245	0.12870462543430733	2.164136968690235	3.4266335155407566	6.281628510614371	4.654176880981995	1.7865990963138778
6.47241845825617	6.700795918169562	3.173024828288992	2.944647368375712	4.624076508560837	4.73564410062415	1.1543280873301367	7.45637739888713	0.04821350294488841	1.8895959895124996	3.4696098173789345	6.230239409721751	4.597826896888758	1.7865990963138778
6.548430801747491	6.816866026579309	3.169800739052658	2.9013655142207466	4.532527300941334	4.729580499581615	1.110672198488278	7.4141736464648975	0.09037918246324844	1.8323590129805705	3.5163286846358797	6.234054388166469	4.457145082771602	1.841905517459574
6.62955877929097	6.897994004122694	3.169800739052658	2.9013655142207466	4.575605154583385	4.779901898937247	1.0675943448460086	7.363852247109361	0.04749735242443743	1.7411065326718187	3.5385004711881143	6.171992129052569	4.398130791731331	1.844352282930864
6.62955877929097	6.897994004122694	3.169800739052658	2.9013655142207466	4.575605154583385	4.729580499581615	1.0632140436763107	7.35831082779368	0.12882287219100397	1.7969693513429557	3.4316873739814775	6.116671867153804	4.446150430076514	1.7890320210322703
6.62955877929097	6.897994004122694	3.1702854352801797	2.9018502104484627	4.575605154583385	4.47859728313618	1.0632140436763107	7.608809348011374	0.08599888129558196	1.7398315509398448	3.3249166748865577	6.116671867153804	4.552921129171372	1.7890320210322703
6.612944791378745	6.894785182112021	3.2273429574828807	2.945502566749764	4.619257510884657	4.336622035324367	1.106803846917956	7.6949914182651495	0.12958868453331956	1.7956247284977394	3.2230330421709197	6.173729389356485	4.578043484480372	1.8534032341244138
6.572501257088209	6.902165632541221	3.2273429574828807	2.897678582030128	4.571433526164986	4.286878371170699	1.106803846917956	7.744735082418795	0.12958868453331956	1.7956247284977394	3.182589507880404	6.111773174823804	4.578043484480372	1.7914470195915337
6.629320298418525	6.911160689151887	3.1793987428094943	2.897558352076478	4.619257510884657	4.292445655920147	1.106803846917956	7.751309102642405	0.09095113272895733	1.865547703773014	3.1802651337366155	6.111773174823804	4.516557694366488	1.7914470195915337
6.686219634870418	6.963808737732631	3.1313734757352827	2.853784372873482	4.62350879875586	4.290789004896928	1.106803846917956	7.800991020740002	0.13376917991418777	1.7743579169755215	3.1428121805667857	6.111773174823804	4.55263290939819	1.7914470195915337
6.669447139642632	7.004196492904193	3.1404272686045944	2.8056779153431988	4.580430945113743	4.296433293430046	1.1498817005603765	7.843453189737172	0.13376917991418777	1.7743579169755215	3.042399916863396	6.168933425223211	4.346417596684348	1.7914470195915337
6.669447139642632	7.004196492904193	3.1404272686045944	2.8056779153431988	4.580430945113743	4.296433293430046	1.1498817005603765	7.843453189737172	0.13376917991418777	1.7173562663709132	2.9490160856510994	6.107096893535528	4.439801427896364	1.7296104879040763
6.612183997451909	7.004196492904193	3.1976904107953246	2.8056779153431988	4.580430945113743	4.296433293430046	1.1498817005603765	7.843453189737172	0.13376917991418777	1.7173562663709132	2.9490160856510994	6.102642984060796	4.497323642717742	1.6678934362385958
6.560724859258221	6.960550929457042	3.2491495489889366	2.849323478790239	4.624076508560837	4.24681341111673	1.1498817005603765	7.89307307205039	0.048075340919540674	1.7173562663709132	2.9490160856510994	6.092504347462653	4.497323642717742	1.6062956614464885
6.56632005194412	7.017502431023663	3.252155412008976	2.80097303292943	4.624076508560837	4.295163856977482	1.1498817005603765	7.857200370092092	0.03784975160531851	1.718968084320974	2.946885126991794	6.08836879957518	4.494116912998093	1.5508038046781427
6.56632005194412	7.017502431023663	3.252155412008976	2.80097303292943	4.624076508560837	4.295163856977482	1.1498817005603765	7.857200370092092	0.08089918964480955	1.718968084320974	2.946885126991794	6.026877874649589	4.436604665578463	1.6148948838263955
6.5553457032553055	7.057781787542236	3.255139863881122	2.752703779594512	4.578008596387301	4.343433110312425	1.1959496127335123	7.91305754004352	0.08089918964480955	1.663110914369927	2.915285163631233	6.0225083512854	4.393834253201505	1.6233741000783826
6.595545048171003	7.097981132457873	3.255139863881122	2.752703779594512	4.621091094994121	4.343433110312425	1.1528671141270201	7.968984703580679	0.08089918964480955	1.6071837508327436	3.0021551837061917	5.905370647063984	4.290025508613986	1.5062363958570266
6.635664580192816	7.138100664479785	3.255139863881122	2.752703779594512	4.621091094994121	4.39305299262566	1.1528671141270201	7.919364821267441	0.08089918964480955	1.4814152197563761	3.0083047721780867	5.905370647063984	3.759394544473037	1.631698597404497
6.675704497554414	7.178140581841319	3.255139863881122	2.752703779594512	4.621091094994121	4.442746540349575	1.1528671141270201	7.96144467649036	0.08089918964480955	1.3896418168097302	3.1075232778095727	5.905370647063984	3.360298039178302	1.7571710306108503
6.73262210238286	7.235058186669746	3.303247004159976	2.800810919873246	4.621091094994121	4.394639400070712	1.1965165727767295	8.017479386981968	0.07580453998656968	1.3336071063179196	3.0925615627587137	5.788210364508762	3.54288223493942	1.6400107480557118
6.73262210238286	7.191485589403308	3.2550589433537427	2.7961954563333213	4.6646636922604126	4.442827460877171	1.1965165727767295	8.017479386981968	0.07580453998656968	1.2766338329941977	3.0459874698330953	5.788210364508762	3.6382850059070373	1.7037114442173158
