0	1	2	3	4	5	6	7	8	9	10	11	12	13
7.448904823362073	3.8012293469764318	7.353868567095024	3.8962656032435072	4.490196615162155	1.4198056285341993	4.186364008075309	1.192947838745245	1.506047824367599	0.3223633740563013	2.1723138826865647	4.241263598596529	0.2903075833635352	3.296451224889831
7.727148689946483	3.4073132362591116	6.90310906018332	4.231352866022214	4.496914438597508	1.5806059906594976	4.298631921059966	1.4059191799263906	1.468201236297526	0.3645663441932517	2.0980163147019746	4.279269057191675	0.3609605986447592	3.333139426181672
7.77373823728361	3.4594193198056966	6.794910607603039	4.438246949486055	4.442412201034128	1.5886898486696555	4.370759714414326	1.533440613445992	1.3969841528496045	0.36325028690756267	2.145224477843569	4.322200715768533	0.3701751886272538	3.514336567844442
7.888867916724575	3.3047480458740335	6.746722410795978	4.4468935518026385	4.440949056670818	1.5486590324613239	4.411764453268146	1.6216596264611343	1.3969841528496045	0.4011873441943137	2.1417481618511864	4.326375945671074	0.431228387069548	3.55839734766422
7.833107416026091	3.360305648158302	6.690961910097486	4.50245115408687	4.441594012383619	1.503426175142895	4.412823488569975	1.6668924837800456	1.339722559550823	0.4011873441943137	2.197721000193022	4.220147855199015	0.43651990379565875	3.6106704041458557
7.877006164322632	3.360305648158302	6.734860658393978	4.50245115408687	4.441594012383619	1.503426175142895	4.412823488569975	1.6668924837800456	1.339722559550823	0.36325028690756267	2.197721000193022	4.264046603495442	0.43651990379565875	3.657179259193692
7.933411916530799	3.2562867999257192	6.734860658393978	4.454838058062443	4.4481476163876605	1.4604329028772212	4.511215325985396	1.709885756045956	1.28239021415611	0.36325028690756267	2.0853424096429896	4.264046603495442	0.3805470654525999	3.754043326716318
7.989702294546655	3.199996421910033	6.734860658393978	4.454838058062443	4.350753480126204	1.4173717397257302	4.608609462246761	1.7091647452762602	1.28239021415611	0.36417077843197254	2.078942536307591	4.264046603495442	0.38457523423431084	3.754043326716318
7.989702294546655	3.199996421910033	6.734860658393978	4.454838058062443	4.350753480126204	1.4173717397257302	4.608609462246761	1.7091647452762602	1.28239021415611	0.36417077843197254	2.078942536307591	4.264046603495442	0.38457523423431084	3.802593316307082
7.989702294546655	3.199996421910033	6.734860658393978	4.454838058062443	4.407007398300892	1.4173717397257302	4.552355544071966	1.6654425710903658	1.28239021415611	0.40789295261747816	2.078942536307591	4.264046603495442	0.4352484495009953	3.802593316307082
7.934047686648745	3.199996421910033	6.6792060504961945	4.454838058062443	4.407007398300892	1.4173717397257302	4.552355544071966	1.6654425710903658	1.28239021415611	0.40789295261747816	2.078942536307591	4.208391995597554	0.38457523423431084	3.802593316307082
7.934047686648745	3.199996421910033	6.6792060504961945	4.454838058062443	4.407007398300892	1.4173717397257302	4.552355544071966	1.6654425710903658	1.28239021415611	0.36508804511408144	2.078942536307591	4.208391995597554	0.38457523423431084	3.802593316307082
7.934047686648745	3.199996421910033	6.630936797161259	4.503107311397389	4.407007398300892	1.4204693276316684	4.552355544071966	1.6712914101133254	1.28239021415611	0.4044108715203236	2.0230782126385156	4.208391995597554	0.32871091056502677	3.802593316307082
7.875452589464145	3.258591519094542	6.630936797161259	4.503107311397389	4.407007398300892	1.4204693276316684	4.552355544071966	1.6712914101133254	1.28239021415611	0.36166267386608403	2.0816733098230364	4.208391995597554	0.32871091056502677	3.756094252945792
7.875452589464145	3.258591519094542	6.6792060504961945	4.454838058062443	4.407007398300892	1.372200074296498	4.552355544071966	1.6712914101133254	1.28239021415611	0.36166267386608403	2.0816733098230364	4.208391995597554	0.32871091056502677	3.756094252945792
7.875452589464145	3.258591519094542	6.6792060504961945	4.454838058062443	4.4633422382273205	1.3701638563440888	4.4960207041455105	1.6733276280658094	1.28239021415611	0.31897112093264257	2.0259061164305705	4.208391995597554	0.2271624969625046	3.707540860914361
7.875452589464145	3.258591519094542	6.6792060504961945	4.454838058062443	4.4633422382273205	1.3701638563440888	4.4960207041455105	1.6733276280658094	1.2253829954349993	0.31897112093264257	2.0259061164305705	4.208391995597554	0.2271624969625046	3.707540860914361
7.875452589464145	3.306204615119101	6.6310989102173075	4.550558294365775	4.415729142202974	1.4182709966226894	4.4960207041455105	1.6733276280658094	1.2253829954349993	0.31897112093264257	1.9702359056046226	4.208391995597554	0.17149228613785625	3.707540860914361
7.875452589464145	3.306204615119101	6.6310989102173075	4.550558294365775	4.415729142202974	1.4182709966226894	4.4960207041455105	1.6733276280658094	1.2253829954349993	0.31897112093264257	1.9702359056046226	4.208391995597554	0.17149228613785625	3.707540860914361
7.875452589464145	3.306204615119101	6.679286971023733	4.502370233559305	4.415729142202974	1.370082935816642	4.4386883587505	1.6296590956493724	1.2827153408300023	0.36263965334859666	1.9146625294156028	4.208391995597554	0.11591890995000685	3.707540860914361
7.875452589464145	3.353725386773143	6.679286971023733	4.549891005213582	4.3682083705486505	1.370082935816642	4.4386883587505	1.6296590956493724	1.2827153408300023	0.32461883902887245	1.9146625294156028	4.208391995597554	0.11591890995000685	3.707540860914361
7.875452589464145	3.353725386773143	6.679286971023733	4.549891005213582	4.424624197805186	1.370082935816642	4.382272531493873	1.6296590956493724	1.2827153408300023	0.32461883902887245	1.9146625294156028	4.2546843554687	0.11591890995000685	3.6612485010433256
7.875452589464145	3.353725386773143	6.679286971023733	4.549891005213582	4.4657125332258945	1.370082935816642	4.341184196073274	1.6733276280658094	1.2827153408300023	0.2809503066131463	1.9146625294156028	4.2546843554687	0.11591890995000685	3.6612485010433256
7.875452589464145	3.353725386773143	6.679286971023733	4.549891005213582	4.4657125332258945	1.370082935816642	4.341184196073274	1.6733276280658094	1.2257746223066448	0.2809503066131463	1.9146625294156028	4.301058415700852	0.11591890995000685	3.7120601639611532
7.875452589464145	3.353725386773143	6.679286971023733	4.549891005213582	4.4657125332258945	1.370082935816642	4.283922602774492	1.6733276280658094	1.2830362156052133	0.2809503066131463	1.9146625294156028	4.301058415700852	0.11591890995000685	3.760771556589396
7.81915759000435	3.4100203862329668	6.679286971023733	4.549891005213582	4.4657125332258945	1.370082935816642	4.283922602774492	1.6733276280658094	1.3399769341286687	0.2809503066131463	1.9709575288751373	4.347514331851722	0.11591890995000685	3.8119760996161536
7.81915759000435	3.4100203862329668	6.727394247303299	4.501783728933962	4.4657125332258945	1.3649755037187636	4.283922602774492	1.6303277838838117	1.3399769341286687	0.2809503066131463	1.9210241614824408	4.347514331851722	0.015239589936098788	3.9099542723817935
7.877757308632935	3.35142066760448	6.727394247303299	4.501783728933962	4.522183176444755	1.3649755037187636	4.227451959555731	1.6303277838838117	1.3399769341286687	0.2809503066131463	1.8624244428537307	4.347514331851722	0.015239589936098788	3.9099542723817935
7.936472401435186	3.292705574802093	6.727394247303299	4.501783728933962	4.522183176444755	1.3649755037187636	4.227451959555731	1.6303277838838117	1.3399769341286687	0.2809503066131463	1.8037093500515862	4.394052259598202	0.015239589936098788	3.9125248790011296
7.880071298579963	3.34910667765734	6.727394247303299	4.501783728933962	4.481121077530875	1.4079077616437765	4.2685140584697905	1.5437269935427376	1.3399769341286687	0.32461883902887245	1.9156942339883523	4.394052259598202	0.014843743864892428	3.9125248790011296
7.9389068790937944	3.2902710971435365	6.679367620233644	4.549810356003764	4.481121077530875	1.455934388713662	4.2685140584697905	1.5437269935427376	1.3399769341286687	0.32461883902887245	1.856858653474268	4.394052259598202	0.03615462400334915	3.863416344635535
7.9389068790937944	3.345906387923545	6.679286971023733	4.605526295993643	4.425485786750873	1.5011091075636356	4.2685140584697905	1.498632923902652	1.306505724304659	0.32461883902887245	1.856858653474268	4.394052259598202	0.13839619956786892	3.9617132080891224
7.997858516633422	3.2869547503838414	6.679286971023733	4.605526295993643	4.48206378364118	1.5011091075636356	4.211936061579488	1.498632923902652	1.306505724304659	0.32461883902887245	1.797907015934395	4.44067235473434	0.13839619956786892	3.964361358722503
7.897432000016757	3.39918962453391	6.635367792341788	4.661253832208753	4.426336247426104	1.5462707481244455	4.211936061579488	1.4534712833414913	1.306505724304659	0.32924601742370885	1.8600856349438681	4.4434555944878955	0.18950192883621364	3.917658940286961
7.853427450288967	3.351698328488895	6.591363242614055	4.61376253616378	4.473827543470857	1.5462707481244455	4.211936061579488	1.4534712833414913	1.306505724304659	0.32924601742370885	1.8600856349438681	4.399451044760089	0.29241809709164257	3.917658940286961
7.853427450288967	3.351698328488895	6.591363242614055	4.61376253616378	4.473827543470857	1.5462707481244455	4.211936061579488	1.4534712833414913	1.306505724304659	0.32924601742370885	2.027744474635912	4.446235942518035	0.2339267757899366	3.920222326863107
7.796803587023143	3.4165881917713965	6.63947051889362	4.573921259900898	4.522220721758132	1.5433927790743414	4.155276883275538	1.4082419761121503	1.306505724304659	0.32924601742370885	2.0342935884247253	4.442500073396272	0.28994340401684515	3.9239581959850294
7.695972830699234	3.4733288302253658	6.643568597830747	4.525733063093779	4.522220721758132	1.5405016518623635	4.155276883275538	1.362944906516635	1.3399769341286687	0.32924601742370885	2.1471271503958422	4.492381217756881	0.3378002455262745	3.7834495100249943
7.695972830699234	3.4733288302253658	6.691837851165731	4.477463809758967	4.522220721758132	1.5375973261342823	4.155276883275538	1.317579978910236	1.3399769341286687	0.32924601742370885	2.2033182809693197	4.492381217756881	0.3337091041446918	3.8328828050797012
7.725817905793804	3.4109887997037402	6.603400120804502	4.533406584693022	4.523018370339333	1.5375973261342823	4.098536459759949	1.317579978910236	1.3399769341286687	0.32924601742370885	2.0850354755135614	4.545525002892238	0.38589265062300243	3.644688287339517
7.725817905793804	3.4109887997037402	6.603562780614718	4.533243924882884	4.523018370339333	1.5828675475334488	4.098536459759949	1.2721470977006795	1.2830362156052133	0.32924601742370885	2.135087712385234	4.592886036744007	0.3881076319069838	3.6468458521927083
7.740787394371372	3.351671302635954	6.559214772124357	4.533243924882884	4.523018370339333	1.5828675475334488	4.098536459759949	1.2721470977006795	1.2830362156052133	0.32924601742370885	2.07577021531715	4.5959829223507125	0.3881076319069838	3.5994009580959063
7.755788215687894	3.34827191735762	6.514780403495189	4.589279729550593	4.466982565671928	1.5828675475334488	4.098536459759949	1.2721470977006795	1.2830362156052133	0.32924601742370885	2.0726129376096933	4.551548553721631	0.4824379442175901	3.7484414378775512
7.872055758651841	3.2320043743938034	6.514780403495189	4.589279729550593	4.466982565671928	1.5828675475334488	4.098536459759949	1.2721470977006795	1.2830362156052133	0.32924601742370885	2.01272159933169	4.5990774657541	0.47856916459660753	3.7507546564021745
7.90237571916901	3.112555800254422	6.425651789872874	4.589279729550593	4.466982565671928	1.6257101142533876	4.041345601843826	1.2293045309806674	1.340227073521863	0.32924601742370885	1.9497476706115249	4.506822699937459	0.6329648914170503	3.853808761657314
7.8009789079021035	3.1692579676615185	6.380957146013134	4.589279729550593	4.466982565671928	1.6712069459036407	4.041345601843826	1.1838076993303142	1.3168314931511433	0.32924601742370885	2.176465897808636	4.411304351540318	0.5688899933356855	3.9046324661947582
7.887156693224385	3.0968612889588405	6.395387547610497	4.5886304345728455	4.419444074599179	1.6685840216908783	3.9842254620735553	1.1382428374929774	1.2604758917570908	0.32924601742370885	2.227438068482896	4.469937205609003	0.6186456363409178	3.9701538309308995
7.767024997287364	3.036715277854544	6.2635416149489505	4.540198660192881	4.4762658066706775	1.6657852342722816	3.9274037300020668	1.1362783829481289	1.2604758917570908	0.28557748500648233	2.281727397557683	4.627012506607137	0.8807602959743557	4.039181843487133
7.782000164978653	2.976450020667376	6.266764764338503	4.491685421307391	4.517220977390052	1.6629732023471235	3.886448559282715	1.0905771759878082	1.293961460253304	0.28557748500648233	2.2214621403706123	4.678883570957318	0.9891195720351686	3.9931920539849357
7.756016471764492	2.9116743017499673	6.168486773115125	4.499204000399286	4.6727704589904695	1.6143783629792046	3.8244720213780683	1.129900002393661	1.4282774211939626	0.24625465860078022	2.2729746036581417	4.727374197638585	1.1987012192355808	4.003349883451528
7.710441192476723	2.9116743017499673	6.171588069642798	4.450527424583811	4.729862320036811	1.6114713089347739	3.8246063810676048	1.1233933797172448	1.5090579954016095	0.20699175950794907	2.330642009477956	4.780003803497194	1.195950417744723	4.008408845536798
7.725401058407207	2.8510499796481996	6.125923613471591	4.450527424583811	4.787035394852199	1.6114713089347739	3.7320933143458257	1.1233933797172448	1.544397987307742	0.20699175950794907	2.3938122138013695	4.931801892753343	1.6820178508022385	4.332336369887758
7.67964722154138	2.7949365611886896	6.080169776605816	4.394414006124048	4.843148813311939	1.6114713089347739	3.7320933143458257	1.1233933797172448	1.4872290060848243	0.20699175950794907	2.451897441927582	4.935633963728643	1.6346126437558652	4.440827248600062
7.638537981181521	2.7341921091955275	5.978316084252655	4.394414006124048	4.802413284626912	1.6114713089347739	3.772828843030898	1.1233933797172448	1.4539365110612312	0.2497532562719341	2.691995217862797	4.933217545652361	1.7281818754024183	4.766709964464539
7.535823923366914	2.8470684416643457	5.9811233886614925	4.401768976369659	4.746299866167133	1.6512985361344834	3.8081688349374807	1.074010776183238	1.4185965191548258	0.21055018439072426	2.8166208226209104	4.98705870047855	1.7738111177517761	4.774112309839924
7.443651777090767	2.9330136450169335	6.033012750652915	4.343652671454902	4.6603546628143295	1.5499163845003705	3.8081688349374807	1.0313314195498875	1.4185965191548258	0.21055018439072426	3.0629497909178047	5.095541409232287	1.8250389233812874	5.11466535643523
7.351118455203333	2.980181592302339	6.036112279634778	4.295187767870931	4.670469363057075	1.4968946195410047	3.7155461955029296	0.9887203336402115	1.4539365110612312	0.16778868762653068	3.1322470707866406	5.103873237411433	1.8255977911197698	5.068403601147294
6.991241485475255	3.033109381409854	5.793879409041507	4.230471457843703	4.735185673084218	1.4936192648590136	3.750886187409341	0.9919956883219267	1.361456290062555	0.16778868762653068	3.269457366081421	5.3200098971885135	1.9269936520786217	5.49576119943199
6.883817391594343	3.0850222643876357	5.746039820051312	4.222799835930944	4.743912681183851	1.5371546896673514	3.750886187409341	0.9495156497003495	1.3043825676447427	0.1250840223636115	3.339936894246157	5.324611044160571	1.9299551499862757	5.5004940471650725
6.732954321474503	3.1420418664892633	5.70094614169727	4.174050046266664	4.841955590055696	1.4459248613814897	3.652843278537679	0.9919956883219267	1.3043825676447427	0.1250840223636115	3.5479010184837727	5.698593844277148	2.3500749790423034	5.690364392655882
6.629844614730555	3.1420418664892633	5.645449679030585	4.126436802189132	4.956871178350522	1.3983116173038233	3.5025876983361153	0.9919956883219267	1.339722559550823	0.16778868762653068	3.6695257129933005	5.805666837450594	2.647824406311426	5.710913421212761
6.526702934592422	3.1420418664892633	5.591136898271083	4.077607902810472	5.014451202060478	1.3494827179253572	3.4450076746261713	0.9527926164421471	1.339722559550823	0.2497532562719341	3.6695257129933005	5.806388274691784	2.7533969261051725	5.6649646423104825
6.384597573938924	3.197784712013861	5.449031537617802	4.133350748335215	5.016369942618126	1.395301004450876	3.3873460885439557	0.9069743299173636	1.339722559550823	0.2925716503269753	3.730498873653304	6.359012789338252	3.3946550168638683	5.745251638009856
6.271529605629116	3.310759345946714	5.4420139372104845	4.140275014365328	5.018278832993219	1.3463909560277285	3.3296028837155855	0.9069743299173636	1.339722559550823	0.33544700738748817	3.859477548269745	6.625497302042267	3.4462480530797106	5.780310184854684
6.120434135603465	3.4227028574022103	5.38743505275038	4.15570194025539	4.906335321537715	1.2957606944572644	3.3296028837155855	0.8610880059220203	1.339722559550823	0.33544700738748817	3.9317238750763477	6.8585474662813475	3.7819740863352633	5.969915717444214
5.9690011980087565	3.478812291512397	5.283446104657374	4.164367384863712	4.890677354169033	1.2483167049552188	3.2891514169738993	0.8610880059220203	1.339722559550823	0.33544700738748817	3.8811195130691565	6.923937170052193	3.913190972642574	5.814113070797554
5.815705561579645	3.536073598113002	5.189037915893372	4.162741243799197	4.832963733555773	1.292645018022635	3.346865037587151	0.7758706526955669	1.339722559550823	0.3747099064817723	3.8368454514484163	6.837600387141714	4.1052708637650035	5.945639060735037
5.697776192403121	3.607051796749303	5.189037915893372	4.115790073259114	4.879914904095812	1.292645018022635	3.346865037587151	0.7758706526955669	1.339722559550823	0.3366020464572238	3.965483311204545	6.842476267996863	4.112878075901407	6.018945896051374
5.4925960808676075	3.723695366046878	4.996760664571386	4.219530782343106	4.783215792240265	1.3436632672275002	3.3873460885439557	0.7723750516756275	1.2827153408300023	0.37954126571704283	4.036659505191294	7.495568760737949	3.295079545961741	6.209779447397656
5.388366965856323	3.723695366046878	4.892531549560032	4.219530782343106	4.783215792240265	1.389759780095082	3.3873460885439557	0.7262785388080469	1.2827153408300023	0.37954126571704283	4.098540643547993	7.737263039303754	3.186440233057254	6.076124938940504
5.2336608885294496	3.8939247752968678	4.844496114631745	4.283089549194474	4.710983794940522	1.3406054986898948	3.346865037587151	0.7262785388080469	1.2827153408300023	0.37954126571704283	4.1266835940558195	7.5522573744223065	0.6578740532171358	6.649754880625836
5.006776279023839	4.072072455794235	4.795759185623711	4.283089549194474	4.710983794940522	1.3831270537663929	3.346865037587151	0.6837569837317365	1.2827153408300023	0.37954126571704283	4.806193145204112	8.012933234231088	4.408692355115461	7.679474326162656
4.897871186889326	4.188640853308195	4.746927267377286	4.339584772820122	4.654488571314847	1.3831270537663929	3.346865037587151	0.6837569837317365	1.2827153408300023	0.37954126571704283	4.9415818946239245	8.33295317002476	4.927264082079856	7.474932600804901
4.470900737420293	4.425922852748893	4.557238817349222	4.339584772820122	4.694888209246702	1.425580201150408	3.36379774505042	0.6413038363475407	1.2253829954349993	0.37954126571704283	5.445992801011422	8.301338201193104	5.0521820515805915	7.751857436466302
4.372015667251562	4.425922852748893	4.458353747180471	4.339584772820122	4.735206639455793	1.425580201150408	3.3234793148413817	0.6413038363475407	1.2253829954349993	0.37954126571704283	5.638397755074801	8.211787585129924	4.883181033594634	7.768486426484658
3.800170867066746	4.8984954020606555	4.359081496307313	4.339584772820122	4.735206639455793	1.4717338692874675	3.3234793148413817	0.5951501682106247	1.28239021415611	0.37954126571704283	5.457534747854246	8.202490037870678	3.474030327952371	8.028218187232147
3.738817601603703	5.015896099592849	4.415128928376205	4.339584772820122	4.735206639455793	1.4717338692874675	3.3234793148413817	0.5951501682106247	1.28239021415611	0.37954126571704283	5.2695353406691074	8.320398725030078	2.569136263748438	8.158145589507384
3.5201355007421817	5.191108389018611	4.419179012100887	4.292064877659975	4.67763335531198	1.4242139741270798	3.381052598984913	0.5951501682106247	1.28239021415611	0.37954126571704283	5.329597994866188	8.129316935057206	2.620676955348253	7.816769703160905
3.412013362823594	5.239681703657553	4.369224919187672	4.282470147293554	4.687228085678652	1.4242139741270798	3.381052598984913	0.5951501682106247	1.339463936573986	0.37954126571704283	5.398768027917426	8.088865744391505	2.8811080925999755	7.760457292309005
3.2382140554602934	5.41348101102092	4.369224919187672	4.282470147293554	4.629735749803987	1.4242139741270798	3.4385449348597663	0.5951501682106247	1.339463936573986	0.37954126571704283	4.043325518273561	7.796878000152674	2.6891612716934192	6.421144869451452
3.130462866576837	5.471179963032605	4.319172682315989	4.282470147293554	4.589358545099582	1.4704360233665688	3.4789221395641863	0.5489281189707778	1.339463936573986	0.37954126571704283	3.693158860587107	7.623185738272827	2.5042820658002944	6.2227963020215435
3.1380112248599388	5.469958922945886	4.318255144960705	4.289715002845334	4.532880633174498	1.4212029669934885	3.4789221395641863	0.5489281189707778	1.339463936573986	0.37954126571704283	3.502422082697639	7.12935233947269	2.7690765818510688	5.6925197092574145
3.0877620611417402	5.516749692230499	4.317320695739501	4.287191057632494	4.486089863889774	1.4142613447556762	3.4789221395641863	0.506555026710793	1.339463936573986	0.37954126571704283	3.5228785037107664	6.963750842714429	3.239311350862581	5.702082318508946
3.0374141140682833	5.516749692230499	4.266972748666337	4.287191057632494	4.486089863889774	1.4142613447556762	3.4789221395641863	0.506555026710793	1.339463936573986	0.37954126571704283	3.5228785037107664	6.851985656757986	3.1725137309363216	5.689323446328343
3.5236891734183517	4.991744402339603	4.171689833195089	4.34374374256281	4.429537178959683	1.4142613447556762	3.4789221395641863	0.506555026710793	1.339463936573986	0.37954126571704283	4.9574095140082575	6.801958758379069	0.5525724197963559	2.8084760031036997
3.8796025020901515	4.631777175161871	4.168387287502034	4.342992389749873	4.342398064409772	1.4131136394147583	3.5193804411548544	0.46027056627985236	1.339463936573986	0.37954126571704283	4.892387657050049	6.5249997749898	0.4482742281221134	2.4978387441455348
4.110133232566395	4.54506667539804	4.266472522680242	4.388727385284267	4.2493125451623905	1.4121160208994952	3.5193804411548544	0.41391766108130695	1.339463936573986	0.37954126571704283	4.431827248760291	6.24425306529255	0.8002748482498049	0.9985431504790724
4.349164648192252	4.35244038752896	4.266472522680242	4.43513251304102	4.202907417405743	1.4121160208994952	3.5193804411548544	0.41391766108130695	1.3060673540779126	0.37954126571704283	4.208206749823737	5.873436774864667	2.0217047875645657	0.7646932090957439
4.469400118479589	4.278518570819633	4.266472522680242	4.4814461666189525	4.156593763827836	1.5050275300033296	3.5193804411548544	0.3210061519785312	1.248956229905838	0.37954126571704283	3.7829088799085517	5.319946904411267	2.1950517671479326	0.7741992849308613
4.4149537810717305	4.338696477125557	4.272204091578557	4.4814461666189525	4.156593763827836	1.551586315885703	3.5193804411548544	0.3137102651920443	1.248956229905838	0.34027836662331307	3.750823130838094	6.121377337359046	2.217360113587596	1.873364433409513
4.131704115099903	4.6334739194511165	4.283731867932196	4.4814461666189525	4.156593763827836	1.6449104045490957	3.5193804411548544	0.17673028768603471	1.248956229905838	0.38393425546451154	3.2630984365657922	6.0750616030390585	1.8020789927135707	1.740876959958701
3.960535859871352	4.810438625347322	4.289528318599997	4.4814461666189525	4.156593763827836	1.6916758887374856	3.5193804411548544	0.12996480349840425	1.248956229905838	0.38393425546451154	3.0456788320866304	5.952490382769369	1.4076946823384822	1.8664684909420208
3.9663541825349307	4.753975853056723	4.34473637549201	4.375593660099931	4.213056536118343	1.7360244553709916	3.5193804411548544	0.07988239148035974	1.248956229905838	0.3832747749187739	2.065907407378407	3.9222584339277256	2.881916086573417	2.4403540797630434
3.7304999234121117	4.94349825002895	4.394207734302995	4.279790439138183	4.259388398269208	1.728790859618456	3.5193804411548544	0.001618270685698066	1.28239021415611	0.4225376740123798	1.9067189056304021	3.7411946720245264	2.486873325702721	2.5656464343487375
3.4585276491582566	5.061609357746749	4.240346567766909	4.279790439138183	4.259388398269208	1.728790859618456	3.5193804411548544	0.001618270685698066	1.339463936573986	0.4225376740123798	0.41561334292149	2.5066836284559186	2.2002931565545967	2.18199047194391
2.991061326790387	5.482652455962219	4.145577708867424	4.328136073885191	4.248342072824342	1.8705253437451979	3.576849990751942	0.0485838958983025	1.339463936573986	0.4655913371464696	0.37541312204720356	2.5084876233392293	2.21159340327458	2.021572433930544
3.1577730908838024	5.321425988876254	4.206495653027146	4.272703426732819	4.310713576763736	1.8758023809145616	3.6174185619428734	0.006353505095545161	1.3060673540779126	0.4655913371464696	0.25720815359710547	2.4956608214227245	2.0320973649262317	2.1332574609234056
3.0996050473391024	5.426126601605799	4.206495653027146	4.3192359959177065	4.264181007578917	1.8758023809145616	3.6174185619428734	0.006353505095545161	1.3060673540779126	0.5087023208422494	0.0037889440381590313	2.266292707999286	1.4686089807879148	1.886537669812324
3.150881160305977	5.426126601605799	4.208290008611187	4.368717753300283	4.264181007578917	1.9252841382972299	3.6174185619428734	0.006353505095545161	1.3060673540779126	0.5087023208422494	0.12834391106484494	2.0727773667529372	1.6620075310373135	1.7006143275373482
3.194840803176337	5.4844132341065	4.310536283982386	4.368717753300283	4.264181007578917	1.8314074048235343	3.6174185619428734	0.08752322837648928	1.3060673540779126	0.5087023208422494	0.06194135913304112	2.0063021939674193	2.152813768192942	1.643138431758543
3.0783861271309085	5.600867910151867	4.26113659173441	4.418117445548242	4.264181007578917	1.78720704801754	3.6174185619428734	0.18112327743191683	1.3060673540779126	0.5518706907354608	0.1310417522456017	2.069215412780081	1.8408167075583126	1.283455984076487
3.4980128101653367	5.486265470200476	4.523923170766165	4.460355109599718	4.361065626765658	1.652966376415707	3.576849990751942	0.41391766108130695	1.3298194711471605	0.5518706907354608	0.05816828408221004	1.521146637395127	1.8353693219747078	1.0870960052553882
3.7569931301241253	5.428097186110752	4.626508185752568	4.558582130482322	4.361065626765658	1.6585560316690653	3.576849990751942	0.506555026710793	1.3298194711471605	0.5518706907354608	0.12374879140829186	1.337483913468056	2.07697327789794	0.932643598522259
3.5828423609174687	5.536383302474934	4.576136854206585	4.543088809185753	4.46741760657823	1.4326528268550085	3.5363626637819636	0.782829563071234	1.3298194711471605	0.4655913371464696	0.2978995606118273	2.384901480663564	1.7849223270715198	1.033878867184745
3.5250276788258366	5.594197984566566	4.576136854206585	4.543088809185753	4.50782389282496	1.4291894182680933	3.4959563775351548	0.7862929716578068	1.3298194711471605	0.4655913371464696	0.6040107385009702	2.731929517759821	2.0891775009270757	1.3608804180243264
3.632049658801287	5.538172684814698	4.634332115522832	4.535890228093338	4.604174641106608	1.3866136812351644	3.39829858361017	0.8776954273510021	1.420577506818256	0.4225376740123798	0.6664863261228061	2.5000875784966614	2.6138583284202532	0.9600161555947648
4.582820147613634	4.789105348226151	4.68804643796348	4.683879057876444	4.576465054265969	1.2181925007562397	3.472518752845855	1.2406160200070762	1.420577506818256	0.37954126571704283	1.617721832950169	1.651174194188395	4.050951915261022	0.9444127786891002
4.859873268250045	4.610647613623075	4.6906771613650085	4.779843720508239	4.462321362689507	1.1791646867142853	3.586662444422246	1.3319462497943324	1.420577506818256	0.42320351260428235	1.8239826105892933	1.6599974645839053	4.427558272913783	0.9274942410768301
5.112708763020763	4.442017709653965	4.693796408771652	4.860930063902994	4.274071193926388	1.0594002331463976	3.9220644320770806	1.644608873741949	1.261066315770143	0.42320351260428235	3.824164289706831	2.3751491901880946	3.6431706667176953	0.6967740466681694
5.362674921055665	4.387694313118891	4.944730619952731	4.805638614221849	4.273396509062002	0.9287062727411121	3.978508816578735	1.775781084103084	1.261066315770143	0.38504529709687224	4.114882221426233	3.00276757055644	2.7071388645413834	0.43413717930277573
5.288867661662864	3.6841286359985492	4.992613375634946	3.9803829220264486	4.691037955148975	0.6206398937864475	4.421869145919587	2.0843241215395505	1.124803573092514	0.3468297976092225	5.417440984016561	3.996597312224395	4.435891388429864	0.6485223264450729
5.277316284627567	3.736406685211633	4.945227574298492	4.068495395540515	4.668315679872238	0.6724722904508488	4.452128072847597	2.0845384579346526	1.124803573092514	0.39043218971502336	5.477255684880826	4.098846973587033	5.142892899951099	0.8156723331622933
6.064638828491119	3.576086298528086	5.355213716387733	4.285511410631528	4.6092274057321	0.7903772532956499	4.616454522019742	2.3460785170642406	1.215726179224456	0.38098458933722756	4.735409763145757	5.652617484822678	4.3165496341698395	1.7836559452683076
6.205019362700739	3.5221198893781502	5.401515664537737	4.325623587541459	4.648552296601736	0.8844558393549997	4.631096040299741	2.30253590714476	1.2829877228701827	0.41982340427696707	4.6639085517773875	7.212213988154157	3.4752476534878918	3.1017095055847155
6.551282497658441	2.7358665404810343	5.221113008972464	4.0660360291672	4.707697952140005	1.31136645903082	5.230295513001697	2.3015801350344978	1.3536679009752113	0.4159176295260278	2.801696752434496	6.713664891540267	1.140241790953355	5.504498286871007
6.700418884375595	2.4880309334097626	5.088073411042038	4.100376406743566	4.602130835018451	1.5509508437871273	5.5836982371946	2.300748471285447	1.3871980270146826	0.459340893165809	2.6415957427191077	6.070343284947157	1.2200424631938396	5.256957141636494
7.368492403585368	1.7552140982273559	4.8641749731668025	4.259531528645859	4.358998586310376	1.9554080874204265	6.143235671520335	2.5572659308106336	1.6298278054797506	0.5020390350306702	2.4744111518698975	3.7709384729715754	1.1157380898884734	3.49631718592021
7.49596800708854	1.4912166908897404	4.642391979896272	4.344792718082406	4.199575509325331	2.1463948148552703	6.301272365458309	2.5566848609166657	1.7797223563293327	0.545402734730031	2.461644232470038	3.5271442101218544	0.8219509356352541	4.203637920856512
7.6230335257331685	1.084381208303478	4.378012731122732	4.329402002913512	4.296095839750761	2.790661608850459	6.198480344167937	2.2471094867069987	2.136076182148808	0.6738378505135876	1.4296678596974464	2.6490075874144776	1.359744738521977	2.743685219174022
7.156666523536467	0.6286741570794268	3.8798944964542597	3.905446184161442	3.7461875195224508	3.5601645058338622	6.85075446543037	1.785384960374831	2.5480297047482985	0.45642298474385073	0.025635219863104113	0.11647950957684622	1.0951112450287417	0.5725715404576748
6.76442438704389	0.6323758628254629	3.5968153930994187	3.7999848567696097	3.845342284141553	3.689769456187341	6.788181012776105	1.611185096918408	2.5442232695220275	0.4520835642631575	0.3439268218200489	0.6869769533433757	0.4207546341926249	0.2994848704485056
5.2551414855948755	0.2537894164017381	2.9044835237108964	2.6044473782865287	2.786955870190461	5.8715961049794565	0.4220965457128617	7.827480569685806	3.403105825637689	2.5648302672481718	1.8819265105389495	2.2761112293178987	1.8951084391889401	1.6144467787776713
4.814811544799493	0.5379378339346691	2.5504666123686537	2.8022827663650767	3.321040594920611	5.070470890946155	5.672881869208795	2.634870630346886	3.590460501378774	1.3518332626576135	3.2836953225093115	2.352168158632956	3.121517361455975	1.9697463011287424
1.2522836287621977	1.7919204655000658	1.9650666825700682	1.0791374116923493	1.3903940960900747	6.075454821740828	2.8261165889800846	7.747003819551465	0.17528774034914565	2.0120376120606203	5.01400189220035	3.2415827561851365	3.488964428317042	2.3320016669498465
2.0761465250509783	1.6499977425353103	2.2156491442526516	1.5104951233339243	1.2663535426155386	5.418339019049289	2.3323985691811298	8.80628523955805	0.029516628621285117	2.0700810964382055	5.4201369672110715	3.3564642108057554	3.5783418795280144	2.401966437081539
1.7588891381331555	1.6749936158786283	2.253074458255751	1.1808082957558144	1.4580233163292984	5.868065213419536	2.45990851071658	8.218541991323354	0.02912158464416167	1.5046357563785502	5.578113334180399	3.513154078018989	3.3288856880200255	1.999432102046636
1.1876162364071674	1.961713202431039	2.0723411891981556	1.0769882496393823	2.8345993539383794	4.867710132068593	8.744335465310618	1.0718764479220366	3.2655776355425004	2.4520864149682313	5.295791691824286	4.107122498384063	4.43977562328364	2.0326695541912807
0.26476652648036236	1.4587855860916463	1.580062229011344	0.1434898835596936	3.6269427115741224	4.4924165235608395	7.4450647800497185	2.5017865600184965	1.771427347108492	1.4818577393951806	5.681060893121511	3.758779658960842	4.217200791377615	2.7475603208164947
3.9494299600487923	4.452040662815852	0.8728990244822781	0.37028832171391185	5.089835901532239	3.63912372880892	8.984473122541782	1.5234957072301603	1.904269799410391	0.1730356163351761	3.414381788164953	0.9311033246528253	2.2965622994857244	3.381828187000108
3.9636546708230105	4.3664546828689845	1.1857568695139278	0.7829568574679353	5.450649600895847	3.4040740645496297	8.869274454026469	1.4911607932549729	0.8000876611412038	0.19993019010765672	3.098914285121702	2.0792310201748276	1.723210504712355	2.967227879257096
5.2593360812019725	4.188412019189479	0.8945861809036434	1.9655102429159554	4.807855271988122	4.21889379960326	2.036741932669988	8.424891480218315	0.2216064513214433	1.2371848487870964	2.072554173766973	0.9339194925341563	0.13128689148872827	3.1828040561102675
5.089714417265739	3.8248235664639654	0.8839840625356309	2.1488749133368286	4.8084385085111885	3.45387503076757	4.540816358223846	2.5650963371256985	0.021594370160169653	2.7644165594107606	2.2483832668414987	0.45466440010786136	1.135789137157792	4.105394207448964
4.601727467104942	3.932767801336272	1.1502240853997399	1.819183751168146	4.952293946215885	3.182738616851399	4.956839138329776	1.534624959457973	0.35483403446164546	0.19218206046531286	1.7650280423678189	0.8994297139295372	0.523783654451486	4.035061139614506
4.612737749402275	4.02614631746294	1.3162129007713	1.902804332710561	4.8084385085111885	3.3303028630175957	2.695576776683627	2.0180484205838156	1.9041905266860386	0.25916838714844	0.9842574127945874	0.5587369011645864	1.3384360806528044	3.2014967593812425
4.198598180330616	3.8392201200085094	1.4880673960387827	1.847445456361196	5.032131368897285	3.144108171790085	9.366915986873602	1.6712716601963078	1.792781785588739	0.35703118269172673	0.8219856278258446	1.0444809926621068	1.3679487295590906	2.8548178135374433
4.33907275826585	3.988969853308957	1.543081930547063	1.893184835503934	5.2120516588877575	2.956563320772053	9.784087841927978	1.6845840945556476	1.511744914288924	0.22321596164195875	0.8789177873898215	1.0961857914938025	1.961694451419156	2.603614132509991
5.124087749001243	4.523794120777672	1.6447844103580311	2.2450780385814753	5.236996826357705	3.7032926413991456	2.1913542052728214	8.322010410506225	2.2527348319601828	2.172076411430888	0.43224750587735705	1.7939090912763178	3.304294050196577	2.341214722893537
5.096821413727152	4.611117047085598	1.7555535144360395	2.2412578810778325	5.279979288335382	3.655413527288665	2.5352075752150647	7.697443154284217	2.615323313423959	2.3051432958821487	0.1951600524106163	1.4811038362464173	2.702644589201078	2.039939884888362
5.656037672972516	4.738203633778575	1.525267401424845	2.443101440618801	5.5765735478214635	3.838466540145668	1.9966958825468528	5.939875174331962	2.6763227915194654	0.2770107362825086	0.2577550161114332	1.1994091716411934	3.4793287802223634	1.2417364174582002
5.994221867046562	4.9475990976058055	1.574128672012076	2.620751441452741	5.664622222981944	4.068774229284357	1.95061511425223	8.962445772197492	0.569929065304872	1.663174707425271	0.1952728792975314	0.8968550395126726	3.5729596677615887	1.2470618997332972
6.309948597252483	4.947229765119059	1.4724700842672511	2.8351889164005875	5.833041755749362	4.159875785265904	1.995955338648192	6.910412642594581	1.9163774889758203	0.6598222636444101	0.8984078722062343	1.0084990513190235	4.485316571440582	1.0417361354530332
6.4157991439110695	4.924568217459608	1.3409631642903233	2.8321940907413463	6.015922594517814	4.15387768202823	4.6634763247632565	2.4658561273750825	1.6122808708566545	2.46346063209452	1.1974119917388724	0.7719198299025996	4.558850209913789	1.3558360534948815
6.229524901613893	4.826943440186187	1.5571094555698621	2.959690916997817	6.194012131885553	4.248254585113084	5.383719978081685	1.9338501517878721	1.7629201386370585	2.75813885577255	2.3974931024248813	0.34650486854332485	4.384046110245684	0.13338840742917232
6.312094658254371	5.0576784281181775	1.6150974007393941	2.8695136308752325	6.1498733237818115	5.305562436067501	2.3920260642414815	8.064091120675082	0.043481800172509556	1.9243974471063354	2.8489056450613512	1.147079327659601	4.822232222191654	0.4213518376419384
6.253950093971538	5.131230307054261	1.70659063853375	2.8293104254511237	6.151769386632692	5.502514893709039	1.857861311728699	8.254128455601531	0.013153465559897735	1.7698624586311689	2.904056131438981	1.4939803926265773	5.08624487032505	0.18855792059652152
6.410651527643636	5.3920601186942365	2.005733747056497	3.0243251560056823	6.004687252368499	4.913827868314087	1.6388152789495494	8.259276451633815	0.2805802260766204	1.7119588436002584	2.5545834131738165	2.806506069384409	5.36102338243907	0.10226436988395209
6.406609134074817	5.571724760329844	2.286410535364173	3.1212949091090456	5.8173748276439	5.015402025900434	1.643407358483832	7.886003771057623	0.28103814669867316	1.9730482329494654	2.82001747023796	2.8545291526390777	5.39048880801332	0.029363625636591808
6.3384450869692035	5.596622629471967	2.384143630155532	3.1259660876526874	5.7755313117683835	4.7724430546636665	1.6874906147361783	8.027149875502895	0.4172131566839088	2.0624158809187083	2.915355504825172	2.6719362432019538	5.532136931009925	0.3262000705241879
6.368805280286039	5.5721556209279255	2.329495174602196	3.1261448339601925	5.869964680074808	4.863544405976893	1.7298227358734506	7.948095368629983	0.543350300314383	1.7274443487755171	3.1532662609477033	3.7825126381623684	5.393585904918944	0.2842931241112771
6.466983682136693	5.5644229344967835	2.2720725070843866	3.174633254724108	5.918453100838851	4.765781833863174	1.6905610321145388	7.990599132978239	0.19300849145364637	1.6364624739353588	3.26896723654355	3.898863259243877	5.38768508566139	0.3959952800097003
6.554873706259443	5.696673982139885	2.32310982084361	3.181309544963099	5.925129391077754	4.717010089177294	1.6463496382119391	7.9478594877314395	0.06304060080542732	2.0082183376617766	3.482420723606056	4.5284875099512645	5.320483022090583	0.41147005015866794
6.469826744546335	5.607470331335976	2.4141844047817225	3.2765408179923163	5.927754611091128	4.670419797164931	1.648214612932143	7.9667162253754675	0.022829335952689905	2.12411139582909	3.503591076294823	4.808125982652138	5.137205857294654	0.6449820632021102
6.308019798298669	5.907158674278256	2.756796958989489	3.1576580830102072	5.668628937936017	4.627793344995079	1.643407358483832	7.72217879001231	0.10441132772372108	2.4182084785448796	3.6423822108836204	5.5882485822723975	5.044320453401492	0.9720468688696834
6.298160464524173	6.087142217080983	2.9492807603629885	3.1602990078062323	5.618502548467614	4.528449030049166	1.5540312561066405	7.679379688316253	0.020512973828672638	2.305236235471239	3.5485112777799546	5.819243502737018	5.241648531275003	1.0273711148031086
6.1962931141902615	6.245431996420834	3.0857517168699093	3.036612834639128	5.486991695147296	5.276704962699967	1.4185171136158516	6.824277596353109	0.15200702164560043	2.121766622403645	3.5491363105650087	6.222295486065616	5.257842907389541	1.0580726373059939
6.122266725694835	6.4107327268271606	3.1428596065777854	2.8543936054454657	5.483610310018785	4.913110373916469	1.2789019052962443	7.27944373352071	0.06192668212422153	1.7925837618107694	3.507994257205262	6.395850821234098	5.284308411092136	1.0453787999249242
6.265829575104167	6.684633662461511	3.3703105797075774	2.951506492350118	5.3392275390748845	5.684592711067677	1.1918227689434648	6.278621630163378	0.030053139734205037	1.6334197774740467	3.713345666529717	6.516279316987999	5.050089659604268	1.3553534977742607
6.232086629829734	6.88087483070658	3.5131889457534102	2.864400744876467	5.1092434255553645	5.270600452303098	1.1870433715140294	6.494516426250534	0.034832537170371984	1.857810474530306	3.4780336995818533	6.638856293705119	5.07579868709626	1.5421506430222551
6.362303911358789	6.903818671524243	3.4061550338901037	2.864640273724528	5.1092434255553645	5.1110908680318925	1.103971394565404	6.745297871606302	0.22248015917011438	1.7316178998457732	3.4311378751503936	6.586849472225815	4.9129760083512375	1.6615008192887712
6.418842521200597	6.917291742038784	3.454020771837501	2.9555715509992835	5.152308964882727	4.962952053823247	1.0601358080070624	7.047687894877656	0.17011965753073602	1.5641821375880065	3.5105382717842897	6.5255141411676805	4.890114221559277	1.6001654882306993
6.289169551848746	6.830684312014287	3.454020771837501	2.912506011671859	5.019903876960823	4.713558549414496	1.105699741293268	7.297081399286466	0.1735583791597744	1.542370831053735	3.2769131153614053	6.464296922309398	4.242647589883251	1.6028954905321275
6.2328933825341215	6.726489557883434	3.4061550338901037	2.912558858540646	5.021615692153671	4.7117658940177805	1.108190794874153	7.291371842313204	0.21962528313813745	1.723184408888537	3.127981985800703	6.464296922309398	4.335302550129184	1.5419445828889453
6.2328933825341215	6.769619527623964	3.358209587173818	2.821483442083833	4.932348429956797	4.717396068763734	1.1543280873301367	7.333687114283749	0.17685906220078929	1.723184408888537	3.1157471409060524	6.464296922309398	4.461772004502931	1.5419445828889453
6.2785341084902715	6.865525793369135	3.408475126962569	2.821483442083833	4.8892011960206965	4.618275709578767	1.1974753212660092	7.488175423785637	0.13821556668162835	1.6333397141935053	3.1653955746234064	6.514562462098296	4.508029836530758	1.4811294187658153
6.318086416339343	6.905078101218238	3.408475126962569	2.821483442083833	4.843128735834809	4.618275709578767	1.1998918926104107	7.488175423785637	0.09455967784421511	1.4730074608819088	3.1463607776377023	6.514562462098296	4.5094380140060775	1.6085911791169796
6.357561126829821	6.944552811708732	3.408475126962569	2.821483442083833	4.843128735834809	4.568825373379461	1.1998918926104107	7.537625759984871	0.18406474632040257	1.5077233003600088	3.1187353848480077	6.453463153962623	4.405739665907159	1.6083196981322234
6.45320023361008	7.040191918488991	3.408475126962569	2.821483442083833	4.843128735834809	4.477014065965332	1.1998918926104107	7.629437067399091	0.14960082953613932	1.3602259177980653	3.1101843842451085	6.453463153962623	4.396676565370763	1.6718539799152734
6.435484205440931	7.1274099862653655	3.4654830278853126	2.773557247060786	4.795202540811787	4.477014065965332	1.1998918926104107	7.629437067399091	0.06859874644265963	1.3039378357519495	3.103781565442104	6.510471054885152	4.385927527483635	1.7352533409080189
6.456729021321003	7.162625111906039	3.5225909175931536	2.816694827008324	4.838340120759232	4.477014065965332	1.1998918926104107	7.629437067399091	0.11116354016375884	1.395010537163047	2.7883892700613764	6.208486222072217	3.3007102143454357	1.7521388987190123
6.456729021321003	7.162625111906039	3.5225909175931536	2.816694827008324	4.838340120759232	4.477014065965332	1.1998918926104107	7.629437067399091	0.06859874644265963	1.4860147954567562	2.4635225169214503	6.087790438211817	3.46647727782826	1.818840685448992
6.5519953860169595	7.257891476601908	3.5225909175931536	2.816694827008324	4.838340120759232	4.427698861158327	1.1998918926104107	7.6787522722062596	0.06859874644265963	1.6333397141935053	2.456606025274395	5.972113614330687	3.5072732131631583	1.8265040313438299
6.501855500803986	7.209972891785695	3.524705515366621	2.8165881243847726	4.886258705575372	4.475724148598097	1.1998918926104107	7.6787522722062596	0.10703019228267385	1.780729433143855	2.456606025274395	6.02225349954374	3.498658515614774	1.9498482025214878
6.55813720947467	7.266254600456482	3.524705515366621	2.8165881243847726	4.886258705575372	4.525039353405104	1.1998918926104107	7.684874824212917	0.10703019228267385	1.816153655386218	2.5430348834659933	5.962187702798556	3.574624151843315	1.9517208972158655
6.539869735428023	7.305181913378837	3.533795042227003	2.7684828642763506	4.886258705575372	4.573144613513582	1.1998918926104107	7.684874824212917	0.06440236523707339	1.7818498875865245	2.6844389741522887	5.95943309572893	3.366034588329922	1.9535775108651634
6.489843155317102	7.305181913378837	3.5838216223379264	2.7684828642763506	4.886258705575372	4.573144613513582	1.1998918926104107	7.776381295891136	0.06440236523707339	1.4737650693768747	2.4779600705730296	5.655773619497185	2.739812589087883	1.9679610921088635
6.332835720817629	7.305181913378837	3.692643692126049	2.7202974995648987	4.886258705575372	4.621329978225132	1.1998918926104107	7.831927467650768	0.06440236523707339	1.3835725445990625	2.4779600705730296	5.638564268984152	2.6377173826642752	1.9160382529449433
6.315462538122642	7.287808730683802	3.692643692126049	2.7202974995648987	4.886258705575372	4.283962473955655	1.2435477814520497	8.224910858268725	0.10805825408175114	0.7199473213220662	2.474650652817119	5.464667264212407	2.521993951490966	1.9843805296771102
6.315462538122642	7.287808730683802	3.6450200208503762	2.67267382828918	4.975478399697328	4.185139549401167	1.1543280873301367	8.371357454098755	0.06537316920897418	1.6949183326907065	2.474650652817119	5.523597027063815	2.572769476326713	2.1035459654046003
6.354266095387538	7.326612287948748	3.6450200208503762	2.67267382828918	5.06782246177699	3.845963695000243	1.193310943159863	8.19512115945824	1.7247611710112276	2.6253203463913573	2.4697302071921805	5.232502095315053	2.5657179543810886	2.113618878028863
6.296912981897787	7.326612287948748	3.654108607415681	2.624409301364914	5.1604448197131605	3.6592254853705164	3.3845186705135926	8.228564215890607	0.34758250856651157	3.1772303432421403	2.4838073897414827	5.175194937722875	2.4504145006809215	2.0585475801586064
