0	1	2	3	4	5	6	7	8	9	10	11	12	13
7.951349091455453	3.479477985517392	6.80289052461732	4.627936552355545	4.638855722914591	1.5936377050610484	3.861132289760628	1.5763588942172808	1.4644133972398765	0.23010818120729323	2.253370517840964	4.27248449423153	0.5954374624993206	3.914931145877418
8.00808972990947	3.4309619310889734	6.802810413964877	4.636241247033378	4.461135563660626	1.593717815713259	4.030627864988981	1.5325767202960663	1.4310010723012292	0.273890355128363	2.1966298793868773	4.27248449423153	0.5447481504344854	3.914931145877418
8.064713593175235	3.382592179791796	6.8507566617799	4.596549111187098	4.355590947144823	1.5457715678984334	4.184967808916146	1.4888545461101674	1.3739516329209716	0.317612529313795	2.1400060161212147	4.276852266657902	0.49397740886913455	3.910563373451232
8.12122093111002	3.2787481099721836	6.754622893747969	4.645346147334299	4.346644590361025	1.641905335930174	4.298371037355134	1.4888545461101674	1.3168314931511433	0.317612529313795	2.07728451380027	4.276852266657902	0.4369109569626213	3.910563373451232
8.174945898128888	3.1220513230443245	6.706435104257234	4.590562116915811	4.40855691824979	1.601802574822978	4.374841081770948	1.5334828498210002	1.281420940755498	0.3186463639847937	1.9674890729660828	4.276852266657902	0.3349133272471248	3.9594370978830966
8.119099843952025	3.074516118646621	6.698615270517101	4.4950006920814625	4.45609212264751	1.553776354386208	4.431996751760535	1.5334828498210002	1.2811026144042839	0.3186463639847937	1.9614067393042285	4.221006212481007	0.3288309935839677	4.006000579286584
8.119099843952025	3.1300737209310987	6.698615270517101	4.550558294365775	4.400534520363378	1.553776354386208	4.431996751760535	1.4898804577153109	1.224265270765139	0.3242779601051931	1.9055424156348457	4.225359221220051	0.2729666699161976	4.048131623526702
8.119099843952025	3.074516118646621	6.698615270517101	4.4950006920814625	4.45609212264751	1.553776354386208	4.431996751760535	1.4505451600563481	1.224265270765139	0.36361325776401376	1.9055424156348457	4.225359221220051	0.22204118359432465	4.048131623526702
8.063339343253599	3.074516118646621	6.642854769818639	4.4950006920814625	4.414951904560801	1.553776354386208	4.473136969847248	1.4505451600563481	1.224265270765139	0.36361325776401376	1.9055424156348457	4.1695987205216625	0.17620411057271848	4.048131623526702
8.004513772315528	3.1333416895847392	6.642854769818639	4.4950006920814625	4.414951904560801	1.553776354386208	4.473136969847248	1.4505451600563481	1.1907866287959037	0.36361325776401376	1.9584161616450029	4.1695987205216625	0.22116919301664512	4.048131623526702
8.048412520612011	3.1333416895847392	6.686753518115128	4.4950006920814625	4.414951904560801	1.553776354386208	4.437761605378206	1.4505451600563481	1.2261619932647696	0.36361325776401376	1.902756710182981	4.213497468818129	0.1655097415557466	4.048131623526702
8.048412520612011	3.2364200635231466	6.686753518115128	4.598079066019985	4.311873530622242	1.5085400431560385	4.437761605378206	1.4563862919952086	1.2261619932647696	0.4030084370566966	1.902756710182981	4.213497468818129	0.11974543529661051	4.097076828595933
7.945803546250058	3.2951302895885646	6.691042830625057	4.549891005213582	4.311873530622242	1.4151835619971818	4.437761605378206	1.501554712347583	1.2261619932647696	0.3649811268229787	1.905904113096713	4.1695987205216625	0.06418261214668187	4.097076828595933
7.889513168234274	3.35142066760448	6.691042830625057	4.549891005213582	4.353013748708908	1.370082935816642	4.339430529375375	1.5466553385282629	1.2498077174740576	0.3223962644182598	1.9621944911123506	4.220147855199015	0.06418261214668187	4.046527693918439
7.889513168234274	3.398849317972695	6.691042830625057	4.59731965558192	4.305585098340639	1.4109884434084312	4.339430529375375	1.5057498309361634	1.2498077174740576	0.3223962644182598	1.9621944911123506	4.220147855199015	0.06418261214668187	3.997582488849265
7.933411916530799	3.398849317972695	6.783048855201141	4.549212379302285	4.305585098340639	1.4057492610464621	4.339430529375375	1.4628817370191303	1.2498077174740576	0.3223962644182598	1.9621944911123506	4.264046603495442	0.06418261214668187	3.9510984358702004
7.933411916530799	3.398849317972695	6.783048855201141	4.549212379302285	4.305585098340639	1.3607932463353483	4.339430529375375	1.5078377517301689	1.2498077174740576	0.3223962644182598	1.9621944911123506	4.264046603495442	0.06418261214668187	3.9510984358702004
7.933411916530799	3.4544698487280994	6.783048855201141	4.604832910057742	4.249964567585452	1.3607932463353483	4.339430529375375	1.5078377517301689	1.2498077174740576	0.3223962644182598	1.9621944911123506	4.217835788548496	0.06418261214668187	3.9484393681409586
7.933411916530799	3.4544698487280994	6.783048855201141	4.604832910057742	4.249964567585452	1.3607932463353483	4.339430529375375	1.5078377517301689	1.2498077174740576	0.3649811268229787	1.9621944911123506	4.217835788548496	0.06418261214668187	3.9484393681409586
7.877757308632935	3.4544698487280994	6.727394247303299	4.604832910057742	4.249964567585452	1.3607932463353483	4.339430529375375	1.5078377517301689	1.2498077174740576	0.3649811268229787	1.9621944911123506	4.162181180650572	0.11500963815928855	3.9484393681409586
7.877757308632935	3.4544698487280994	6.727394247303299	4.604832910057742	4.249964567585452	1.317921951896003	4.339430529375375	1.5507090461693758	1.2498077174740576	0.3649811268229787	1.9621944911123506	4.162181180650572	0.11500963815928855	3.9484393681409586
7.877757308632935	3.4544698487280994	6.727394247303299	4.604832910057742	4.249964567585452	1.317921951896003	4.339430529375375	1.5507090461693758	1.2498077174740576	0.3649811268229787	1.9621944911123506	4.162181180650572	0.11500963815928855	3.9484393681409586
7.8338381299510145	3.4544698487280994	6.683475068621371	4.604832910057742	4.249964567585452	1.362881167128482	4.339430529375375	1.5057498309361634	1.2498077174740576	0.3649811268229787	1.8568811205497884	4.164472816915727	0.00969626761904938	3.90222855319396
7.8338381299510145	3.4544698487280994	6.683475068621371	4.604832910057742	4.306273564365128	1.362881167128482	4.283121532595598	1.5057498309361634	1.2498077174740576	0.3649811268229787	1.8568811205497884	4.113923682238433	0.04113075841832012	3.9527776878713436
7.889513168234274	3.4070559583843627	6.691042830625057	4.605526295993643	4.3536874547089095	1.4109884434084312	4.283121532595598	1.5057498309361634	1.2498077174740576	0.3649811268229787	1.8568811205497884	4.1695987205216625	0.04113075841832012	4.001647570547585
7.833107416026091	3.463461710592414	6.691042830625057	4.605526295993643	4.3536874547089095	1.4109884434084312	4.283121532595598	1.5057498309361634	1.2498077174740576	0.3649811268229787	1.91328687275785	4.21588387340161	0.04113075841832012	3.9553624176675735
7.833107416026091	3.463461710592414	6.691042830625057	4.605526295993643	4.3536874547089095	1.4109884434084312	4.226001392825478	1.5057498309361634	1.3069278572443006	0.3649811268229787	1.91328687275785	4.21588387340161	0.04628335953521443	3.9553624176675735
7.833107416026091	3.463461710592414	6.691042830625057	4.605526295993643	4.3536874547089095	1.4560150379235792	4.226001392825478	1.4607232364214782	1.3069278572443006	0.3649811268229787	1.91328687275785	4.262250846252973	0.04628335953521443	3.908995444816259
7.77658604422166	3.5199830823972453	6.691042830625057	4.605526295993643	4.3536874547089095	1.4560150379235792	4.226001392825478	1.4607232364214782	1.3069278572443006	0.3649811268229787	1.9698082445625231	4.3086997953293755	0.14836167036483966	3.8625464957398767
7.77658604422166	3.5199830823972453	6.691042830625057	4.605526295993643	4.3536874547089095	1.4560150379235792	4.226001392825478	1.5001184157131582	1.3069278572443006	0.3255859475313899	1.9698082445625231	4.3552308770066	0.14836167036483966	3.8160154140625355
7.732601833448748	3.5199830823972453	6.647058619852183	4.605526295993643	4.3536874547089095	1.5011091075636356	4.226001392825478	1.4550243460733199	1.3069278572443006	0.3255859475313899	1.9198646778472057	4.311246666233701	0.25490914494609956	3.81840522759668
7.791326006175594	3.461258909670025	6.647058619852183	4.605526295993643	4.410077242445954	1.5462707481244455	4.169611605088166	1.4098627055119248	1.3069278572443006	0.3255859475313899	1.916627394139312	4.30719362476143	0.25075699099519927	3.822458269069245
7.791326006175594	3.461258909670025	6.647058619852183	4.605526295993643	4.451084722311222	1.5915000553542467	4.128604125223104	1.3646333982829075	1.3069278572443006	0.2875020303596512	1.916627394139312	4.30719362476143	0.2048830155570657	3.8714912573457694
7.7346929796507204	3.517891936195037	6.695165896131769	4.557419019714062	4.451084722311222	1.5433927790743414	4.128604125223104	1.3646333982829075	1.3069278572443006	0.3301499299893764	1.9232301611749243	4.30719362476143	0.35784846293093237	3.8714912573457694
7.7346929796507204	3.5736194724102344	6.695165896131769	4.613146555929104	4.3543497062309715	1.5433927790743414	4.169611605088166	1.3646333982829075	1.3069278572443006	0.3301499299893764	1.9788241980320551	4.353882682565451	0.3538458435632413	3.8739150039242887
7.7346929796507204	3.5736194724102344	6.743354092938863	4.564958359122048	4.3543497062309715	1.5405016518623635	4.169611605088166	1.3193363286873971	1.3069278572443006	0.3301499299893764	2.034515482820146	4.400654465816255	0.3556774886951021	3.829709215578119
7.865052956459033	3.455009530094489	6.747553475205674	4.5725090113475915	4.355000443889188	1.5375973261342823	4.113140961869312	1.273971401080888	1.3069278572443006	0.3301499299893764	1.8600856349438681	4.403439261002964	0.4075274942315532	3.832131790233493
7.9241260451204045	3.451848839958805	6.795903921066435	4.5800709640127915	4.299088045363281	1.489246880273534	4.113140961869312	1.273971401080888	1.3069278572443006	0.3301499299893764	1.801012546282517	4.450376967935054	0.4594607127720403	3.834551653687507
7.9391601493851525	3.3926590061460353	6.751748191518315	4.5800709640127915	4.299088045363281	1.489246880273534	4.113140961869312	1.273971401080888	1.2500834276038646	0.3301499299893764	1.8534976251512796	4.453242143782544	0.4519023357684823	3.836968771301967
7.95422516148528	3.33335220746763	6.707506404940301	4.5800709640127915	4.3556396081448385	1.5346797614828833	4.056589399087688	1.2285385198711323	1.2500834276038646	0.3301499299893764	1.8501747534830273	4.456104618961804	0.44810195523717217	3.8393831082498355
8.088521499287559	3.1547278271434482	6.663178362418333	4.5800709640127915	4.3556396081448385	1.5346797614828833	4.056589399087688	1.2285385198711323	1.2500834276038646	0.3301499299893764	1.7838119146444942	4.506235801178542	0.4862922731225238	3.9405569785088166
8.103883854056482	3.094950974631328	6.618763864675082	4.5800709640127915	4.3556396081448385	1.580180691832398	4.056589399087688	1.1830375895215175	1.2500834276038646	0.3728545952529416	1.8866196109509472	4.5091765827528265	0.4286387327026554	3.943038360790022
8.119277615267613	3.091061075632247	6.622694486450713	4.587644204449298	4.299634593328555	1.5317489174523058	4.056589399087688	1.1830375895215175	1.2500834276038646	0.3728545952529416	1.8898421448524196	4.461302173306053	0.5235477384201083	3.9497477917309882
8.134702801735166	3.087145635831376	6.578106478983924	4.643741958582569	4.300169385173357	1.6201522473109535	3.9999568531095155	1.0946342596633765	1.2836652602627383	0.3728545952529416	1.8298289509183776	4.464231926888321	0.5763916572238005	3.9022300306820177
8.090027739043816	3.087145635831376	6.58153732569659	4.595636049178545	4.341097371197106	1.5720463379064	3.845000670442579	1.0946342596633765	1.3745040884001456	0.3728545952529416	1.9432717765160217	4.562617401767123	0.6219874596799427	3.8592601933276574
8.033457644114241	3.143715730760962	6.58153732569659	4.595636049178545	4.341097371197106	1.5720463379064	3.7880925765097473	1.0946342596633765	1.3747737748556048	0.3728545952529416	1.999841871445385	4.559549299911254	0.7284367202693719	3.8156769028585824
7.943845549811955	3.1910527485998563	6.588461544884125	4.546436753527919	4.293760353358218	1.5182761541727146	3.8236420421222697	1.051868129908388	1.1133336269870433	0.3728545952529416	2.0567117576522937	4.662195575307694	0.8318782085518971	3.8751059688688483
7.8422192590944	3.2949859689548378	6.543524110754119	4.593681117295034	4.2873631275360715	1.5182761541727146	3.8182739083342314	1.051868129908388	0.9653069506946689	0.3301499299893764	2.170369678812284	4.713901782105077	0.7828712664031681	3.883779545294012
7.812226619006518	3.1875955940833176	6.550653018582994	4.449169194506722	4.4480076878257915	1.5123338278864402	3.7617128802013213	0.960542897172654	1.133828219269373	0.3301499299893764	2.2244599186034497	4.866883055776065	1.046387050989943	3.8956842803813605
7.827290254474445	3.183504957999752	6.457429698717184	4.553365513756955	4.448654293423323	1.6061203937176485	3.669447121565446	0.9147780294885414	1.2823506686314148	0.3301499299893764	2.2788293829429733	4.919537117725762	1.040457014719638	3.900421830176623
7.7970061289985155	3.0757992107257186	6.415518189616868	4.457287150107278	4.609860329429288	1.5146105383553023	3.5555621083291267	0.9575305439708781	1.5093021609114199	0.3301499299893764	2.3334790165308483	5.025628531954939	1.3637127786192318	3.909853466473534
7.649936779603935	3.0757992107257186	6.317288047884804	4.408447942444882	4.609860329429288	1.511609262021573	3.647916106377282	0.9553011904715382	1.4738518276584642	0.28654135216169097	2.2759118102264795	4.977466348924595	1.3758101254730986	3.9145469130834383
7.589552055099567	3.136183935230079	6.317288047884804	4.408447942444882	4.609860329429288	1.511609262021573	3.647916106377282	0.9553011904715382	1.5308218173075638	0.28654135216169097	2.3439933877764423	4.977466348924595	1.322555791840103	3.9145469130834383
7.604272323432798	3.0757992107257186	6.271623591713624	4.408447942444882	4.609860329429288	1.465771330692569	3.647916106377282	1.001139121799806	1.6116682883499236	0.28654135216169097	2.514940948775956	5.031062140666268	1.703415750125963	4.338375050775346
7.50173188433473	3.1799068357274503	6.225869754847755	4.455768965214468	4.562539306659668	1.465771330692569	3.7048958882115888	1.001139121799806	1.5546885065151481	0.28654135216169097	2.629812779134268	5.035071238005555	1.7577908382162957	4.447203072268249
7.455888462620289	3.114910520207476	6.228045404616574	4.3427535782113615	4.6275356221795	1.4605047736919128	3.7048958882115888	0.997715719252982	1.497548277422964	0.2899169054886595	2.9306550070625406	5.089020114922502	1.8533744206561167	4.720471579054575
7.398981904306973	3.1718170785210136	6.228045404616574	4.3427535782113615	4.586825255637658	1.4605047736919128	3.745606254753547	0.997715719252982	1.497548277422964	0.2899169054886595	3.0554242561247746	5.139049803359304	1.8425027685851196	4.6776475583643435
7.297020489862971	3.1718170785210136	6.174021201888747	4.294816366495267	4.643917116684096	1.4125675619754616	3.688514393706983	0.997715719252982	1.497548277422964	0.2899169054886595	3.311357720383458	5.187713555508434	1.7039067924334135	5.013836634376003
7.297020489862971	3.1630271163000754	6.2218766960420355	4.238170910120791	4.709880153720452	1.407396289045277	3.631341318891696	0.9550314980300998	1.497548277422964	0.24721224022592625	3.3808148281769697	5.238101185201465	1.6009868342729279	5.1273032557409355
6.952860325122525	3.2200538985609617	5.934743313562684	4.238170910120791	4.709880153720452	1.407396289045277	3.595966279439415	0.9550314980300998	1.4758495944573766	0.24721224022592625	3.4772765624488353	5.408521016752409	2.020728716536615	5.4087146168564
6.7102699446360585	3.3141456499188306	5.835230531766134	4.189185062788611	4.7303784300778196	1.3069347345624802	3.481376251724624	0.9124154538230271	1.4188423757363413	0.20456434059560696	3.730052336444708	5.7888411520893515	2.8289849818742345	5.764925858953986
6.7102699446360585	3.3610540410710676	5.835230531766134	4.236093453940995	4.724067374741316	1.3494827179253572	3.4407789159082403	0.8698674704599975	1.361901657212997	0.20456434059560696	3.7804374837736288	5.893932339288091	2.960621323423739	5.9623851582485905
6.456212807517684	3.474111035679236	5.734758439912555	4.195565403284617	4.783015509443442	1.2563203015980082	3.325921060853399	0.8665921157782404	1.361901657212997	0.24721224022592625	3.8588020540997383	6.389334340521904	3.479221720477726	6.110703236876478
6.305856037264348	3.474111035679236	5.58440166965919	4.195565403284617	4.823473811034123	1.2563203015980082	3.2854627592626255	0.8665921157782404	1.305027434872446	0.2899169054886595	3.869472847270024	6.23897757026854	3.530572658186042	6.050930722508049
6.097893042763656	3.5873802915561646	5.482695572608984	4.202577761710846	4.7674725896285315	1.253222930718346	3.3425478953498433	0.8207006236783119	1.2479422987856366	0.2899169054886595	4.020733250157326	6.792702227297667	3.8642860753365125	6.223651926188456
5.992920109421755	3.7008621946392526	5.435111702345541	4.258670601715531	4.711379749623996	1.2957606944572644	3.3425478953498433	0.7781628599396582	1.2479422987856366	0.2899169054886595	4.089092811654608	6.910653790911688	3.88933349844974	6.180953214345893
5.720957732568951	3.77473291707795	5.2838792752813895	4.211811374365533	4.700798452756215	1.2957606944572644	3.3999884195675842	0.7781628599396582	1.2479422987856366	0.2899169054886595	4.231893900712013	6.930609174021584	4.27979427236005	6.528674130559703
5.6155584778753145	3.832255011646062	5.285072245722032	4.162741243799197	4.700798452756215	1.2466905638909587	3.3999884195675842	0.7781628599396582	1.2479422987856366	0.2899169054886595	4.238260477578415	6.938510597825518	4.350101048481976	6.427332102889593
5.564926539584355	3.891117898984623	5.2371018175226345	4.218942621046197	4.644597075509134	1.292645018022635	3.3999884195675842	0.7322084058082898	1.2479422987856366	0.2899169054886595	4.303178660214675	7.079476251577384	3.252144645133368	6.478790470457487
5.461127553505598	3.94741133713037	5.133302831443852	4.275236059192105	4.588303637363314	1.292645018022635	3.3999884195675842	0.7322084058082898	1.2479422987856366	0.33267840225294354	4.251933769911343	7.037708185556384	3.0156212646625327	6.499423743964208
5.351109292606553	4.121392718270646	5.140880335203577	4.331621675673627	4.531918020881856	1.338667694883058	3.3999884195675842	0.646856617012762	1.2479422987856366	0.33388627023643175	4.619761253932692	7.878604137163832	3.476501122573453	7.129212146719294
5.302857826952566	4.1778706301957795	5.092628869549568	4.388099587598602	4.475440108956775	1.338667694883058	3.3999884195675842	0.646856617012762	1.2479422987856366	0.33388627023643175	4.745549882682849	8.073615597479701	4.065892241752041	6.975707548648091
5.086297694284658	4.297645351695155	4.995843458381203	4.388099587598602	4.475440108956775	1.338667694883058	3.3999884195675842	0.646856617012762	1.2479422987856366	0.29111822243625746	5.181768010444652	7.828952838172466	4.794140551258391	8.233281813547743
5.086297694284658	4.354215675837861	4.995843458381203	4.444669911741294	4.4188697848140395	1.338667694883058	3.3999884195675842	0.646856617012762	1.2479422987856366	0.29111822243625746	5.245395902785307	7.776890929946632	4.361111543288391	8.380896139091712
5.026590710414331	4.413922659708192	4.995843458381203	4.444669911741294	4.4188697848140395	1.338667694883058	3.3999884195675842	0.646856617012762	1.214397165078301	0.29111822243625746	5.368844191158614	7.724720923930084	4.22864766498844	8.433066145108292
5.162516680657762	4.3563758515106406	5.123374148807017	4.395518383361213	4.4188697848140395	1.2895161665026607	3.364577867172091	0.646856617012762	1.2498077174740576	0.29111822243625746	5.247556078458038	7.36898294948158	4.5679563669429335	8.025541268056006
5.226485552799195	4.3563758515106406	5.187343020948457	4.395518383361213	4.4188697848140395	1.2895161665026607	3.364577867172091	0.646856617012762	1.2498077174740576	0.29111822243625746	5.1328289062836205	7.498831117578003	4.33850628614618	7.983182405719617
4.715442999034825	4.7696539363597665	5.089578552033159	4.395518383361213	4.4188697848140395	1.3319749270874695	3.364577867172091	0.6043978564284731	1.2498077174740576	0.29111822243625746	5.237116084573807	8.192506284350824	3.9355831446526426	7.883168882152795
4.654356401993619	4.8872801863152935	5.146118204947639	4.395518383361213	4.361510301237544	1.3319749270874695	3.4791282086645556	0.6043978564284731	1.1926168595576108	0.33388627023643175	5.302841860838612	8.379964592669452	3.7021306449694635	7.896676561791151
4.149613627089237	5.180762186821683	4.991427754692358	4.33894805921857	4.418080625380417	1.378060305990612	3.4791282086645556	0.5583124775254213	1.1926168595576108	0.37671130916694906	4.884312491003928	7.98833693798906	2.752914632887914	7.077957616615327
4.042460503418673	5.1822165909772115	4.942206947102405	4.282470147293554	4.474558537305427	1.378060305990612	3.4791282086645556	0.5583124775254213	1.1926168595576108	0.37671130916694906	4.701075284407689	7.939116130399093	2.9299890601234844	6.9063359516847695
3.7744895784328683	5.2854852721868975	4.770904417683001	4.289070432936882	4.371289856095705	1.281391910424223	3.4791282086645556	0.5583124775254213	1.1926168595576108	0.37671130916694906	3.5850275271908707	7.366875490291253	2.384150810090419	6.168699734368132
3.7182717500917675	5.2854852721868975	4.714686589341917	4.289070432936882	4.371289856095705	1.327545578560923	3.4791282086645556	0.5121588093879922	1.1926168595576108	0.37671130916694906	3.1581907167964336	6.8959060526039	2.0237169426548163	6.1691723775261105
3.3039107106448857	5.401000800174261	4.46515261895878	4.239758891860208	4.371289856095705	1.278234037484367	3.4791282086645556	0.5121588093879922	1.1926168595576108	0.37671130916694906	2.625382133833794	6.502742304335781	2.6904573910781413	5.328775309632876
3.2686785341120155	5.332183839934218	4.411145172379885	4.18971720166638	4.324591288348474	1.2238728141649595	3.4791282086645556	0.5091088867007664	1.1926168595576108	0.3373821972320168	3.1131323416480523	5.966840030881331	0.3753338445125205	3.59716299547576
3.6262162308191566	4.980734129346646	4.360698228357302	4.246252131808601	4.268056358206286	1.312393659733682	3.4791282086645556	0.4205880411328275	1.1926168595576108	0.3373821972320168	3.8568146301733144	5.867366640821414	1.4320640769578181	3.0668866976383624
4.325878154667952	4.42442890317603	4.319543640538208	4.430763417305759	4.231469916217953	1.5065968107643934	3.4791282086645556	0.3743097336112227	1.1926168595576108	0.3373821972320168	3.6319041405721117	0.49805090455719037	1.3601433238201606	1.4633344786789437
4.503421483144979	4.293308798851516	4.221333485301989	4.575396796694177	4.1850466920657174	1.6048069660007753	3.4791282086645556	0.4135789907513001	1.1926168595576108	0.2981129400914269	3.6193035209757998	0.8061469848599359	1.5613496857362783	0.8761967208565511
4.746865876163093	4.112395244403336	4.283864323872124	4.575396796694177	4.1850466920657174	1.6511535985566845	3.4791282086645556	0.36723235819316585	1.1926168595576108	0.2981129400914269	3.019508932830941	0.7237503077552315	1.7860152279191857	1.684318390649537
4.864045517057272	4.051848438868322	4.340497159231234	4.575396796694177	4.225481856848383	1.697568646786076	3.4386930438816976	0.3208173099663158	1.2495279560693064	0.38393425546451154	3.175439010284548	0.8842651955739305	2.8591076020432484	2.3654529979343004
4.688333957732021	4.234257669840222	4.403584449797715	4.5190071777745	4.24143631098536	1.7440522012348214	3.4791282086645556	0.2743337555155915	1.2495279560693064	0.38393425546451154	2.039740026768954	1.203494338969334	4.263371971985507	2.4106564939639106
4.514507623887693	4.414462508408771	4.409962954521771	4.5190071777745	4.24143631098536	1.7906043523564845	3.4791282086645556	0.22778160439420725	1.2495279560693064	0.38393425546451154	2.212497828979556	1.098959875316705	4.244079867571018	2.2601538706331987
3.347448681101432	5.474555975786731	4.359295848611497	4.462708808276751	4.240456180894464	1.7906043523564845	3.5364067082532946	0.22778160439420725	1.2495279560693064	0.4220352819243871	0.9290393194217519	0.7938285972891252	3.582454958876661	2.8250719069486823
3.058370510849849	5.763634146038414	4.408360371365642	4.413644285522583	4.240456180894464	1.7837439145089777	3.59366830155207	0.18557751948957327	1.1922663627705166	0.4220352819243871	1.2141180169667307	0.992580000565696	3.2815611925045567	2.2281797444834166
3.1736500852010265	5.648354571687272	4.408360371365642	4.413644285522583	4.240456180894464	1.7837439145089777	3.59366830155207	0.18557751948957327	1.1922663627705166	0.4220352819243871	1.1008338656725583	0.8230170386008135	3.118255740057121	1.671660330627785
3.072012815425013	5.648354571687272	4.405095605078435	4.3152717820339666	4.240456180894464	1.731985402467849	3.59366830155207	0.13896352804086562	1.1922663627705166	0.4220352819243871	0.29701513608487223	2.3943444661699433	2.826675494416182	3.3451053245509015
2.9122717435903924	5.706052815116946	4.354403674360976	4.263920884346234	4.240456180894464	1.7273171514441554	3.59366830155207	0.09228088137779622	1.249244131005955	0.4650247618066884	0.13577876800961924	2.5316574750510936	2.5070861669123246	2.8764692617759784
2.9051780560800387	5.71775993320679	4.358047048417428	4.264890940869571	4.24637020273323	1.7325557282253703	3.634213069389385	0.1344711507942314	1.249244131005955	0.5080714013404422	0.22825250318093962	2.466543850099872	3.080844398438077	2.1341082730355003
2.9051780560800387	5.661535229458055	4.358047048417428	4.208666237120867	4.302594906481886	1.7325557282253703	3.634213069389385	0.09520189365456631	1.249244131005955	0.5042940189467032	0.4126148749170388	2.5891997298694394	2.493319598689705	2.203784660059642
2.841105269602126	5.776578624085395	4.359621153867234	4.25806273982006	4.302594906481886	1.7819522309247906	3.634213069389385	0.09520189365456631	1.249244131005955	0.46619992090044754	0.46611638563911356	2.219547887348704	2.1917808035765023	2.0845771295138587
2.7837586898948814	5.777791730252596	4.359621153867234	4.201929266280097	4.35872838002213	1.735262615478154	3.634213069389385	0.14189150910052845	1.249244131005955	0.46619992090044754	0.5233316066365431	2.4593295197909826	2.126788804508388	2.1872491909456477
2.777397753289604	5.825490110105752	4.311942601549792	4.290945261845453	4.368260155327485	1.6941538426251401	3.634213069389385	0.2815480528249714	1.249244131005955	0.46619992090044754	0.15279035150745418	2.2725749286713413	2.4186738970334893	2.4794259435771475
2.8798766381136582	5.824446382414627	4.4116674806665905	4.292655539861676	4.368260155327485	1.6031024398557816	3.634213069389385	0.3743097336112227	1.249244131005955	0.46619992090044754	0.09112197397112606	2.255958800402821	2.5274626491305607	2.40368874977985
3.28885457778488	5.813750097961189	4.761824823366599	4.340779852379304	4.40284897770219	1.4201027784074878	3.588544452547965	0.5590139212042411	1.213904139099494	0.42320351260428235	0.3381709502510388	2.3789564286710587	2.8379840063426287	2.5157127221101754
3.3894165400031238	5.812824187868213	4.859762072253812	4.34247865561746	4.40284897770219	1.2839873555212613	3.4959428673427437	0.6968281473282363	1.2729678383343284	0.3802642933442829	0.46019716797866955	2.6561242839996195	1.6365770416166923	2.564184014296085
3.6279199723143494	5.81494863196038	4.961190545978332	4.481678058296475	4.442009063243557	1.20220958861649	3.5127003186286996	0.9737228537398848	1.2729678383343284	0.2945571583008052	1.2574985043059916	3.247475500474663	1.2310565433538916	0.12041891462288204
3.773532316480784	5.770825755268955	5.067883808921367	4.476474262828359	4.5846208183506265	1.2086998075577118	3.4723691388490483	1.0207070225514274	1.2729678383343284	0.2908146323314239	1.5014366942495496	3.1785136649854175	1.4168370346612258	0.929662589761141
4.222445518591642	5.3836789770905105	4.999757082189269	4.606367413492849	4.612094731831458	1.2264252177935913	3.581107747577924	1.2908675907098957	1.2947481438554984	0.248166732701418	3.5304028117688264	3.1208822394196645	2.8856767129083853	1.5679240493646456
4.762597794002893	5.047937054092835	5.155266411632682	4.65526843646305	4.488711299836906	1.1454565354448503	3.6940733534867958	1.4674046060309867	1.351833279942152	0.248166732701418	3.0709557882731535	2.728197345094864	4.067192007705249	2.32883864947158
2.9800559250134935	5.199708931329341	4.656157507293102	3.523607349049684	5.010546468202042	0.6900887895160577	4.194724107136441	1.778222147108192	0.6545619126487818	0.38051942519261855	5.668849364511714	5.485521911593392	3.6149960987344927	1.8194638432508168
4.55975955380693	4.7316420964441015	5.289210986224397	4.002190664026768	4.933155336703337	0.6387531585908698	4.225191422804507	2.174191766855548	0.3933349640734242	0.5300978268436005	5.568229472980103	6.463056628736642	3.2108525739173994	0.7081538642459615
5.022649867135716	4.450321608527627	5.28858595395562	4.184385521707704	4.956870587319706	0.7450350019539881	4.198475346790632	2.3040837376101724	0.9977716340809768	0.5156731995283064	5.190301896722528	6.468927449886621	3.725705107541891	0.6484743215348845
5.239147427787521	4.381468392871576	5.382727932343018	4.237887888315935	4.856056218866537	0.7409563049416092	4.198475346790632	2.2608504327776657	1.1899966705835217	0.5490000557996447	4.838819256742547	6.569826902449775	3.2087374504823867	2.4579034477059096
5.962950444612578	3.727029776369745	5.352944719257581	4.337035501724768	4.634651975717669	1.0806848867515766	4.789266928857234	2.346233539653617	1.3033397925306722	0.5447939149694606	3.5214533769223655	5.962950444612578	0.7543877357075586	0.9614381329090613
6.810865092408661	2.702703304400723	5.07382807567026	4.439740321138987	4.4105522785714	1.651013200650525	5.358074182160985	2.3867722873730393	1.4900868633016897	0.5020390350306702	2.850296433665231	5.314940556279566	1.3886063821176762	5.076451587749927
7.1326365702113925	2.223423609704657	5.022783449340353	4.333276730576054	4.320691735593772	1.6645899117968082	5.696334591954722	2.471768152781942	1.5134528261061473	0.588157614668345	2.453840733779316	5.308538224216224	1.1345452944158263	5.292324450369719
7.307778940562293	2.048281239354195	4.8830968968659585	4.472963283050354	4.077434623790208	1.7613603280146408	5.84695823878689	2.4753252391219696	1.572511359731765	0.5847617846462045	2.3359165660080747	5.003388815870078	0.8716100672953336	5.375521150119582
7.62810449855528	1.532535637482507	4.816812996604014	4.343827139433986	4.33520406544074	1.8758368991964902	5.898722140529155	2.690816924509874	1.7790972301363743	0.6275166645844593	1.9942026984303762	3.394492285889686	0.7763209373867576	3.7504104515082575
7.7658390390986245	1.2257336971058777	4.67829180534589	4.3132809308587525	4.44314008190578	2.1974944898032613	6.042753414607714	2.64737823072508	1.835895044989926	0.6275166645844593	1.8828474046398842	3.287479533624221	0.9302645745815279	3.501495040814397
7.643681650241679	0.956805758689732	4.3417108698799325	4.258776539051544	3.9755969827268487	2.735260362907531	6.194132538510847	2.2463021096847524	2.360975780271014	0.588157614668345	0.49424336023286675	1.2045640801397253	2.610361857984426	1.2595434810060313
7.363876261756532	1.008614749513364	4.152305158662891	4.220185852606925	3.5797965592202567	2.870879171561413	6.425607003048313	2.020283623763018	2.473492748416364	0.6309692981370386	0.4883966134970638	0.7203371194657477	2.939360559645086	1.2361697229652795
6.988958161232072	0.6341012443490628	3.6432456659448236	3.979813739636496	3.939289070218087	3.8260103625429602	6.562121070231656	1.5674959631842076	2.5286429715529595	0.6683081976404236	0.5516404681428624	1.110485265447285	1.6918181802627517	0.5954886175274372
6.7098119983156685	0.6137816816945003	3.36850198013996	3.9550916998705437	4.20044720006972	4.19095057392801	6.4047241197783435	1.5216714725009357	2.710628309453308	0.49065703194944504	0.5252934262064579	1.4042717998195342	1.4039079029950814	0.6057007203515444
4.681291465210806	1.1205629515848696	2.601087128148016	3.2007672886475396	3.4943951670676148	4.556157881299816	7.76818048567678	1.2396954619302354	2.8031292631525897	0.44598909652109425	4.390133408933499	2.3942289740851717	3.3896298091831625	2.7254774852050905
4.0851378628042765	1.2506643968639946	2.288575007016501	3.0472272526521262	2.6217769096366057	4.922396074331035	8.88243497062563	1.2563032876739249	2.4264061344253265	3.588046161539427	5.064406355134442	3.191667546943499	3.9723079107107218	2.4407695599226926
0.45492516829731444	2.3353169704079964	1.6658809755366422	1.1243611631683639	1.6966316552576421	5.308599642499774	2.6119521958705776	8.171062737874927	0.1282288869815174	2.002216195621943	5.025760701169798	4.683483762291006	3.9742999356340727	2.353369767014792
0.46182879414476674	2.3313113513768067	1.7099687622416162	1.083171383281031	1.559555911804831	4.7357271122806575	2.469504381343941	9.084433841371226	0.2819861842333532	1.9616955108580316	5.146838006211926	4.487688924925594	4.049402898751533	2.2807679235974088
2.5493764534694883	1.7567784106379587	2.45520948776737	1.8509453763397676	2.929746501214923	5.26109726232345	7.8603596851640845	1.755471570412279	2.1614703757630584	5.007684621232757	4.349753590551008	3.726931807098609	3.939138861968122	2.4477571642774256
2.3804367638849593	1.4006734054569276	2.451208392974443	1.3299017763673686	3.97303426771858	4.9788606842361345	8.672706524281493	1.0369271248592529	2.362129603662413	5.763620449584809	5.361972209627105	3.6800124153873224	3.771965969910148	2.5617944720435273
1.4013012714032202	3.5957001684973338	1.924628085647339	0.2697708114466466	3.7438394158527584	5.045776230973395	1.9540834704216385	8.589757162176335	0.18149923782591115	2.3681484356654026	2.5312849464502003	1.6451826157451857	1.548084706601613	2.64381810967422
0.4838495776748428	2.424402959819894	2.2691674852240626	0.6390850522707742	3.6531710350048714	5.137290058555749	1.8484415471931264	6.063078639557599	2.2579801268597546	1.5029009889695937	2.808118499450403	2.0333109014119444	0.44755931381432407	2.8052582223028137
3.858485898988173	3.949706744845495	1.5935930469579807	1.5023722011002498	4.5988886612115385	4.700818690169464	1.7215267652426978	8.009234174572706	0.2866286290801279	1.2243694087960675	1.2558572507801478	0.6501453271696175	0.9723901977327595	2.5855759254486443
4.109047827204782	3.7216288197359515	1.4195389769717996	1.8069579844403376	5.3558815631513115	4.2649868076830115	4.149053033322408	1.073839061109982	0.6902771978650802	0.615081629382746	0.9792225764723893	0.7153560290603419	0.8172790294467608	2.7954223298027694
4.5609351586858145	3.9206650976888935	1.2971262341190775	1.9373962951161414	5.626457258749947	3.7939916346711544	5.176833005237428	0.8249705889077086	0.25856987545756455	0.20595756565422765	1.052682036000697	0.2988646140420365	1.04763595036337	2.856648078925963
4.889042634808919	4.181871579717095	1.399819297128116	2.106990352219936	5.653524117396724	3.6503494053670327	5.46560218400277	0.9615768986619618	0.26336383898615534	0.17223582495436943	1.5630847191755506	0.9079516759143323	3.669233682863161	2.649738789054158
4.877858067007726	4.361897488570165	1.501711954965654	2.017672533403368	5.608466340091606	3.4139712851947484	8.856436873249823	1.2349771783007608	2.7023906046842954	0.03940402516773006	1.2173693961314567	0.8457264242585797	2.773386600297778	2.550696140290254
4.977513032182105	4.523057249694424	1.5598633522437253	2.014319134731576	5.651521793576308	3.460380137351214	8.24663182426369	1.2790743515025333	1.744813217781978	0.08873462658501197	1.045881273122783	0.8594637989519325	3.2192486477653426	2.752515534672415
5.173268854640697	4.65750140560126	1.6700449558616133	2.1858124049014855	5.86972749277947	3.460380137351214	7.852897878063358	1.2790743515025333	1.0516589095650135	0.4796569774518933	0.8762351230847711	1.4075998526784297	3.0559897042821778	1.584100071802088
5.561202145040203	5.008639613975794	1.7188277654640511	2.2713902965285624	5.856420765461266	4.257841171000409	1.7399549406122226	8.241691204742956	0.04754118051006748	1.3558042879760062	0.4883018326852982	1.1150551180183685	2.9811563565954375	1.5348774101277551
5.964174450916968	5.25155016021885	1.7731983222891923	2.4858226129873517	5.70070749374895	4.829232542053157	1.7085339567762594	8.16318159206144	0.14637862020344533	1.9967815785082677	0.6342574331325841	1.0172008596169	3.5815528617728942	0.7005588118107717
6.1313670478934075	5.334417024070702	1.8218196631904624	2.61876968701331	5.692940338281741	5.0677389180652925	1.6735283274190804	7.986884579485871	0.14395253655378867	1.9514665060472745	1.30934958358497	0.9200171091838404	3.882596474968722	0.8079019959659143
6.413141480687604	5.441818398945792	1.8218196631904624	2.7931427449323287	5.823948919071412	5.018792264929587	1.7168928045485052	8.091352545366309	0.028772757554698696	1.8835806004409401	2.091743750303075	1.1038385324674678	5.062842251798057	1.1801731822742036
6.3634304699423865	5.36732931432405	1.9245227821633304	2.9206239377815812	5.954259059631006	5.114002000359037	1.7603269391318128	8.04240589223067	0.07702762519663389	1.8491716511546592	2.12719645911116	0.9462919332260382	5.247354001701772	0.7835670824537745
6.404511825973149	5.352945267048788	1.9245227821633304	2.976089341087977	6.055744260663823	5.016182201773004	1.7143071414053257	7.918564219505466	0.18244942209952428	1.6007940327202743	2.4139033960388314	0.47595888328865854	5.810221783792657	0.045569573731822084
6.445509988504373	5.484293322385219	1.9245227821633304	2.885739448282527	5.9653943678584165	5.108074135343396	1.719206708483878	7.918484752134845	0.01459689154071774	2.2288844803270154	2.745605117298059	0.6487198160814353	5.399610354803744	0.5268134142799314
6.522852134769991	5.729640595393746	2.0529153001800493	2.8461268395563217	6.053151434011601	5.156871058441737	1.4947549342403446	7.728536678084061	0.06651510529176914	1.8917904072252907	2.655045238396047	1.9141146167361682	5.619833136890578	0.6027083770371552
6.460871593229621	5.851315547202101	2.1442145367352294	2.7537705827629155	6.003860113505286	5.159595047283294	1.3611971584208118	7.734738681250494	0.06719959080944149	1.6901999446674367	2.6802382009076564	2.077302939167318	5.765797864031389	0.7993710058579815
6.450400544838027	6.066696865611708	2.4336106044901222	2.8173142837164966	6.01150360752428	4.810835384864285	1.3112047485528797	7.569172736648663	2.5136671480176345	1.3344479138957734	2.9359301643686555	3.0173294363694776	5.997368159945215	0.2884858724880771
6.392709636720892	6.1843698010266746	2.6221025754934137	2.830442411187526	5.789654118274264	4.7692867450700955	1.3135008170738844	7.587645341619863	0.3932764950563022	1.6787781659959198	2.953754922795987	3.430371155064051	5.987921872406926	0.18744462956131178
6.209695096318162	6.348414087567188	2.8315731163483	2.6928541250992644	5.747141325034416	4.815308023661035	1.2693715382242752	7.747328702281256	0.13310445404008994	1.6311570665156165	3.08858822988024	4.605606687201875	5.796266521206978	0.12013270207232603
6.116394983156997	6.400300943446656	2.98247600300179	2.6985700427120483	5.845898494592757	4.516744634515806	1.176330286278835	7.880053960509947	2.1986319635229967	1.8298935753059273	3.1594416459468677	4.813605849882494	5.785316674796401	0.05596076924701857
6.156713413366035	6.525985992451525	2.9341504672421674	2.564877888156796	5.760531875797093	4.565070170275123	1.1322612346908796	7.880053960509947	0.7327715237259559	0.8372700361848601	2.728467410396306	5.449623808830568	6.2052539506305795	0.5674558369045799
6.196815852551551	6.551471170589116	2.8767417151190458	2.522086397081025	5.7177403847215	4.61360518369831	1.1322612346908796	7.923190649335283	0.12894547916574742	1.2089146594867908	2.6312185332507467	5.567627328506013	6.224869314690828	0.5573860202231926
6.374441426183623	6.81655297818495	2.9614908519444225	2.5193792999433158	5.569467704070749	4.954235896872593	1.0917604702897121	7.532114089849712	0.05819707288741302	1.8843145697631836	3.16120491791557	6.09420154072038	5.760256993804686	1.077734266239383
6.471594664052989	6.856498188034257	3.092697357936167	2.7077938339549616	5.52298742261764	5.504422331796657	1.0504031438310502	6.848802283157549	0.1172496118727777	2.1113021211956777	3.4066671453050192	6.213544963797666	5.260202087235592	1.2542857173367035
6.601485504091754	7.027157457586458	3.1854041310345593	2.759732177539636	5.3855684309257175	5.21110075227887	1.0968136824383314	6.943887903762448	0.12206155269084902	2.05347767736248	3.7015057151328397	6.279409831543893	4.75108205956534	1.433924890436663
6.549012677764947	7.02273154719688	3.3757388895650116	2.9020200201330577	5.244909281878684	5.12094174053819	1.1018280756292327	6.8990013192168265	0.25794912370868794	2.2814800554805643	3.5923602325387796	6.3954932295320015	4.234363370959319	1.4891745995653691
6.588570269658876	7.110264088844573	3.4717100141794655	2.9500161949939043	5.196934332124845	5.067274170566729	1.1018280756292327	6.8929597033965395	0.1710796293913047	1.9497741839014648	3.666230826510541	6.389965950028227	4.319219857175811	1.5470411300104423
6.588570269658876	7.110264088844573	3.423523170533841	2.90182935134819	5.196934332124845	5.023032561139789	1.1018280756292327	6.985388156469264	0.041213655072341704	1.7456531384480098	3.619710610642351	6.329347181202278	4.024571516757221	1.3623294725293558
6.649929621393404	7.219526518598146	3.4717100141794655	2.9021131169745864	5.056696838332663	4.974845717494062	1.1112502336879537	7.040716886428131	0.12870462543430733	1.5992527096452878	3.6469246866139007	6.329347181202278	3.789600263474163	1.425717458767402
6.59968959782262	7.219526518598146	3.5219500377501207	2.9021131169745864	5.010633571123805	4.675648300372482	1.2010292169397647	7.284585573590746	0.08041019674389462	1.59819091107839	3.4498926628882813	6.32435677948331	3.931021076918861	1.3704870334779267
6.549549712609562	7.176604665302498	3.524304968824844	2.8972500161319243	5.053555424419473	4.574828268989523	1.1573135008973534	7.4331905591119325	0.12412591278967827	1.5418686764074523	3.495939054295801	6.313983877865905	3.940585895792154	1.309974246647429
6.588823596480428	7.263702086049625	3.524304968824844	2.849426479255704	5.048745220933027	4.574828268989523	1.1143001675073172	7.4331905591119325	0.005215787339603428	1.5070840570423978	3.293024996209683	6.313983877865905	4.0716707706998925	1.309974246647429
6.571313575014156	7.246192064583431	3.5724108987314556	2.897532409162219	5.002755742288836	4.526722339082983	1.1602896461517187	7.524680748039239	0.09539751950029123	1.359305786068574	2.971304969192988	6.369224952534805	3.603803581210483	1.3652153213163563
6.610461506659876	7.285339996229019	3.5724108987314556	2.897532409162219	5.002755742288836	4.4773339700402195	1.1602896461517187	7.574069117082026	0.09962974695793289	1.359305786068574	2.965520385588383	6.369224952534805	3.756753205670972	1.3652153213163563
6.610461506659876	7.237516459352804	3.5724108987314556	2.945355946038572	5.053555424419473	4.2314877948211	1.1573135008973534	7.819915292301156	0.05413865502962687	1.0438365094103335	2.8312700811668225	6.313983877865905	3.675431882164123	1.4993351162070796
6.649532117610243	7.276587070303177	3.524304968824844	2.8972500161319243	5.053555424419473	4.132959316960837	1.1573135008973534	8.021917650385038	0.2209519632375174	0.8767155205154656	2.914999810039037	6.313983877865905	3.6307727642422205	1.4993351162070796
6.699672002823336	7.324410607179413	3.522271013518288	2.897532409162219	5.005731887543238	4.0361202585346625	1.1573135008973534	8.070650778904762	0.5126077916409781	1.2285509868810578	2.870340692117018	6.263843992652873	3.621827402720879	1.5621886133202765
6.643101759422895	7.2678403637791575	3.4264603700449183	2.8017217656888316	5.051795154752076	4.1319309020079835	1.0719873345931714	8.070650778904762	0.4225376740123798	0.5333929118766606	2.858429566638598	6.263843992652873	3.745894355685745	1.6874970464864412
6.682124509775698	7.306863114131812	3.4264603700449183	2.8017217656888316	5.005731887543238	4.278347708077329	1.1180506018022434	7.9602948939832245	0.22656431967857318	0.24681950022113489	3.000438169567188	6.203447901691888	3.5355534574906198	1.8748149290075644
6.6144955220653205	7.2893740116344565	3.47660025525804	2.8017217656888316	5.005731887543238	4.425418133421608	1.1573135008973534	7.868631292028405	0.11046791243454025	0.7440729933660986	2.93817484352589	6.1982198365878896	3.3139414337709123	1.9434408310808096
6.603353885845948	7.328272344799741	3.526640224642835	2.8017217656888316	5.005731887543238	4.4745872785823195	1.1573135008973534	7.819462146867726	0.0289793758917339	0.9880019761139288	2.9458695435438482	6.07229346892833	3.07285382159671	1.8901565915093894
6.553413610036766	7.328272344799741	3.5289558914904813	2.7540971567275596	5.005731887543238	4.522211887543832	1.1573135008973534	7.819462146867726	0.01394802752988281	1.1000992251400006	3.0799921868667957	6.122233744737558	2.9387311782739673	1.951170236885274
6.446418627250089	7.323370661219156	3.5877664472515267	2.710814413282302	5.010633571123805	4.527867386739084	1.1573135008973534	7.861991074698051	0.22772063516122948	1.1000992251400006	2.977073176691262	6.0535753726170105	3.0416501884495695	1.775516881977998
6.396690900756658	7.323370661219156	3.541687280988679	2.615007520526238	4.967551072517013	4.384749675462929	1.2003959995036584	8.009447934192925	0.22772063516122948	1.0794697206514436	2.977073176691262	6.043461445519484	3.0942311888426755	1.83849345876485
6.453096694583213	7.331873377026626	3.4933438657557607	2.614567183312242	5.015454150536145	4.335369599145314	1.2003959995036584	8.107171425743736	0.22772063516122948	1.0794697206514436	3.033478970517784	5.9876985796154605	3.0855549917435763	1.8442719123967857
6.403468140738125	7.331873377026626	3.542972419600777	2.614567183312242	5.015454150536145	4.335369599145314	1.2003959995036584	8.107171425743736	0.18508113976453106	1.114423217726341	3.033478970517784	6.037327133460618	3.0328786362349716	1.8442719123967857
6.459950441787771	7.340380728322574	3.495511620981872	2.615081334447041	5.109497012463558	4.334077777355355	1.1543280873301367	8.100556095835476	0.40299575768485396	0.6891818689452359	3.0317496425356	5.86570288942331	3.0296249179253993	1.917763209178591
6.459950441787771	7.340380728322574	3.4481309088276	2.567700622292738	5.152574866105588	4.332778496858667	1.1112502336879537	8.149236088486706	0.5279600464886443	1.1538727971927674	2.9870905246137167	5.8060709621532824	3.0217381885347177	2.041442239374333
6.442260796696559	7.279785153047152	3.400830145237081	2.5633057888866717	5.195480796289769	4.380079260448819	1.1112502336879537	8.149236088486706	0.6583970784259539	1.1563173036149879	2.969400879522531	5.749943356755277	3.074284035847511	2.107605794106997
