0	1	2	3	4	5	6	7	8	9	10	11	12	13
7.795697527075324	3.649168611877015	7.1906311756206565	4.254234963331751	4.190499479716469	2.0302534587490575	4.038977361780293	1.4737799959838631	1.4896493574082792	0.4288000152693615	2.6809758751789743	3.6072558899872833	0.44700804202888766	3.483286211090848
7.824568454866832	3.677373046298012	7.108733107369093	4.393208393795773	4.129854673948321	2.041420413317131	4.0305592441354126	1.5258174629994128	1.467938785929741	0.4765416381274795	2.673844421106128	3.6851616482002827	0.41340347544816414	3.5132358508848975
7.849320435162636	3.549162402433248	6.929640119572172	4.468842718023713	4.128635803083293	2.041952398628303	4.032486334180666	1.530892679144117	1.4466306216639744	0.488274040204815	2.6649411936652903	3.7160945345636165	0.3679366019247106	3.4802334745371466
7.894054177173987	3.487633445562831	6.835386496230416	4.5463011265064734	4.12215418226844	2.0453354082275483	4.040547878525882	1.5498021551456702	1.4535498813680885	0.46824446700422906	2.650683156953506	3.7181654992304636	0.3638029372670045	3.518477545440246
7.8965381043411185	3.469729778054142	6.8190621190062926	4.547205763388968	4.133045514529833	2.014921914850022	4.044227809913016	1.5748324092936643	1.4494891580095495	0.4603923364514146	2.650902469372355	3.726008743279491	0.35384872439932036	3.5579274458550416
7.915648012660374	3.4351776798717437	6.85460255785881	4.496223134673284	4.169478129029076	1.9537409049570233	4.033357883575806	1.5845326817958054	1.4391607158921134	0.4560200568240932	2.633379482883921	3.7151445331950432	0.3317576511076628	3.6066252263535477
7.914143851645316	3.473085056393194	6.838409757604607	4.548819150433838	4.143183044492081	1.9411579657313378	4.042358293583819	1.6053070233045355	1.41046044236016	0.4531194424061334	2.609972947405218	3.7243028092020163	0.3105743176920196	3.6488302527947036
7.905657656011945	3.465248744676766	6.820622058180691	4.550284342508016	4.154081912122406	1.9101394812315298	4.044784673381996	1.6117441463370707	1.4019790488493427	0.4694290231323949	2.620379413987317	3.7257152668944706	0.30827366418060925	3.654855110245193
7.909851350822002	3.4438905755742595	6.827930708787518	4.525811217608754	4.163105715734717	1.8735337640348912	4.0459452082244205	1.6219102454066772	1.4022358357486338	0.4868042483800881	2.6040677080014767	3.7092949054560584	0.27382372184604525	3.675341846654309
7.893862838874353	3.446816040022577	6.816311859638006	4.524367019258917	4.174666139987128	1.8786360248678875	4.050054041766486	1.60097309017352	1.392763797565793	0.48817651611376356	2.6036619734253916	3.6978950476746406	0.2826628018026508	3.693688736683808
7.884132232196132	3.458853712571758	6.808150313257036	4.534835631510845	4.172441224602236	1.8742411682362992	4.045396409011763	1.58948105456374	1.387410394667507	0.5143469220326397	2.6039914731495513	3.685374670324631	0.25460259588159223	3.704019212682114
7.847319636186597	3.6388288411467373	6.960186149276835	4.525962328056468	4.224186042998264	1.9782356780969745	4.050166849984873	1.6127561585684635	1.3779752739161035	0.6303340843879098	2.591643636453149	3.6153883907658573	0.2833363232152909	3.7568013012733728
7.842664489126918	3.6390970609376545	6.970268931125746	4.511492618938826	4.243697729449227	1.9592461793831657	4.017584424945268	1.6054753533015442	1.376278148480433	0.6380863007544976	2.5751949338945086	3.6063611099130064	0.2784022436014826	3.756647433589053
7.831861519192223	3.6490801521878935	6.955047535623865	4.525894135756236	4.26532838968039	1.968940101473637	3.9958280646916267	1.5966782221469484	1.374002431860454	0.6557894997821981	2.569185732150669	3.5970503536783043	0.2675754207141742	3.7517083492963352
7.83783967954753	3.646502644427419	6.963930332610781	4.520411991364133	4.262028194126151	1.9540923810734985	3.9843864289272934	1.5927108315286542	1.379778149794396	0.6690685006198553	2.5519297311475055	3.587796628314176	0.24647155654391115	3.7514894441626345
7.8410781097426625	3.646503281215586	6.967506871068925	4.52007451988929	4.277412269339334	1.9537510577254502	3.9793706828270374	1.596651696149169	1.3636929225592236	0.6527817361751911	2.5562722914984217	3.5872980779533234	0.25800711539499477	3.7665040852536045
7.841399008484092	3.6453365489007235	6.966733375681021	4.520002181703773	4.280899352799613	1.9442608126465977	3.961881545553287	1.6011571369419308	1.3696273510278913	0.658096365890337	2.545078656291038	3.5817138685374865	0.23116320889366943	3.774107487734644
7.840896893671621	3.6608789934744976	6.976362882120917	4.525413005025187	4.267442221823126	1.9391886254745931	3.9617169476735334	1.5882820450027828	1.373929423945149	0.6634622281325055	2.523241354146426	3.5683120909390977	0.23453213398866452	3.7635802093824657
7.839417486736434	3.666808515670091	6.980829195086882	4.525396807319657	4.282566314364894	1.9346552612261898	3.951503014122649	1.5927992115457261	1.3690192649542534	0.6641746427407418	2.529170876342044	3.567252160021078	0.23959863335819004	3.7642953069491605
7.839220620622055	3.6606100324099975	6.975263734297099	4.524566918734978	4.293133045333142	1.934451639430949	3.946978786991862	1.5930028333409745	1.3691096560740974	0.6599054874473976	2.523208175110212	3.566339107142474	0.24463251774917608	3.7594430969303376
7.8329534937119245	3.662122717040959	6.965808311154044	4.529267899598878	4.293815316115142	1.9311611128072226	3.960961502757511	1.6057487831077304	1.3552553816179982	0.6599054874473976	2.5183303966970323	3.5700076534592924	0.24466485844205027	3.7604471866024243
7.837345411580119	3.6668840266434146	6.965469549217201	4.538759889006355	4.296265870261463	1.9358917926122288	3.953263666273011	1.614054045545752	1.361009654022542	0.6511198109728603	2.5073555376180328	3.5794655244544686	0.24509834223436786	3.749713781543959
7.832953493711928	3.66768290106513	6.965920753974368	4.534715640802704	4.295466995839747	1.9352064007918248	3.9585107579661405	1.6092811788604304	1.3614529288089332	0.6560161151998788	2.5018240876542324	3.5833697964552997	0.2392017992885512	3.7414175916749537
7.823480666401967	3.6780392774397948	6.971726284887185	4.529793658954601	4.308965547919277	1.9210076559490326	3.9375091551486676	1.6138066668939373	1.371271549395418	0.6602916444287236	2.492317602463958	3.569357805788667	0.2156985334442088	3.736635880583556
7.839192305813377	3.6620126883483977	6.966572884063716	4.534632110098069	4.319360767728795	1.9306799809436241	3.9463615073661122	1.6182490691679725	1.3620328259900332	0.6344093274211321	2.4809812696009628	3.587672100026917	0.2096595046877176	3.726746060868493
7.819937484062041	3.6838138250170998	6.9684526975562004	4.535298611522913	4.32596801488134	1.9210261036997913	3.930935296949194	1.6177909756220266	1.3627242100761654	0.6255625063849086	2.4928429872995137	3.596493876303775	0.20379046810526497	3.7178317823710025
7.8128430628525525	3.6837777433215066	6.956568604373284	4.540052201800729	4.34113794212549	1.925540682340062	3.910053355727996	1.6302635356480188	1.372600723415021	0.6079683772864042	2.4938006756989295	3.5889035421300677	0.18997123756038378	3.7221229656882593
7.817347733784966	3.673987488762614	6.958976963292469	4.532358259255091	4.335995305094377	1.9204658738004643	3.915553167464368	1.625760917517762	1.3656762777942664	0.5941373488909534	2.5011069015317857	3.5934359185436135	0.18523441300737023	3.729491347364219
7.809270387734448	3.6742044095858004	6.9507763022070135	4.532698495113166	4.341650461372531	1.9250504576642373	3.9114642742810872	1.6215165695120934	1.3694216568411421	0.5895363702825079	2.5133439621250346	3.5976462062714942	0.19951418861513898	3.726383993632626
7.794265080663526	3.673538810156573	6.933880762190204	4.5339231286298665	4.347873986679374	1.9335272278519071	3.905339361058219	1.6076661434381858	1.3552604023037955	0.5766900340284077	2.521271132509985	3.5825906491395854	0.1769667446227133	3.732242626120501
7.8039173240958295	3.6566534196435816	6.940071328686318	4.520499415053072	4.347940546515812	1.9235484127252984	3.9050103182635914	1.5986300051354256	1.3499316454094126	0.5724081946227852	2.4959896922052294	3.58745106829616	0.18120309335888327	3.733363837340285
7.811033524540835	3.6358335624991396	6.919409668855226	4.527457418184759	4.352904439053002	1.946478547510703	3.908489452261027	1.5716585044087013	1.3357282919891154	0.5730759889042718	2.4919120778362487	3.5828468714655037	0.2054752184523104	3.730554451005122
7.781457627091328	3.65333398059106	6.9010685166971815	4.533723090985254	4.352169840584865	1.9553860995068484	3.9197173484279673	1.562612287953971	1.3152993831995425	0.5656970792251714	2.499699761541544	3.5905161125926015	0.23300758922022782	3.7367520547014896
7.751022987888959	3.6643749499629386	6.8995708675783	4.5158270702736285	4.346215320690091	1.9538502477694268	3.932621137996814	1.535949555808605	1.302414403595932	0.5714876969868342	2.5464780419103343	3.593500861539853	0.28177419028891704	3.7482506622210843
7.750244896946074	3.670261941448296	6.8964794236253795	4.524027414768968	4.320411384586521	1.9492592467604848	3.9501543092932665	1.5269550945298866	1.2987730119806395	0.5713644770094585	2.5532566392057046	3.603081934677563	0.29445128142812144	3.7438858082848916
7.733061343864793	3.648056965226872	6.944988210827249	4.43613009826443	4.304570030659081	1.9216311812734665	3.9837257663542713	1.4848869376089655	1.265981095137452	0.5334866667009559	2.565239168572115	3.6252097128522003	0.3424058525027259	3.7637372326846377
7.754849196517495	3.6387606763764806	6.930987905971885	4.462621966922102	4.277445673598289	1.9252203359312552	3.984398534896278	1.479936028103107	1.2693267023453332	0.5236107808681457	2.5584165436390958	3.649081647518232	0.37188740216408556	3.7544465879818887
7.765906267631941	3.6410045621849334	6.915443654357594	4.491467175459279	4.2448600923952675	1.9243283837465177	3.9701043026789806	1.4662984071788592	1.2781541621253596	0.5238698615882286	2.5594430423348777	3.690868218016347	0.42281256749385754	3.7591805738041026
7.760790217836094	3.585506144084858	6.917867715636623	4.4284286462843	4.254401014749901	1.900543387510119	3.997211524352467	1.4488269993181713	1.2595177385571739	0.51233357006724	2.5402064417463714	3.6972727937801153	0.4472401046038671	3.7683596175780076
7.780379293431079	3.5908423365754714	6.883933831361084	4.487287798645491	4.197619890019242	1.9097186049915968	3.9902742735977825	1.4256232296920863	1.2663810753839582	0.5277194043369853	2.5450911217899543	3.7122423120687578	0.4665004609508935	3.787236234101954
7.765524974611222	3.571750741055503	6.843714526620462	4.493561189046282	4.1895918196141695	1.9139058153900088	3.981807367494959	1.4121713399165352	1.2693603201206571	0.5284905940966108	2.549272555850233	3.726668808345475	0.5016534206910381	3.7912731507508886
7.753459325509209	3.557112017680506	6.842462409317885	4.468108933871834	4.1654680310180225	1.8883227695381115	3.9676694698371278	1.3850849074957476	1.2646353576783116	0.535358869001279	2.58196626261823	3.7462591817435302	0.5575826929434988	3.8178757204560143
7.763068987010607	3.530151488367879	6.826749726637606	4.466470748740859	4.12772127204441	1.8868972187698696	3.9632408482948462	1.3616264836554124	1.2626998065969806	0.5278187594457459	2.597126367933794	3.767021524565277	0.6087690748963857	3.821457378553852
7.798306458140138	3.4467624687836853	6.815479836535229	4.429589090388591	4.123191193868007	1.8816877841761925	3.9388304541892536	1.3331326042143974	1.2787543598255153	0.4866458863669341	2.576990224483086	3.8125318443937943	0.6632306486796024	3.8101269251666836
7.78185307023533	3.4661841718013777	6.789805410547187	4.458231831489471	4.0995639481416175	1.885127026334056	3.8772953784817132	1.3114475467651903	1.2534264281291683	0.490379002668958	2.6447109917693874	3.867453196163114	0.7030228732397678	3.8259552957400644
7.781126907624032	3.45140123646407	6.790726326651525	4.441801817436568	4.054196515240362	1.8363037430060043	3.8764362219800512	1.3096466913337066	1.1944037080001793	0.47764470785259255	2.6374733504398895	3.9216413240575063	0.7780646957289635	3.8376900539569525
7.73872815646498	3.4659220757403575	6.759995212594838	4.444655019610568	4.065621046015749	1.8297422071462754	3.833924408769326	1.2882072776305757	1.1677256225863708	0.4813825682301311	2.689764842788608	3.9340413050336016	0.834282292110054	3.862944099078279
7.734939865281168	3.4480285218035243	6.736385625271789	4.44658276181287	4.0916219013052855	1.8141212276332186	3.7866456427403805	1.2712286482631634	1.1457414532259242	0.4961115681551852	2.71325778905197	4.046086955113427	0.9271780842687587	3.857817113917566
7.724374846090972	3.414707840822633	6.7166563621473845	4.422426324766204	4.127154882960289	1.8020315122532076	3.728887583536838	1.2488584469086814	1.21508775029108	0.5081320171012566	2.763957822037822	4.0538415126297505	0.9627810456193695	3.8725686156656822
7.690439979730156	3.3922925344936736	6.630087737033392	4.452644777190486	4.1471784576805	1.8245647951217427	3.6666911726026137	1.224358504183637	1.2623527653581694	0.5033295404370197	2.852336787427469	4.06439764812985	1.0454654209308465	3.9872033777216687
7.660447607448655	3.3857228879030634	6.615405384111857	4.430765111239846	4.178723208474287	1.8192375934059761	3.6359489720370135	1.203739586878387	1.2811488439534378	0.5040980026893496	2.9216278244924823	4.096504694456939	1.086587533325379	4.008941291739627
7.610589649509684	3.335004092910715	6.528055170984227	4.417538571436127	4.214866297949569	1.8280840526335704	3.605014314413598	1.186642776470349	1.3100845285858729	0.4874163373531094	2.9736814081003193	4.123690129514987	1.261197060092221	4.106743273951456
7.590463391490658	3.317165167571738	6.4894706199731775	4.418157939089207	4.218903209592445	1.8413979295188667	3.6058590009439477	1.177720483164324	1.3409349868374458	0.4870906783490604	3.020831885495062	4.118121701851814	1.2812797386495407	4.151658449094967
7.566956679041108	3.319651749483871	6.457703113440284	4.428905315084638	4.194462828609356	1.8167432959111711	3.5963626904142805	1.1734667180695542	1.3809173381885957	0.4862846517028797	3.117233025092024	4.187373846034272	1.4289907376765956	4.376896739745428
7.51665822433777	3.3101605151560554	6.433866168286372	4.392952571207497	4.224278480877016	1.7967851060379527	3.577345096455822	1.1710267671389045	1.4013328067434356	0.45845469018664187	3.207838612166274	4.197769274500619	1.4564203759251808	4.428351504713298
7.135760253067842	3.362048265895388	6.317711281803309	4.1800972371599325	4.226010668513118	1.7384748795129195	3.57379343504459	1.0577178589805165	1.3681052225667518	0.39730686801129866	3.6153959984742214	4.510465924669194	1.6973915125118473	4.97191346124883
6.780721643714211	3.9078321909194527	5.683513048027055	3.966839389723249	4.452225903597709	1.5445302992083059	3.401416010165753	1.0775042619604385	1.3631227467369256	0.4058747253412525	3.848866207681418	5.093093550555167	2.229216446304021	5.168511853287444
6.177342669204458	3.5541827233008947	5.854755640900938	3.8767697516044968	4.370629270146194	1.53920573899344	3.3399592845224353	0.9985435649567493	1.3360263123748608	0.42977992942772314	3.939752873391594	5.074548141208686	2.449260615350476	5.317274392171733
5.980831617504329	3.772955035900817	5.862572030617352	3.891214622787833	4.3677546843045905	1.5240777785364736	3.3360400445313774	1.004108772270849	1.3281369469614612	0.4532732922578835	4.29785768572043	5.08703636187581	2.6355989062105896	5.440089564139656
4.507773140277963	5.25315341489423	4.6443501167611565	4.162910789448069	4.050899777344837	1.519539047871869	3.2852774082278247	0.8242742697225325	1.1791909559289198	0.5100733611586057	3.5222753569898955	5.549406059626058	2.02991735954004	3.6932181205276438
4.973103547784893	4.375721591229052	5.1176490847806715	3.5059981355228134	4.00710053541085	2.2765989547041814	3.4658252281399458	2.853051119890564	0.9165131154496386	0.8994224130508123	4.386977018766917	4.038142243108514	2.590172472038211	2.1823395009883066
5.563404732591408	4.03974929729822	5.0792858604046955	3.7280271087024	3.8851053710739065	2.4169343591151553	3.6321447197535948	3.031686741075184	1.1416771238338912	0.7323447688182437	4.250800918385463	3.9040397790777748	2.667953878482338	2.6911900497120755
5.745303157919873	3.777122859258781	4.976049463707612	3.7454630131366073	3.786347304301368	2.579154027072755	3.804396718487822	3.076165746964531	1.3146967506117408	0.703597729298146	4.079036765804338	3.668226386629615	2.562497524843392	2.248440489270187
5.954035462755885	3.5089950121803724	4.96532748367433	3.7060956583407063	3.836259060952952	2.6170492652689403	3.913287881506278	3.1476059971140207	1.342413702717981	0.73886157883714	3.9044782157800255	3.736198373976471	1.752985123867468	1.8084676557871486
5.8288477550788045	3.5534808945943097	4.934876200302842	3.6642751825555067	3.7760407879807785	2.6357189374818075	4.031890825955202	3.144098948106509	1.3719985584273324	0.8363235698854877	4.304187732037862	3.8338259068621214	2.10298235284256	1.947578811954536
5.869908660458593	3.531818576410907	4.944421808769598	3.6762519643438063	3.7743273715899845	2.642002980094291	4.047082204070027	3.1846860451123833	1.3821396440304816	0.802155914492718	4.182462465769125	4.030181887358364	1.9573581133654847	2.0594334759229076
5.922389865345486	3.479965351886032	4.974692165170393	3.665939445545411	3.822144786058763	2.674998488194551	4.051021849783192	3.1945572082919345	1.3759154223181527	0.8120839630000456	4.08999740403871	4.230556318623936	2.1747054219083912	2.20930867833983
5.656764084441733	3.54674451126154	4.935775895706074	3.4959637071268994	3.653494170731573	2.695037049652663	4.261417475064339	3.1307980117177676	1.2653298840470855	1.294894229789883	3.977855878835075	4.293305365356201	1.9965263714101877	2.5208147712650133
5.723702844177341	3.4315846378172643	4.91554496532858	3.476690773816677	3.6563756884335867	2.760059650380358	4.393763752453213	3.1056922615055065	1.292843627495579	1.3053260495425325	3.8532704806787654	4.132906092653198	1.8132693980872823	2.862533427841192
5.7983337124462615	3.3534809397698324	4.8883455767997805	3.4975264631552085	3.636773607473697	2.8005154023832324	4.492435078187816	2.7722539881790302	1.3054627051622298	0.9778575801224771	3.825057817200914	3.9017636747105846	1.7671082772086628	2.7002481764137896
5.813715940592738	3.3568606298944794	4.883312832477431	3.5033167151580793	3.630983355470837	2.8005154023832324	4.458328335253919	2.8650408222046275	1.3116004813436175	1.0351492684623034	3.8226472553226882	3.89113930874221	1.7442015318537458	2.6946565547677848
5.12151142198806	2.6786810948426707	4.034060709499547	3.01310052575261	3.1315667694831437	4.087142473107569	4.48676827542271	3.152567411795137	1.757191713893608	1.2304926480864853	4.209435690134651	2.8587717283330307	2.54647632677694	2.6946278784569104
4.683800642964419	2.72549930718588	3.926820546225906	2.729448122345775	2.911725701828525	4.20105374010503	4.068737561003885	3.860097516953511	1.4583793862493777	1.7528720509721958	4.404155930768794	3.1721071421626803	2.6036699111460693	2.614204437261482
4.648096956498018	2.70922487438569	3.880743159883285	2.7235473894218947	2.875018409325172	4.20963640441319	4.11742960568009	3.8795409643877887	1.48280525984411	1.7602286311678204	4.476033652689764	3.160862760525659	2.5935409936502545	2.6552987315109506
4.521541766231101	2.690012081806644	3.7882567560891998	2.6702658103698647	2.6474500570101633	4.359310990096586	3.5213911982196064	4.588289246678293	1.2665824876359524	1.9648873927298225	4.488576416379738	3.20553951965872	2.647390406687486	2.7751759456063576
4.47008609622115	2.6502623039846513	3.7336259628320705	2.633691155795071	2.5811675598789012	4.431357900556732	3.592089348153914	4.543183289093665	1.3060329247693467	1.9524974650205293	4.3481731523963045	2.952128244214688	2.6209270573381627	2.5534040756047247
4.430861882571894	2.650632474559255	3.7053180524965854	2.623145023055888	2.5910830363408115	4.444318395592079	3.5858320028884867	4.521920159815455	1.3056522812467195	1.9559066659050264	4.373276810933311	3.009177988591341	2.5404669330338434	2.526095408603808
4.279933592426993	2.6127738299168826	3.636084865557733	2.5035912752075795	2.485244394945702	4.65760496669017	2.943942207816346	5.140740691323981	1.3968218852241323	2.185055999485688	4.527076779805201	3.1727604512278775	2.6892745151965567	2.6529225643976626
4.279933592426993	2.6186043504581917	3.636084865557733	2.5094217957489073	2.479413874404359	4.658237735887697	2.943942207816346	5.140923210620409	1.3968218852241323	2.185170229693553	4.527076779805201	3.1727604512278775	2.6892745151965567	2.6529225643976626
4.24928941796785	2.5995916780668535	3.6341726464841555	2.461677167971976	2.5042332334998365	4.667083603202016	2.9167132736866095	5.123261589778741	1.369194103729766	2.2100241781460017	4.5419366562696775	3.2117032483090187	2.661569425551121	2.636406080373745
4.310140012426551	2.5727749480587696	3.6443554326192826	2.4855282462874966	2.466760201250635	4.679461573563633	2.5747024035353876	5.355572688332312	1.5766890525218307	2.018259202230232	4.568039957571703	3.2363280931221405	2.706764955794182	2.7193265398623714
4.316005253376703	2.562189489900727	3.6392776937418647	2.4858857679570314	2.4714804184585284	4.684539312441061	2.5747024035353876	5.351694145718602	1.5714019180482959	2.0221377448439997	4.555488661927031	3.2363280931221405	2.70007890109971	2.7193265398623714
4.316005253376703	2.562189489900727	3.6392776937418647	2.4858857679570314	2.4714804184585284	4.684539312441061	2.5747024035353876	5.351694145718602	1.5714019180482959	2.0221377448439997	4.555488661927031	3.2363280931221405	2.70007890109971	2.7193265398623714
4.31342267533348	2.5627620058958107	3.6380310182996722	2.4851223813510885	2.477312983964274	4.684060949885824	2.5747024035353876	5.357241687173654	1.5766890525218307	2.0174690776010213	4.556725309505892	3.2407100718790813	2.6949104671776456	2.7137906786906716
4.3182143360242815	2.5627620058958107	3.642822678990471	2.4851223813510885	2.477312983964274	4.684060949885824	2.5747024035353876	5.353356789169404	1.5766890525218307	2.0204209715504406	4.5448645762702204	3.245501732569899	2.683049733941986	2.7088812301111878
4.310225416363368	2.5755329290398477	3.647604682473576	2.4851223813510885	2.477312983964274	4.684060949885824	2.5799837519012017	5.353356789169404	1.5714077041559842	2.0204209715504406	4.557635499414254	3.245613720627633	2.6879764938409734	2.7135096756464465
4.303859526264271	2.5760758697611843	3.647604682473576	2.47929943197335	2.4831359333420036	4.684060949885824	2.5799837519012017	5.353356789169404	1.5767013910683199	2.0204209715504406	4.564001389513343	3.24095222602839	2.6879764938409734	2.7181711702456886
4.303859526264271	2.5760758697611843	3.647604682473576	2.47929943197335	2.4831359333420036	4.684060949885824	2.5799837519012017	5.348668355587485	1.5767013910683199	2.025109405132327	4.55880569565571	3.2362992351103146	2.6827807999832727	2.717931410777216
4.302279020258584	2.582428744565811	3.652146449011191	2.479530034234665	2.4818348083873056	4.692810915854631	2.5812848768559093	5.3487223234661725	1.5767013910683199	2.016536073546228	4.565158570460346	3.2317910646250994	2.6827807999832727	2.727211950061391
4.295939136446516	2.5887686283778883	3.652146449011191	2.479530034234665	2.4859907466881355	4.692810915854631	2.577128938555082	5.3487223234661725	1.5802436072752433	2.016536073546228	4.5714984542724215	3.227163482057964	2.6827807999832727	2.726955067821831
4.3007018930476715	2.577151530915433	3.651857487883362	2.4729646545012045	2.4963053545896736	4.697217357995969	2.5784314281159686	5.349367599053791	1.5802436072752433	2.016536073546228	4.564827267071968	3.227307091371376	2.676109612783389	2.7266980219354546
4.292814167907009	2.588728465258113	3.646329470214198	2.482181881372405	2.4864919148742457	4.697732192694895	2.589308825481768	5.354446715850951	1.5802436072752433	2.0249468335544836	4.570809081168678	3.222847201284685	2.682015964963785	2.726183451631477
4.291256710501062	2.5892468507354325	3.6460556167904867	2.481416662867489	2.4868476937885915	4.6978773210262075	2.59473571801115	5.35931904045838	1.5802436072752433	2.0249468335544836	4.577110138089697	3.2275908007997756	2.682015964963785	2.721331989665332
4.294427133569982	2.578244159235615	3.640512389285354	2.479127621941688	2.4933083391496553	4.707403676779643	2.6055659275567464	5.364794498685846	1.57495261724391	2.0202930292700234	4.576751317904636	3.227869867034836	2.6878911731853785	2.7208332195411242
3.9314058641192866	2.680964811743896	3.5782429861373677	2.2810964081472074	2.4011350867193655	4.745415613610033	1.9839209819197385	6.056878863692424	1.345134892499529	1.8617100326782752	4.572886752508171	3.3724742622254125	2.6880903756777137	2.7118436102992343
3.946688982286667	2.663641517363294	3.5777043465025473	2.2795948715688032	2.4167509376334992	4.740871508509637	1.97976589233879	6.075261943356223	1.3504258825308626	1.8578302828695878	4.560389315097664	3.3727653774047583	2.693934528648923	2.7113438756873087
3.9451106582036863	2.66991593912367	3.5872168586926327	2.274778457056102	2.4113575086549703	4.736055093996953	1.9851593213173042	6.075261943356223	1.3504258825308626	1.8578302828695878	4.560040896573389	3.3729091976219783	2.6935350742872424	2.7110937769986854
3.943535715252879	2.6761775460872785	3.5919035227054423	2.274778457056102	2.4072003548980425	4.736055093996953	1.9893164750742478	6.075261943356223	1.3504258825308626	1.8578302828695878	4.559691712106461	3.377595861634783	2.6931369244958225	2.7015134072374116
3.9419641512710264	2.682426362562068	3.596580775198388	2.274778457056102	2.4072003548980425	4.736055093996953	1.9893164750742478	6.070582254278903	1.3592563733745062	1.8625099719469247	4.55934177070756	3.3777291191310583	2.6927400772068113	2.7012793807391673
3.945054459766296	2.6829462323219486	3.6059071340100806	2.2690622764995565	2.41291653545458	4.736055093996953	1.9893164750742478	6.070582254278903	1.3592563733745062	1.8625099719469247	4.557638286551596	3.3825197485268097	2.6909917355480166	2.696283324245884
3.943480301670423	2.6891695408321254	3.6105562844243657	2.2690622764995565	2.411688073718822	4.740882385050462	1.990544936810009	6.065754963225394	1.3645577158783535	1.8625099719469247	4.563861595061755	3.3781221694202443	2.6971722239296247	2.7053300537667417
3.9527506544618767	2.6891695408321254	3.614859836132612	2.2740290775827763	2.411688073718822	4.745849186133666	1.990544936810009	6.065754963225394	1.3645577158783535	1.8662288171423178	4.552076903205931	3.3828814884414435	2.685387532073827	2.709841087536988
3.9511613096229574	2.695380131908989	3.6145226179086576	2.2789875420446717	2.411688073718822	4.750807650595571	1.990544936810009	6.069629578090837	1.3645577158783535	1.8623542022768742	4.558287494282796	3.3882057503754224	2.6915573294144957	2.709138071840983
3.9376521342513904	2.6963592380200305	3.6084464285785245	2.2725336621142866	2.4189328948213213	4.755757791999142	1.9947041370414862	6.069629578090837	1.3645577158783535	1.8623542022768742	4.564119843681324	3.3691451359863342	2.685006551367843	2.717460398029476
3.9314795490404046	2.702531823231008	3.6084464285785245	2.2725336621142866	2.4189328948213213	4.755757791999142	1.9947041370414862	6.069629578090837	1.3645577158783535	1.8623542022768742	4.570292428892294	3.364681796361213	2.691165671112098	2.712311876163837
3.929924381731232	2.697325472736101	3.612918451620717	2.2613001212680075	2.4302992107779637	4.7558905671095175	1.9947041370414862	6.069629578090837	1.3645577158783535	1.8577077946456648	4.569913572315516	3.3507490928143135	2.6846268490737466	2.7212379492312757
3.934519976588434	2.7020680021045598	3.6125807217908403	2.2709759753235343	2.42555668140949	4.760823891796591	1.9947041370414862	6.069629578090837	1.3645577158783535	1.861421969309701	4.569913572315516	3.346493111182808	2.690775304718707	2.720478584007388
3.9283726064108526	2.7082153722821367	3.6125807217908403	2.2709759753235343	2.42555668140949	4.760823891796591	1.9947041370414862	6.069629578090837	1.3645577158783535	1.861421969309701	4.576060942493091	3.346493111182808	2.690775304718707	2.720478584007388
3.9268242202662824	2.7086828032763144	3.6122420780979434	2.2702336638660494	2.431224049789848	4.765748948719458	1.9947041370414862	6.069629578090837	1.3645577158783535	1.861421969309701	4.575668860121118	3.33706128364375	2.6842484229725407	2.7248864240274626
3.93140147349769	2.7086828032763144	3.6119025286640065	2.275150466531388	2.431224049789848	4.770665751384804	1.9894227886756888	6.069629578090837	1.3698390642441716	1.861421969309701	4.569153902884142	3.337242100452115	2.6838712708297123	2.724570514210794
3.9298473352518095	2.7091470563327666	3.6066617468843893	2.2793013631216015	2.4368820498012687	4.780474647986419	1.9894227886756888	6.069629578090837	1.3698390642441716	1.861421969309701	4.5687731073763045	3.327838638676531	2.677368222253784	2.7146523361596833
3.923975736884169	2.7093700108554586	3.6017696259187852	2.2785448402422097	2.442530693646237	4.785366768952021	1.9894227886756888	6.069629578090837	1.3698390642441716	1.8577077946456648	4.569394840408835	3.318258304358127	2.6721183569184346	2.719553145495097
3.9269744081973363	2.709840940202837	3.6059946057265813	2.277789461094991	2.4481699935597137	4.7902506897182615	1.9947041370414862	6.073497874753945	1.3645577158783535	1.8538394979826118	4.562529577957909	3.3082150881608845	2.673648030800854	2.7198038383595504
3.9189809799024706	2.7280965772830674	3.616256814511961	2.277789461094991	2.4481699935597137	4.7902506897182615	1.9947041370414862	6.073497874753945	1.3698655891037768	1.857553672646651	4.5690460362086025	3.300246188026931	2.68041283467062	2.714577211695899
3.9235106278150362	2.7280965772830674	3.62078646242452	2.277789461094991	2.4481699935597137	4.795085130005063	1.9947041370414862	6.068663434467164	1.3698655891037768	1.8621987201882224	4.5690460362086025	3.29522598596862	2.68041283467062	2.7099814355837437
3.9159231050306014	2.740204706902272	3.6253070692592644	2.277789461094991	2.4481699935597137	4.795085130005063	1.9947041370414862	6.068663434467164	1.3698655891037768	1.8621987201882224	4.574693708574951	3.3006685691483852	2.681888253298342	2.704460968522109
3.920434692217787	2.740204706902272	3.6298186564464543	2.277789461094991	2.4481699935597137	4.795085130005063	1.9947041370414862	6.06479513780406	1.3698655891037768	1.86606701685129	4.568245142126644	3.3051801563356427	2.6822051972019536	2.704460968522109
3.896102503930629	2.7276961712528025	3.6353472880831816	2.23542010552187	2.4535858011416476	4.789330721557796	1.9917148872493151	6.182732767510599	1.40367033075157	1.870234835344678	4.544248665821714	3.3294160895997598	2.693217416352698	2.693325701784001
3.800910183324885	2.7750755255568973	3.6572999674693643	2.1656544598338705	2.6042528352785888	4.878072591826524	2.62716316574586	5.396881574502578	1.5575541695499027	2.0843127291485217	4.7262710155602825	3.3926142284243603	2.743869171336933	2.5658320405398056
3.7708525186922985	2.7517128899126524	3.671177876779334	2.0983562502470927	2.7142022608116263	4.854674709964039	2.708397849657601	5.319953563197793	1.5670054179601138	2.165591476703978	4.838300678804973	3.40486161810954	2.718058495903706	2.569503420680326
3.669492690764115	2.977772872447093	3.622365728849619	1.991608298502444	2.7010769316352805	4.875877731087632	2.032352730107372	6.074952243402711	1.3489423813764634	1.8250749157744355	4.568145275907146	3.205837894120571	2.4947152197825346	2.5729472458854223
3.581930167498288	2.855316375355135	3.656329136653966	2.027886124620988	2.69761214071984	4.889977563051387	2.0217885377845204	5.8308248383557055	1.5565904702798479	1.738344151777234	4.589461806327362	3.249032596316982	2.3900731734847582	2.5805538453925116
3.9136501537964428	3.013674746105304	3.584105873536212	2.11896500520949	2.786913204467444	4.85601794717571	2.009200021976622	6.029170382590104	1.3647321964250918	1.7076029883763748	4.4399314450762555	3.12020399448537	2.430827782959872	2.558359135059241
3.910683965127492	3.019929004329758	3.5929128788411098	2.1134460694600845	2.7924966994841527	4.855490328877085	2.009200021976622	6.038308135697708	1.3647321964250918	1.6943609416400887	4.439096323679603	3.129039204222302	2.443500657597791	2.5455340444429146
3.940795411331032	2.969979072482052	3.5322240950944015	2.1542963675626265	2.7484859955099195	4.821768120183171	1.9931014148309871	6.013126421337548	1.3771060034945808	1.689243466719492	4.372833357563987	3.062282998592348	2.4801259956107837	2.527363290737186
3.9276246453743107	2.9820074061586124	3.5366466554750047	2.148731374901863	2.748678965953622	4.816940829129657	1.9984734370480683	6.0218144878563145	1.3771060034945808	1.689086720785646	4.377847321044848	3.0582642441656356	2.486656759479586	2.523052340414791
3.9074294968904275	2.995174107710199	3.538111516522048	2.1402380669225036	2.7657637661002403	4.812240399877191	2.012957125113303	6.057484556110994	1.3733625411189654	1.663531691882405	4.356823494796926	3.0483678077582046	2.5426632019205573	2.4912377398417616
3.903133023568875	3.0015570911996705	3.5416708342037326	2.138765259408766	2.7715018529387483	4.817063995461037	2.0183213388338244	6.062290453572457	1.3733625411189654	1.663531691882405	4.361818652943186	3.053149239709289	2.5491153184175497	2.4865344251340855
3.8101473006476594	2.9724305857052244	3.5408348545588453	2.01748901063797	2.816611016732059	4.75329528909502	2.0304407347517714	6.141063404207512	1.3220407568845407	1.6234026285809953	4.396400329482107	3.0667964151692684	2.591572806056018	2.4945937966608995
3.9372939126130815	3.056586530204642	3.595309717864626	2.174316703797057	2.9649161809073648	4.6063280823614345	2.640228098468227	5.525141252933285	1.767557616663126	1.3113995598257724	4.274594695934598	2.999232011393377	2.633844642655342	2.38665464922627
3.844622874833095	3.1635763661811422	3.6111634687078684	2.1727817511504393	2.964019383346751	4.5575020663740995	1.9690678617570299	5.217780683245087	2.028149298608293	1.5506010011264966	3.8339460848107096	3.1031547174551433	2.282744282181785	2.373313181752274
4.214737339170851	3.0743310714860885	3.699673151562063	2.3651412379388335	3.078571613913767	4.5306218127939575	3.238242834479928	4.50094665219911	1.93691432524395	1.7462851623107252	3.6828096126120036	2.8851285614922633	2.341496805500344	2.2942860697443392
4.0535151958378695	3.060819480979956	3.628499224066425	2.261581431595308	3.138135226875528	4.491772245957039	2.2024132580271742	4.5517551848839926	2.0147715522509837	1.4018559585079342	3.7624179104103206	2.7575479937548613	2.2512273171895454	2.238886597027085
4.936820561998546	3.7073517979227426	3.415425171048694	2.2848538933827705	3.8054994425346793	4.355615879991372	3.5315088320112706	4.783279142571429	1.474828061547333	1.1172896867068292	2.766887159172953	2.0986322743148222	1.7799231555312975	2.3245827449317242
4.716963739127399	4.027438168921407	3.171468872315972	2.2491785494762757	3.930020296021661	4.463547052677866	3.053672305518695	5.052582952501456	1.3475727355637677	1.2791068001941823	2.886812298952454	1.8711260915939607	1.6139824320426441	2.624477317723479
4.691736822179052	4.669130377353119	2.886566416346926	2.0225189547855216	4.255182336495148	4.098388219945393	3.6992628522032276	3.750763453979012	1.098868632090321	1.2148408284726433	2.739439224055208	1.6159005616222437	1.5952412634428903	2.9550051344322066
4.93486581808817	4.786973847590297	3.028962313490901	2.3018768039773927	4.598555302997375	3.9734750218586123	4.131667515988158	3.922663516621513	1.0126074683008432	0.8407439153962866	2.3776616062192417	1.5981606756485105	2.020498117609739	2.7198078490059068
5.402129387843141	4.9519054355172845	2.978594550987045	2.4349987283861596	4.572324548855237	4.203108255416262	3.113654591617394	4.496194548837247	0.9408199546248663	1.0241863262200936	2.1285761185045753	1.3858188001686653	2.14649156119363	2.744876163888616
5.486024808190413	5.04546469546117	3.0597796357640057	2.5097407306759294	4.6929960450788695	4.125083947427841	3.549945394222638	4.541613568743592	0.9258972286726351	1.3047407381710852	1.9800810789911367	1.579180125122987	2.2284691964962837	2.57946045566448
5.549381189348362	5.075660284344414	3.1512001292119023	2.6418886446276924	4.6289782343269374	4.4460934295925245	2.9123656066921746	5.780469082752338	0.7922334514551835	1.189305937423597	2.0775673271029538	1.6600551206672023	2.4174350840115015	2.396944836384985
5.725079318950575	5.1419793475981885	3.141414002057965	2.732941651803052	4.724988277698264	4.42440959076085	2.365743420562885	5.929324712259108	0.9233352360467879	1.3907617205277052	1.866938785690546	1.6130011197112204	2.780229861116163	2.184179028666791
5.847842215767105	5.281049121133832	3.185173126328732	2.7851617200139707	4.860713184539728	4.277297744039194	2.4216639438867715	5.902234165030444	0.8774456048197443	1.3011811748247064	2.0318370654286504	1.6330243386183874	2.928160704328472	1.9237842386825474
5.894951987761472	5.317514033474136	3.204137726882403	2.8174452279495	4.833981073060241	4.351832093000549	2.451687161315931	5.642199207353201	0.9810330001395438	1.140772094900613	2.070601566005443	1.6111512044254805	3.2713396943863557	1.8930299830183324
6.015764445351498	5.453467990019625	3.249487444182261	2.8733523149483413	4.948473809612902	4.286148400634036	3.6353531341853182	4.596778342749834	1.2731933133909534	1.5596111391845016	2.42155938840665	1.56340542955966	3.653635011541271	1.7340976953029645
6.086694745642753	5.553557441577405	3.2829889673560806	2.8770533834480707	4.988947908443003	4.390626702828145	2.870898396613523	5.431968497212383	1.3154576072579989	1.2275268117131177	2.4671574210390963	1.6051557056556156	3.736665363448457	1.5565644892329293
6.092522414371263	6.040785363372479	3.671528501282952	2.8174419209044372	5.079555622251582	4.236047073631324	2.853813139607338	5.463011590456572	1.4897554056130606	1.5476452081560477	2.6639535964283225	2.1337470051703056	4.079900244058452	1.2894313406073568
6.190197188991664	6.123480321262658	3.7612798430595973	2.9231705193379147	4.9507349199878545	4.421432508822908	1.895117718232142	6.392946564372726	0.8269521183484454	1.5832879182102042	2.770256863076183	2.6135130275893217	4.178036661058885	1.3297766124171742
6.1992912701657135	6.162752016217805	3.8174524165078076	2.9748780085689797	4.934687857182942	4.505815150958931	1.8070473277139527	6.375915091934759	1.035019710873458	1.6118382435173018	2.8455020849592008	2.73694066693126	4.199711154495889	1.3269889373564598
6.147152741567887	6.158941235367193	3.9243079591506413	3.0375100858832846	4.9080253224224775	4.542105296680644	1.8126987775061014	6.310548505316897	0.8111266486650557	1.7213589420414421	2.99400690313435	3.134658878693924	4.248300794829907	1.3271530538707716
6.106644043298611	6.179277033732235	3.985216870614913	3.038644274541453	4.909069453465898	4.452243006679389	1.8529615310561192	5.968136500399416	1.0183105827471324	1.7434290120917644	3.030258067561603	3.387696317264387	4.349880163425466	1.30241683862908
6.187348009781329	6.2816530808431095	4.010707483804313	3.0415879323252524	4.9247839944114435	4.507102324173323	1.7991141369919688	6.252700050825008	0.9903610300718947	1.8739491298769657	3.0747719746928226	3.7727185281387463	4.3022064588993425	1.0574703479080045
6.234262489531214	6.337852086295605	4.01315028422795	3.037591364545803	4.920237645011083	4.481546282490703	1.7788283234005136	6.355765355691797	0.836599560414286	1.738389138741589	3.024730804334502	3.973070043229863	4.252367107824869	1.1762691487321175
6.279599336061658	6.413944936855152	4.044279847309048	3.0390519229537625	4.901673812394579	4.593780532611172	1.7523095372762518	6.27018457364944	0.8039587211932242	1.7720355602718239	3.236487615135683	4.372070031453076	4.226923366104015	1.4646246225318698
6.336581762241997	6.479272755838186	4.078144241637372	3.054729563730832	4.856696078895283	4.657564806290958	1.749174430931437	6.176944548329468	0.7948905121609912	1.8538848747675327	3.3191104644683698	4.509139400289178	4.11945819568726	1.5983500967922002
6.377882757723096	6.492618857956179	4.100232961915018	3.0878867132631647	4.8380372962824065	4.696583466369765	1.7367286390719	6.087348162005384	0.8008594567035159	1.8095544582252914	3.4181767391574907	4.557799445174501	4.05193789992633	1.6209576355684177
6.36825478373879	6.539070675134894	4.16891236854363	3.081268919968813	4.78959962348948	4.509434249969234	1.7377918201358948	6.20844121271641	0.7895010668609224	1.7688333976619763	3.3801594359219393	4.5197011834987375	4.024507186068647	1.6370041182144828
6.359041150926679	6.565219554873005	4.182005850383327	3.0601211289544623	4.727312075797114	4.413181550528536	1.7425740647769143	6.285592051331346	0.80237207348924	1.741474898699812	3.4074709786929667	4.56035189747061	3.806850391521383	1.6752658049808056
6.316216086251855	6.606304191944092	4.2559088707632355	3.047645812266826	4.781454926915224	4.291355962232491	2.366168242125773	5.5831928350932785	1.0055079115055565	1.525130518153221	3.412583766921325	4.643501484337724	3.7119432200455513	1.6932439464062679
6.267709716173249	6.641587713202668	4.294078839558045	2.9818143757007047	4.7281361092848035	4.262928335543171	2.111402291215867	5.636751054609833	0.953587643329753	1.6083620315459064	3.4070708256490447	4.801829094084299	3.7054327001675986	1.7197864960646612
6.258696882559789	6.722151013342293	4.318404432681104	2.9165638350706398	4.734805053827559	4.218891219137848	2.2845377842439194	5.638965701853492	1.0522394383433418	1.3714507555028905	3.42238647780011	4.74707119924168	3.6604670360081486	1.7695709978776268
6.299891951333039	6.7375331032346635	4.321619441214386	2.944702918631094	4.6865191557038335	4.268779577727945	1.5807557428219714	6.332640834285246	0.8306700154231779	1.6043516792517525	3.3982656222347023	4.885469745920435	3.712160145901373	1.7570984070316638
6.336988398001712	6.743496790063486	4.335164664429196	2.9664846008284145	4.66593307599266	4.332578996143097	1.5418554753312876	6.377538231449004	0.8455607470036659	1.5451789403383505	3.4528870998204026	4.902242929011534	3.6243146368744426	1.7355759249126212
6.376587575618938	6.758384733971212	4.320110499337142	2.974709445079918	4.6468071897823835	4.3155614559679005	1.5513927401362253	6.400546598587413	0.8338709715803878	1.4179242707994424	3.445116395587944	4.943293995614129	3.645993815068749	1.7135604540708265
6.399461533938689	6.763206304933355	4.33227551729776	2.984778855414431	4.628509885064746	4.222038746906955	1.5741576941078632	6.477614716828801	0.8178599737541798	1.4038048024628762	3.402379185371185	4.952469740538466	3.612264977752612	1.7562355367751195
6.399273462438406	6.777708523675391	4.362606624792956	2.9988730059261215	4.613544103669865	4.184734727887722	1.5653775261963063	6.483347434857049	0.8212782451553178	1.3717305343111672	3.4304516662384925	5.021936948762525	3.5108952053113045	1.841117655328365
6.4304912351138315	6.778343399176023	4.379778968804297	3.0088538526786817	4.6041677912547625	4.154182729242495	1.559882963522426	6.513625664228222	0.8226758136390109	1.3365140681207797	3.4229500300330313	5.021905481313394	3.453863109677812	1.917696889021411
6.468547893029448	6.800314887431233	4.37467225524483	3.018224485899677	4.585139759543734	4.115719532971153	1.5783643492362587	6.559634605285266	0.8826828768444701	1.3123914044895515	3.4044491102583363	5.026743728584094	3.4651021096250583	1.9428014190285066
6.488639356553257	6.808727944104523	4.370734778024427	3.033478557505416	4.594890620121805	4.105687198495855	1.5671436938525736	6.574318858815839	0.9455768423545642	1.3244615335005416	3.39393568100527	5.070468546845242	3.4456175928500556	2.0022666460410914
6.4744612051639745	6.819114629871839	4.36815858775379	3.0142117592162547	4.571360938508748	4.105606408880114	1.5631635288436374	6.599286348212071	0.9659309891239654	1.3624983697403454	3.3536805445690825	5.096922926927329	3.4303544206279484	2.0284991823799805
6.503008585492043	6.836544970266255	4.361787156425572	3.0189573678216775	4.553370132917633	4.1312118281255215	1.576302641442998	6.540096801871212	1.0199295406025888	1.4001264990916864	3.3539341761688584	5.085717860778047	3.3321954486571017	2.071999725516303
6.482635036857415	6.860716007491648	4.4025410795912325	3.0151667051273443	4.521421393414751	4.136652392002787	1.5764293350162781	6.514310616189272	0.9888444036073339	1.1475720849788498	3.3178066336583187	5.079695061550317	3.2904357244637503	2.1012946315604504
6.46227449884676	6.860107030456694	4.427312407872104	3.009330803903994	4.535413653764683	4.088200893365435	1.593069961990909	6.544981242203717	1.0574923725049046	1.3406217359157735	3.2787077721591102	5.04580585001816	3.2805397285241034	2.073164008112189
6.490477066391965	6.858308949315088	4.408029011780563	3.0060125395915134	4.52799431000461	4.1162801782564555	1.5700962289268383	6.529483459531008	0.9770586867745396	1.114313183946321	3.2649718016340508	5.097683903009246	3.1511192900607305	2.156260818492256
6.471711742292927	6.856101474857368	4.422106552088488	3.004568216903698	4.522187797022064	4.112428390078788	1.5453291726706389	6.527068727211069	0.8804033792110406	1.225358443438711	3.265046392863052	5.089858965997804	3.128316597659736	2.1632893114114653
6.430302842397633	6.85615433089171	4.451007811019056	2.976705359161807	4.517926125949966	4.088420307865986	1.54936258569133	6.545168872483822	0.8849991731795861	1.271064957360275	3.1899009006866206	5.046522680270486	3.098704096581078	2.147016004975018
6.43934438717537	6.848179582224743	4.438548235473658	2.956932351867636	4.524560183830645	4.059508920204093	1.554310099587414	6.6040605505688745	0.9013722649252827	1.4011790801772634	3.144566557378478	5.035523952946595	3.0579496016775076	2.1974486299458507
6.430443728282057	6.856354667759182	4.445250423912777	2.943036345813679	4.518312501861695	4.0657837334499725	1.5546384214499596	6.601389219286408	0.8605911945221637	1.248790113096095	3.115738034023537	4.997145689495713	2.9507488898648346	2.197669149207543
6.437272364127109	6.841511587423798	4.436867540002394	2.9488163516448664	4.517203480563283	4.080276266310135	1.55390545868157	6.589691060197126	0.8471970841914429	1.248813018149019	3.1379120527040625	4.934793861627431	2.8486865987108416	2.1968854467579493
6.363323183912174	6.849626329407782	4.473001077179759	2.8904544066893623	4.488286663716344	4.126724863649009	1.578289925999521	6.630661208060198	0.8834051261201136	1.2125157775356894	3.1524950996405816	4.8990999144008915	2.7811905888485975	2.166242864941299
6.315535013797509	6.847712982273864	4.506965181402296	2.8663104027703374	4.496171455247347	4.103158812327522	1.7251805525478414	6.826444829241588	0.5744387903561076	1.3543215322545414	3.1076359264957323	4.872750153658696	2.7951573570102703	2.147544598369307
