0	1	2	3	4	5	6	7	8	9	10	11	12	13
8.179120746895272	3.0044255545691176	6.570578664769551	4.612967636694904	5.18275436489698	2.3427355272843737	4.434504124416918	1.788293381328192	1.5046632090649272	0.33602430672549155	2.1205535540208893	4.903233652349764	0.23661828474993213	3.8019849471413547
8.29596853759436	2.8958951708447422	6.625943163595979	4.565920544843079	5.091696874557177	2.2143316533537987	4.539045944376878	1.9664980425459817	1.4837207344072723	0.28845952662769836	2.0054929733350746	4.908606541936118	0.39520809802541607	3.8528325604943734
8.29596853759436	2.8958951708447422	6.576045170424215	4.615818538014773	5.049630767286384	2.354010607563632	4.524066341429736	1.920265777717174	1.5071480879099184	0.2449108304186046	1.9540925919930527	4.908606541936118	0.4981226630428576	3.8514571912433238
8.29596853759436	2.8958951708447422	6.576045170424215	4.615818538014773	5.049630767286384	2.354010607563632	4.524066341429736	1.9638743555465832	1.450436975404324	0.20130225259063242	1.9540925919930527	4.908606541936118	0.4981226630428576	3.8514571912433238
8.29596853759436	2.8958951708447422	6.576045170424215	4.615818538014773	5.049630767286384	2.354010607563632	4.524066341429736	1.9638743555465832	1.450436975404324	0.20130225259063242	1.9540925919930527	4.908606541936118	0.5497209600313029	3.8514571912433238
8.29596853759436	2.95121226779962	6.576045170424215	4.6711356349699065	4.994313670331277	2.354010607563632	4.524066341429736	1.9638743555465832	1.450436975404324	0.19686418612725765	1.9540925919930527	4.908606541936118	0.5964091939494989	3.802713518989917
8.29596853759436	2.95121226779962	6.625943163595979	4.621237641798121	4.937865156528057	2.348192825865813	4.580514855233	1.919794144072533	1.393792512141568	0.19686418612725765	1.9540925919930527	4.908606541936118	0.5964091939494989	3.802713518989917
8.29596853759436	2.95121226779962	6.625943163595979	4.621237641798121	4.937865156528057	2.3922028355434493	4.580514855233	1.8757841343951551	1.393792512141568	0.15439234042894787	1.898371186155999	4.856293153775266	0.6521305997869414	3.855026907150873
8.353656631465412	3.000484352233102	6.683631257466902	4.670509726231612	4.888593072094761	2.3922028355434493	4.580514855233	1.9194526668116108	1.393792512141568	0.11072380801366691	1.898371186155999	4.913981247646281	0.6521305997869414	3.855026907150873
8.353656631465412	3.000484352233102	6.683631257466902	4.670509726231612	4.9306838660809795	2.3922028355434493	4.5742572043839	1.9194526668116108	1.3579593690043055	0.11072380801366691	1.898371186155999	4.913981247646281	0.6521305997869414	3.855026907150873
8.368628197711114	2.9419647700771545	6.640083241556781	4.670509726231612	4.9306838660809795	2.3922028355434493	4.5742572043839	1.9194526668116108	1.3916502504412496	0.11072380801366691	1.784230197159887	4.870433231735981	0.7077520066268407	3.855026907150873
8.324992296082726	2.9419647700771545	6.5964473399285035	4.670509726231612	4.972691901874475	2.3922028355434493	4.532249168590542	1.9194526668116108	1.3916502504412496	0.11072380801366691	1.784230197159887	4.82679733010781	0.7077520066268407	3.855026907150873
8.384359108756575	2.882597957403263	6.5964473399285035	4.670509726231612	4.91637539361377	2.3922028355434493	4.588565676851021	1.9194526668116108	1.3916502504412496	0.11072380801366691	1.7248633844860735	4.774398046188505	0.7594259652802211	3.9561698633232503
8.384359108756575	2.882597957403263	6.5964473399285035	4.670509726231612	4.91637539361377	2.3922028355434493	4.588565676851021	1.9194526668116108	1.3916502504412496	0.11072380801366691	1.7804847913264445	4.774398046188505	0.7038045584394541	3.9561698633232503
8.502241511102708	2.7647155550573985	6.5964473399285035	4.670509726231612	4.91637539361377	2.3922028355434493	4.588565676851021	1.9194526668116108	1.3916502504412496	0.06830837195197167	1.6626023889801587	4.774398046188505	0.7038045584394541	3.9561698633232503
8.504110601139942	2.7051084739814155	6.538709348889667	4.670509726231612	4.91637539361377	2.3922028355434493	4.588565676851021	1.9194526668116108	1.3916502504412496	0.06830837195197167	1.6029953079043557	4.7690593390689475	0.7504000269284542	3.9511411934712473
8.504110601139942	2.7051084739814155	6.586367534155748	4.622851540965462	4.91637539361377	2.300534640599609	4.588565676851021	1.9634626764890366	1.3579593690043055	0.11072380801366691	1.6029953079043557	4.7690593390689475	0.7504000269284542	3.9511411934712473
8.622106501929904	2.587112573191193	6.586367534155748	4.622851540965462	4.818084413048337	2.300534640599609	4.686856657416655	1.9634626764890366	1.3579593690043055	0.11072380801366691	1.4849994071142556	4.7690593390689475	0.7504000269284542	3.9511411934712473
8.622106501929904	2.6425137673668644	6.586367534155748	4.678252735140935	4.762683218872768	2.3462305392443557	4.686856657416655	1.9177667778444127	1.3579593690043055	0.11072380801366691	1.4849994071142556	4.7690593390689475	0.7504000269284542	3.9511411934712473
8.622106501929904	2.6425137673668644	6.586367534155748	4.678252735140935	4.762683218872768	2.3462305392443557	4.686856657416655	1.9177667778444127	1.301381548093274	0.11072380801366691	1.4849994071142556	4.7690593390689475	0.7504000269284542	3.9511411934712473
8.622106501929904	2.6425137673668644	6.586367534155748	4.678252735140935	4.720543648500959	2.3462305392443557	4.728996227788387	1.9177667778444127	1.301381548093274	0.11072380801366691	1.4849994071142556	4.7690593390689475	0.7504000269284542	3.902399820679355
8.681953544913668	2.5826667243830377	6.586367534155748	4.678252735140935	4.720543648500959	2.302152863344244	4.728996227788387	1.9618444537443809	1.301381548093274	0.11072380801366691	1.4765608090995106	4.7690593390689475	0.6989915819600262	3.902399820679355
8.681953544913668	2.5826667243830377	6.586367534155748	4.678252735140935	4.720543648500959	2.302152863344244	4.728996227788387	1.9618444537443809	1.301381548093274	0.11072380801366691	1.4765608090995106	4.7690593390689475	0.6989915819600262	3.902399820679355
8.681953544913668	2.5826667243830377	6.586367534155748	4.678252735140935	4.720543648500959	2.302152863344244	4.728996227788387	2.0055730136362815	1.301381548093274	0.06699524811645521	1.4765608090995106	4.7690593390689475	0.6989915819600262	3.902399820679355
8.624303570870243	2.5826667243830377	6.528717560112302	4.678252735140935	4.762683218872768	2.3462305392443557	4.686856657416655	1.9614953377362383	1.301381548093274	0.10504149129480458	1.4765608090995106	4.711409365025479	0.6989915819600262	3.902399820679355
8.624303570870243	2.5826667243830377	6.528717560112302	4.678252735140935	4.762683218872768	2.3462305392443557	4.686856657416655	1.9614953377362383	1.3579593690043055	0.14750711815298456	1.4765608090995106	4.763722753186346	0.6989915819600262	3.8500864325185775
8.580530137893028	2.5826667243830377	6.48494412713516	4.678252735140935	4.762683218872768	2.3462305392443557	4.686856657416655	1.9614953377362383	1.3579593690043055	0.10946709382006459	1.4765608090995106	4.719949320209063	0.6989915819600262	3.8500864325185775
8.580530137893028	2.5826667243830377	6.48494412713516	4.678252735140935	4.81894160293959	2.3462305392443557	4.63059827334978	1.9614953377362383	1.3579593690043055	0.10946709382006459	1.4765608090995106	4.719949320209063	0.6989915819600262	3.897378881011565
8.580530137893028	2.5826667243830377	6.48494412713516	4.678252735140935	4.81894160293959	2.391996743561162	4.63059827334978	1.9157291334193636	1.414603832266841	0.10946709382006459	1.4765608090995106	4.719949320209063	0.6989915819600262	3.897378881011565
8.580530137893028	2.5826667243830377	6.48494412713516	4.678252735140935	4.917290707698885	2.43600135804892	4.568011116572711	1.8717245189314464	1.3788418842849997	0.10946709382006459	1.4765608090995106	4.719949320209063	0.6989915819600262	3.897378881011565
8.536668557985413	2.5826667243830377	6.441082547227577	4.678252735140935	4.917290707698885	2.479935679808906	4.568011116572711	1.8277901971716164	1.3788418842849997	0.1519954149863537	1.4765608090995106	4.67608774030157	0.6989915819600262	3.897378881011565
8.536668557985413	2.5826667243830377	6.441082547227577	4.678252735140935	4.917290707698885	2.479935679808906	4.624988058851643	1.8277901971716164	1.3218649420057835	0.1519954149863537	1.4765608090995106	4.67608774030157	0.6989915819600262	3.897378881011565
8.492718616190066	2.5826667243830377	6.397132605432185	4.678252735140935	4.973689775274388	2.479935679808906	4.511612048997166	1.8277901971716164	1.3788418842849997	0.1519954149863537	1.4765608090995106	4.679189644442698	0.6989915819600262	3.8503270350745535
8.492718616190066	2.5826667243830377	6.397132605432185	4.678252735140935	4.973689775274388	2.479935679808906	4.511612048997166	1.8277901971716164	1.3788418842849997	0.1519954149863537	1.5322741513095601	4.679189644442698	0.6950275284500452	3.801668415240901
8.508648853298139	2.578194415885925	6.4506576226892225	4.636185646494948	4.97467502660578	2.3823721434604384	4.455130349962942	1.8277901971716164	1.4355529967909095	0.19458027739407047	1.4723053951100749	4.687387710921059	0.6950275284500452	3.798090449504866
8.508648853298139	2.578194415885925	6.4506576226892225	4.636185646494948	4.97467502660578	2.3823721434604384	4.476379738482608	1.8277901971716164	1.4143036082710385	0.19458027739407047	1.4723053951100749	4.687387710921059	0.6950275284500452	3.798090449504866
8.46452154105176	2.578194415885925	6.406530310442849	4.636185646494948	4.97467502660578	2.3823721434604384	4.476379738482608	1.8277901971716164	1.4143036082710385	0.1519954149863537	1.4723053951100749	4.643260398674838	0.6950275284500452	3.798090449504866
8.524612250353606	2.5672577564996915	6.406530310442849	4.685339696410415	4.925520976690514	2.3823721434604384	4.476379738482608	1.8277901971716164	1.357592495765137	0.1519954149863537	1.412214685808307	4.643260398674838	0.7468609630349974	3.798090449504866
8.524612250353606	2.51810370658431	6.406530310442849	4.636185646494948	4.97467502660578	2.4282029089519104	4.4405809690612275	1.7819594316802363	1.3933912651866458	0.19002912844864256	1.3608143044660626	4.690407032095483	0.7982613443767813	3.7996827603873498
8.524612250353606	2.51810370658431	6.406530310442849	4.636185646494948	4.97467502660578	2.4282029089519104	4.4405809690612275	1.7819594316802363	1.3933912651866458	0.19002912844864256	1.4166358735307751	4.638161602339443	0.7943574761352861	3.851928190143333
8.524612250353606	2.5736955492851337	6.406530310442849	4.691777489195867	4.919083183905014	2.4282029089519104	4.4405809690612275	1.7819594316802363	1.3933912651866458	0.19002912844864256	1.4166358735307751	4.638161602339443	0.8463595633868826	3.9007475872653123
8.524612250353606	2.5736955492851337	6.454358089504725	4.643949710134016	4.919083183905014	2.3803751298898503	4.4405809690612275	1.7819594316802363	1.3933912651866458	0.19002912844864256	1.4166358735307751	4.685385506573145	0.8984461570930239	3.8535236830317414
8.524612250353606	2.5736955492851337	6.454358089504725	4.643949710134016	4.919083183905014	2.3803751298898503	4.4405809690612275	1.7819594316802363	1.3933912651866458	0.19002912844864256	1.4166358735307751	4.685385506573145	0.8984461570930239	3.902423661279153
8.524612250353606	2.6785132364644975	6.406530310442849	4.7965951763752654	4.870829898931888	2.4282029089519104	4.4198153362765105	1.7819594316802363	1.357592495765137	0.2326075876265918	1.4166358735307751	4.732695697666876	0.9506173771106121	3.8551134701854317
8.466929110131954	2.6785132364644975	6.348847170221212	4.7965951763752654	4.82889674070378	2.4282029089519104	4.461748494504553	1.7819594316802363	1.357592495765137	0.2326075876265918	1.4166358735307751	4.774680412334824	1.0028733431257395	3.8044263029290075
8.529228968268193	2.6162133783283403	6.348847170221212	4.7965951763752654	4.82889674070378	2.4282029089519104	4.461748494504553	1.7819594316802363	1.357592495765137	0.23722174671984517	1.4662802992735056	4.822172030042207	1.0482066274953863	3.9043622863076117
8.589691562642516	2.555750783953858	6.348847170221212	4.7965951763752654	4.885569277205865	2.4282029089519104	4.405075958002402	1.7819594316802363	1.357592495765137	0.23722174671984517	1.4619407473075288	4.869750322317263	1.0973612134633732	3.9082095072965934
8.545451284832286	2.604785621545575	6.404002578041006	4.746234328336988	5.033758685656017	2.4164591962095705	4.20785171196045	1.6943074587924478	1.357592495765137	0.23722174671984517	1.5744894506753955	5.209277301232173	1.409350881871868	3.7277701751973202
8.429466352435304	2.712092167444551	6.346384618210588	4.79517390166937	5.041689000045075	2.460180057548962	4.129732435719402	1.6505865974530405	1.4355529967909095	0.23722174671984517	1.689282410677727	5.248479953231718	1.4599211589504015	3.730977704820867
8.448865416823411	2.6465337875793535	6.2923133461535645	4.803085858249113	4.985942903340983	2.366524693920826	4.129732435719402	1.652679261065154	1.4355529967909095	0.24287281974394714	1.9086670115517714	5.497911049084649	1.7055676748118578	3.783082350371386
8.346913442493621	2.6465337875793535	6.19036137182377	4.803085858249113	5.042895643282623	2.410179011846835	4.0727796957779185	1.6090249431390748	1.4355529967909095	0.24287281974394714	2.0743002637872467	5.545924590913478	1.7036557902288798	3.8368490186536617
8.203710286325766	2.5856957668842093	6.082237384653659	4.707168668556336	4.746638997834004	2.2706075042279372	4.261536727113999	1.652679261065154	1.5430526109033453	0.24287281974394714	2.7007906995636812	5.637824961118762	1.9029471426930458	4.269710206191451
8.043145830205479	2.7000135465950996	6.028232762330481	4.714926614469981	4.690797705107242	2.2225241574148464	4.261536727113999	1.652679261065154	1.5430526109033453	0.24287281974394714	2.8762801452820135	5.736915673826666	1.954718207728277	4.331578845426398
7.985949885872431	2.8534671163141794	6.119541195776973	4.719875806409586	4.8489416693882825	2.159032427658003	3.9499391931138153	1.5676666130425616	1.5430526109033453	0.24287281974394714	3.357174028113302	5.773882660523622	2.2389392124706626	4.4315833027417115
7.883885697714529	2.902082902607343	6.06681236754394	4.719156232777963	4.899139304221348	2.1531461749383682	3.851125771987316	1.4805489734210486	1.5430526109033453	0.20130225259063242	3.365869357408977	5.7203337156289304	2.3004325295750516	4.39499970851731
7.78177846081237	2.8947200780921674	6.112214812868745	4.5642837260357885	5.0625196903968455	2.0490163391607004	3.731012733320053	1.3935605491419276	1.5071480879099184	0.2449108304186046	3.5820468294280428	6.127796206685605	3.1417149576606946	5.196387176010408
7.262846810975885	3.273778313948163	5.918229749114356	4.6183953758098415	5.100335161538748	1.9431432598445957	3.492317674124111	1.3526656901777383	1.5071480879099184	0.2449108304186046	3.948745458439941	6.516657820935223	3.9362348125556466	6.094215035294717
7.099554904722795	3.3826492330357816	5.912608879341272	4.569595258417465	5.109614770284839	1.8461995095296782	3.4707275755927927	1.3091169939685494	1.4713149447727392	0.24592496035316508	4.019235884126915	6.679579153333688	4.131538011126228	6.124225300485836
6.691378542318239	3.561101332095779	5.682884615996591	4.569595258417465	5.109614770284839	1.8461995095296782	3.4137874341609677	1.265628106335845	1.5282550862047968	0.2469358492823073	4.550042224073142	6.879720911410483	4.378147128567732	6.441172906052971
6.5277346287850415	3.6215863335022633	5.628403110218982	4.520917852068139	5.150731717952555	1.79752210318046	3.372670486493156	1.265628106335845	1.5282550862047968	0.20451435198521248	4.799648540659874	6.885015847362381	4.337008915223125	6.576593944400995
5.970027251725713	4.04002520296797	5.489134602625536	4.520917852068139	5.109614770284839	1.79752210318046	3.4137874341609677	1.265628106335845	1.5282550862047968	0.2469358492823073	5.221052496096708	6.970804536077549	5.378126917005487	7.3794809233026255
5.801324941880231	4.275057831713557	5.548137878683639	4.528244894910095	4.99626895603603	1.748926573442401	3.471210675829622	1.265628106335845	1.5282550862047968	0.2469358492823073	5.411340082337053	6.983548042108194	5.410220138334072	7.1565097600124705
5.741703964946958	4.334678808646901	5.59640644163661	4.479976331957261	4.99626895603603	1.700658010489692	3.471210675829622	1.2221989541627312	1.4715439736986837	0.2479435041588857	5.418031446547137	6.87559113532568	5.439158340737232	6.980439914486178
5.202097314494337	4.572913525158159	5.246765944742299	4.528244894910095	4.99626895603603	1.748926573442401	3.471210675829622	1.2221989541627312	1.4378226181721832	0.20977835492891167	5.4540986324167156	7.358612356152321	6.675849735661062	7.478000341799741
4.988705330452652	4.6438988308612705	5.104301921748709	4.52830223956543	5.060622169545963	1.7971133964471293	3.4549869406693356	1.2221989541627312	1.404034438565546	0.20977835492891167	5.637598646702979	7.324776491758541	6.635965243398596	7.455184722445651
4.505030580921073	4.936913445570282	4.8576109131244385	4.584333113366852	5.062125236020068	1.7971133964471293	3.3615856682410663	1.2221989541627312	1.4966855627063276	0.25220584722011763	5.928063377196708	8.717993302536943	6.895307122009382	8.656341948007544
4.290731317222777	5.055768839116273	4.762167042972275	4.584333113366852	5.062125236020068	1.7971133964471293	3.3974530003937464	1.2221989541627312	1.460818230553765	0.25220584722011763	6.1760050284569195	8.742684919920261	6.935179261007465	8.444223422574483
3.8166902439527823	5.28953165087225	4.521888781458044	4.584333113366852	5.062125236020068	1.840290001944096	3.3615856682410663	1.1790223486660674	1.4966855627063276	0.2946899327602302	6.173599158711037	9.038407048496863	5.773580862123797	8.562369494146436
3.5552231973970816	5.405678839646556	4.42475574668165	4.536146290361988	5.062125236020068	1.7921031789391315	3.3615856682410663	1.1790223486660674	1.4966855627063276	0.2946899327602302	6.117729559878451	9.203802584984667	5.370217953626845	8.72630253375412
2.9737183132183596	5.693922325618719	4.325060434738566	4.342580204098747	5.160885023936228	1.6441907613867357	3.262825880324741	1.1333686799555338	1.553536360993746	0.3372306780454614	5.823140442142998	8.162322552066065	3.9350095406615813	8.213522766081896
2.7607280941163306	5.808375474744423	4.323470445698403	4.245633123162163	5.160885023936228	1.5472436804502376	3.262825880324741	1.1333686799555338	1.6104541721137071	0.37982814950456745	5.33526655957959	7.947836629511677	2.843890762128526	8.08296224455681
2.463076705331566	5.91353731129643	4.179812303215895	4.196801713412021	5.112769907869575	1.5418109821747792	3.262825880324741	1.0418548524138855	1.6104541721137071	0.37982814950456745	5.099176366128345	7.667904226966476	0.9690009337516304	7.6029596884439545
2.085784006666334	6.084514801780856	4.078191706783374	4.092107101663825	5.168786419388096	1.538993235244505	3.3198002107720797	0.995994499115095	1.5197341793742065	0.37982814950456745	4.509650021627306	7.649694834090624	1.7027153702166669	7.9752034839195955
2.2550874820139684	5.984017463215709	4.348666849305193	3.8904380959244373	5.231709604881585	1.48731987753757	3.360943230781466	0.9500650565852363	1.5767558679835965	0.46519353628025506	4.006114607584336	7.35428353328313	1.8500871757289092	7.0462633982190574
2.310583811176654	5.988432695413384	4.464421121897391	3.834595384692722	5.287552316113189	1.5333185063803858	3.360943230781466	0.9000559877519593	1.6338447580419215	0.4692039762703736	3.890837568663856	7.235724135611673	2.6462805183268454	6.9492122743892555
2.836453169742713	5.568750312805243	4.522450517165541	3.8827529653825663	5.2393947354234065	1.5333185063803858	3.360943230781466	0.9000559877519593	1.6338447580419215	0.5119720240694855	3.163195874615662	6.897361341865587	3.105616841369935	5.971269249317094
3.0018612310400834	5.511572257764666	4.630680523422051	3.8827529653825663	5.2393947354234065	1.5333185063803858	3.360943230781466	0.9000559877519593	1.6338447580419215	0.5547970630013881	3.287891006542842	6.831376237075168	2.8549895638443705	5.811666911669343
2.6997353433524056	5.455837173315174	4.3285546357345	3.827017880932914	5.295129819873114	1.5793864185539133	3.360943230781466	0.8539880755789306	1.6338447580419215	0.5547970630013881	3.43623021346087	6.893074513606115	4.720860435124856	4.526713586081273
2.6070971900630187	5.396024746964176	4.176104056093945	3.827017880932914	5.295129819873114	1.5793864185539133	3.360943230781466	0.8539880755789306	1.691000854861308	0.5976791591138076	3.6871415615519187	7.20239021230421	4.529346211788684	3.5768222768607068
2.6667188008644294	5.397566634273665	4.244561156929614	3.8197242782085503	5.293154587774048	1.6277343516373495	3.475605708906162	0.8106838669256424	1.6339551446434855	0.6839225870264997	3.2733999837301773	6.830421128090498	4.04904584335021	2.63261920185145
1.8647119038145394	5.629346773785366	3.7298825171993	3.764176160400731	5.348702705581802	1.720078413716677	3.511404478327446	0.7183398048456368	1.6553796835929688	0.7269189953215406	2.3110171766806116	6.040618145562755	3.0228375683248276	1.6713838950970332
1.5911090081001225	5.743289557259637	3.625677235672902	3.7087213296868344	5.404157536295639	1.8127007716532293	3.511404478327446	0.708321214422074	1.6217153038176437	0.6873688909449898	2.4167785514210354	6.01276571587567	2.4911694908259703	1.2522920485492133
1.0495810927614433	5.9766948543298195	3.4771108984795203	3.549165048611828	5.473533666985853	1.8101905973686825	3.609741224779639	0.7052632692877838	1.5646327517394516	0.8338751300357046	1.962491614732363	5.266728927993701	0.9163427530008098	0.5318334669851691
0.5509397929171947	6.369454631703108	3.4202380411785582	3.5001563834407405	5.473533666985853	1.8076675779156792	3.609741224779639	0.6587776235698278	1.5646327517394516	0.7201279781930602	2.1066847488315688	5.040030658881732	0.6362793192650655	0.7483209368784673
0.38787053040452507	6.47941942599984	3.3671335729639256	3.5001563834407405	5.415971649563721	1.8076675779156792	3.6673032422019007	0.6587776235698278	1.5646327517394516	0.6820981287976151	2.0923708996624595	5.05194358801438	0.6288451512174759	0.8104095907435545
0.6607929652077168	6.417475660261684	3.6342227727663965	3.444045852703615	5.422990667959003	1.7585760655735612	3.6673032422019007	0.6587776235698278	1.530900977458475	0.605866659330791	2.3491545125538584	4.892991722113596	0.07679882905631336	1.2339665104268942
0.719913565629019	6.417475660261684	3.693343373186588	3.444045852703615	5.422990667959003	1.7585760655735612	3.6673032422019007	0.7021949258542896	1.530900977458475	0.5624493570468369	2.4110950076461743	4.812751064443279	0.13754471011417227	1.227838574599957
0.830393580392541	6.412392765201487	3.847914990394728	3.3948713551996783	5.365511622125008	1.7524490431950102	3.7247822880359274	0.6591474507295657	1.463234528327664	0.485988222761943	2.283062264160866	4.417344523065112	0.5366051298068244	1.9067048406300036
1.0521053172649273	6.3575708772759105	3.9596417390855145	3.4500344554553313	5.310348521869155	1.7524490431950102	3.7819360756826277	0.6591474507295657	1.406080740681045	0.485988222761943	2.173077275979591	4.275062550199892	0.6670907713483455	1.7148948909652377
0.9448810835909078	6.462046060647145	3.9636295191555337	3.44329762508244	5.365511622125008	1.8474254333869302	3.7819360756826277	0.6125973304206039	1.406080740681045	0.485988222761943	1.7842730632353996	4.200961182435636	0.11657243764053722	1.8407951002251
0.8902793503372897	6.461577255156708	3.9636295191555337	3.3882270863380515	5.363186022800848	1.8474254333869302	3.8393322137510584	0.6125973304206039	1.314735513687109	0.4908100924460369	1.6585960904451453	4.076703848822348	0.0002766648198347666	1.7139171732622085
0.9448810835909078	6.40697552190284	3.9636295191555337	3.3882270863380515	5.363186022800848	1.8940454884825355	3.8393322137510584	0.6094541157548747	1.2806950044351697	0.44733325201602103	1.6060643475079073	4.1335351605494495	0.3770724586911493	2.012908644067825
0.8420290209286957	6.297281555607027	3.7568858266190523	3.382424749916926	5.36085083670705	1.9432212605742945	3.896645508358104	0.6094541157548747	1.1891697698542723	0.44733325201602103	1.432059747798383	4.036200163088998	0.38300509276939493	2.0700241388647056
1.162551744895577	6.081912702131825	3.8135290229914003	3.430935424036106	5.36085083670705	1.9917319346934808	3.896645508358104	0.6094541157548747	1.1891697698542723	0.44733325201602103	1.33804085794649	3.8906984462459064	0.5010595769087327	2.127953868089213
1.3181157403596913	6.031068547744118	3.918248864067301	3.430935424036106	5.3194027923808225	1.9917319346934808	3.93809355268429	0.6529905667117591	1.1891697698542723	0.40379680105859106	1.410351445855691	3.99367398322927	0.6242143192044871	2.1875066681509843
1.264959202538407	6.022385904496196	3.911295492801322	3.3760496142331418	5.3170308971698645	2.038422020423611	3.995351257698236	0.6063004809813768	1.2124089368753819	0.4952131878680889	1.6389252523634021	4.166190454960608	0.6160744569293821	2.240608043036166
1.3210216694321062	5.907279880750896	3.8522519359501324	3.3760496142331418	5.3170308971698645	2.085182232553656	3.995351257698236	0.5595402688509723	1.2124089368753819	0.6811510650562319	1.7666991462567196	4.1661397897206625	0.6631265789251908	2.295982212819018
1.3254136207958183	5.902887929387424	3.8522519359501324	3.3760496142331418	5.259856110157119	2.1320126667621975	4.052526044711059	0.4734343191830934	1.235722609755537	0.6669456197652978	2.2447940023218353	4.2264973923507005	0.24896447158189863	2.356339815449126
1.5998657511776644	5.732562891173746	3.956379028118441	3.3760496142331418	5.259856110157119	2.1320126667621975	4.052526044711059	0.4734343191830934	1.235722609755537	0.7048613052904634	2.1945849377545588	4.211273990277577	0.24301778508735603	2.2369893212077887
1.9259584537731538	5.616745222254999	4.160278926111123	3.382424749916926	5.2621450873668785	2.083501992643047	3.995351257698236	0.4734343191830934	1.3275221046638073	0.6289728999815921	2.3233467079452215	4.365422535527701	0.2276034405247208	2.170963158349524
1.9149726760612507	5.6204601791008	4.153008105245003	3.382424749916926	5.2621450873668785	2.083501992643047	3.995351257698236	0.4734343191830934	1.361624496542015	0.5528559761396742	2.3280667569228664	4.23904413777874	0.2909452321491884	2.0518555814665165
2.9959023462468433	5.260399806508313	4.611991401460648	3.6443107512943453	5.0581807588743795	1.9438852284456314	3.93809355268429	0.6137150512518574	1.4871704383317508	0.46680590471013456	1.8904220127624247	4.222230206142766	0.9159421111388742	1.5074357587751237
3.1555899832702763	5.315629492879475	4.722670373313238	3.748549102836564	5.101712411436531	1.9462738385210017	3.8393322137510584	0.7039374984532675	1.578606838854835	0.3802642933442829	2.0128097514301566	4.4995681490921235	1.2901680765013959	1.625086064700934
3.24919582436337	5.372699115066608	4.726815543915926	3.895079395513789	5.159108549504915	1.9533631908287281	3.7247822880359274	0.8433784388232518	1.7271210228551266	0.3802642933442829	2.1294761818223287	4.591358187905089	1.0335233293014252	1.50183636736907
3.2992154918765477	5.372699115066608	4.728156554676642	3.9437580522662756	5.2165875953390355	1.909429614471422	3.6673032422019007	0.8966615599981065	1.7847952849547992	0.4195934052797791	2.1276952216203617	4.582612973959296	0.9688535857445183	1.3788444225738283
3.000577220652435	5.614699893679762	4.6223538599569665	3.9929232543755244	5.495279904027869	1.9603387082258685	3.4365567120650233	0.9428634469044217	1.900347125579478	0.4577012653038131	2.1854551471175414	4.632686141359836	0.6121111078693836	1.182067595534454
2.665142005301775	5.84495851664007	4.523987472050292	3.986113049891464	5.567194150897874	1.9626387794155455	3.419885269735367	0.9889959757705342	1.9582247076129757	0.4577012653038131	2.4115207316965934	4.878389835724629	0.4897820086355933	1.3529205137534257
3.534767209648761	5.331935890094391	4.7357821538491365	4.130920945894182	5.567194150897874	1.8778210259181567	3.477039057382135	1.2186216252714632	1.9924711075310642	0.32924601742370885	3.882584578363042	5.41383423499569	0.8232964207948041	1.1870240791060174
3.6985511827458635	5.169408767454814	4.736983936048143	4.130976014152571	5.631974828848208	1.8345593513980414	3.460309768703496	1.3099897573213144	1.9924711075310642	0.32924601742370885	3.98089946627058	5.465357275145688	0.9176891809963781	1.5667792600414066
5.528275927625788	4.218376237149116	5.416412475062703	4.330239689712117	5.5868002740550935	1.5227560022806514	3.4594151723749222	1.7177625881863814	1.9352460648409333	0.36731698089506637	5.536629823157309	5.416218140091666	2.235339639234981	2.080918384111659
5.966026977301981	3.9232203939768904	5.511144381251077	4.378102990027984	5.5868002740550935	1.5238267138844568	3.4594151723749222	1.8038842888335334	1.9352460648409333	0.2852897270936665	5.628897642142421	5.388616548138261	2.5183852329612573	1.9249452793660353
6.424687620557452	3.902337535949961	5.90291540653044	4.424109749977002	5.631558840552791	1.072975592206447	3.3761537872545193	2.2049430351485704	1.911336983996891	0.23809710882386145	5.867962199862205	6.020856558135303	2.5446263339324955	3.087914732707833
6.4466513009011654	4.057011387856373	6.080092225141498	4.423570463616034	5.577180405495066	0.8435285297514867	3.3351019727992104	2.3384205617294205	1.911336983996891	0.19109939689269023	5.9674097029525095	6.101396466253213	2.0739190719130605	2.5457362012539964
6.818845261329867	3.7700740961045516	6.180621693855883	4.408297663578686	5.224873688059516	0.7207091091056683	3.797696117707423	2.556254609811066	1.886828467685707	0.19109939689269023	4.151306854597421	5.050854372447735	4.726037333303926	2.240957966157908
6.982050048977501	3.65267079209391	6.131092356864801	4.503628484206719	5.0940508951514225	0.72910048054837	3.9285189106155385	2.643194058996308	1.886828467685707	0.19109939689269023	3.660289573953181	5.0464055549422415	4.734164157190735	1.8782102157478906
7.767443527969836	2.579699241322544	5.954815151626543	4.39232761766572	5.23512779379592	0.8962925427602243	4.384391970977263	2.860681088024215	1.7716997488775423	0.234701788999236	2.6776059524554374	3.63092487463513	0.6059271572667017	0.7171553220913462
7.945442383895869	2.344926544841709	5.82372507949411	4.466643849243386	5.27793300363809	0.9984145903263167	4.456072964115334	2.9038188650962824	1.7716997488775423	0.32070374142315633	2.314753228987455	3.4983506078841726	1.303972855624012	0.6984069281029411
8.271636598224932	1.7717311104179816	5.480634029309648	4.562733679333546	4.866024082042547	1.3061712207006069	5.2897574832187795	2.95170117171776	1.5769830022327782	0.44604964699887995	1.6011659639217706	3.1302951440420608	0.09489163942270182	2.3661475094153475
8.401952002024478	1.5032425009735646	5.444132746058761	4.461061756939061	4.9616619198179945	1.311319037215482	5.366937346245209	2.956263200257791	1.439902564072901	0.490057948252387	1.420551705164772	3.3569363816700326	0.4251374196580457	2.5492964476100637
8.815215915426249	1.0101607046611785	5.48739552454465	4.337981095543095	4.507984759648478	1.324236877683569	6.320122526872181	3.0450069798320936	1.0364985581361015	0.490914456589611	0.11145114628674123	2.2560796344021865	3.3722453239585657	1.370256188043678
8.701238627877903	0.900115735738123	5.366009234262019	4.235345129354554	4.657150916528563	1.3190017003076924	6.398571464796558	3.000969352591726	0.8386578713040919	0.36351751051382053	0.3819446873561989	1.8342042448700213	3.5307699617976533	1.3302236609408344
8.038585539048034	0.7513383165546555	4.74045837706324	4.049465478540208	4.6567665666650235	1.499505821122273	6.837896079019907	2.9569986998883366	0.732154466669168	0.1523134370697958	1.8376242129572076	0.5864681124081592	4.020984829721151	0.3281709523057408
7.898761717972169	0.8082654857541287	4.568181256437468	4.138845947288485	4.740344743483484	1.5888862898706382	6.754317902201384	2.9569986998883366	0.7656256764931978	0.19444214146685065	2.3442305837436117	0.37205609382734595	3.647921507314083	0.266722028328401
7.265578651468488	1.172781777161716	4.460982485740626	3.977377942889658	4.63515954252866	1.851576089633156	7.02097110755519	2.694308900125801	0.7656256764931978	0.11024065605804127	2.2001537490268035	0.004633616392767829	4.875422187307076	1.2112346121872581
6.806541507453311	1.5245760687036087	4.353739633267036	3.977377942889658	4.63515954252866	2.027261455663519	6.962671607182737	2.518623534095614	0.8573298864054981	0.11024065605804127	1.6501494090369346	0.3639246821838274	4.730718685451128	0.6839783435974492
1.4839025329197666	5.319005961514826	1.2695264528550836	2.5655769757397264	5.077013527953357	1.8066831907482792	7.009976669408118	1.9763399535930923	0.8714678594290157	0.044755924157557116	3.711868542106162	0.9219127706112364	2.9799818068693114	2.874801824542811
2.3553861191247885	5.5346556145431745	1.056837046294058	2.122432449123897	5.218025004543811	1.8370649115737243	6.957657272710748	1.7468218264473223	0.9539523181080933	0.0801594956707672	3.4835333162076063	1.149683424692016	2.914700694161671	3.1852463000534654
2.2219748820674594	5.507970764178708	1.016897527621574	2.269098354489745	5.219633765653262	2.0214081527844376	6.7892640911373	1.6580959727906546	0.9557254413189037	0.12224882887331223	4.081845712147322	2.26980270488211	3.0913855701495074	3.5504773731915558
1.8944259373278665	5.508469529436308	1.1949022881457945	2.4191413039634755	5.117276692393887	2.1558243465938864	6.7892640911373	1.5713656551953676	0.9557254413189037	0.16428203624434762	4.127825848940887	2.174738313133195	3.0533333344176854	3.76410465102883
2.629156341250529	5.992427283540571	1.0523515299068693	2.3109194123830883	5.450441795353722	2.292005398131582	6.61192506987819	1.4827887937786044	0.7286019445665398	0.2481803417334141	4.484125258438127	2.3224914042843348	3.1507090335413674	5.884827717422488
3.084676178029109	6.348873618552181	1.005697137006595	2.2585003035161773	5.595432168106582	2.335840756213985	6.517806323611402	1.480823255599275	0.7057816475285749	0.3334628763884019	4.252807903410427	2.709685606809646	2.7459795429206735	5.648480338184592
2.3374198641497688	5.876732097049954	1.4829292950670907	2.056382937833334	5.6886386148919454	2.430362248988031	6.675787373075196	1.4788487338216791	0.5140057874104987	0.5854293654373889	3.767290718291936	2.603266690989381	0.6051391315705585	4.463100179343906
3.1550186980036545	6.433138704729855	1.4187180640179602	1.8594019427083606	5.838096961831443	2.4283595827258195	6.733619526352116	1.4333287518983961	0.5124496556553275	0.5821379537202973	3.0204307944624094	2.463378515636754	0.5234285851923892	4.14919905208224
4.518944922402636	7.331508534573213	1.3934160554441901	1.4191475567261336	5.679931378901534	2.420220211303125	7.141132041375383	1.2940971203892178	0.3438208659115339	0.6640252870038169	2.1259973665863314	1.5628827280232434	0.25992348842642987	2.8979655304931438
3.7159656678600848	6.984614178535283	1.7991428485501606	1.4695056621251108	5.481305579509743	2.520673663877898	7.373972065341047	1.286403779359351	0.25233574742520865	0.7460280650535208	2.3300106730311305	1.3297119695470108	1.190555537244327	2.1275538691285836
0.33830026632176147	4.9492346784198205	3.6228562297761595	1.6646787149648559	5.3926042438257795	2.8142178463683165	7.5093559293666985	1.2347151780500896	0.2862433992720303	0.7460280650535208	2.781916416946936	0.9037611789295439	0.6084440568260913	0.0005516269783616689
4.184392459927587	3.987655440301737	6.169105187607998	2.002942712621295	5.400279199409735	3.1965330912740417	7.499432326999824	1.1928082737654275	0.37609197256641436	0.8750543301007414	2.3112152544182094	0.029326302365015947	0.2786992478736464	1.4197262969239577
3.0864118598461334	3.944733557247922	4.988250466642066	2.042894950452142	5.147818979872037	3.716860035983957	7.787253252375787	0.8239914966882028	0.525352566723747	0.8357315036948183	2.156151515759063	0.06437474335883196	0.5277698405637159	0.4865380888439246
2.10345631457058	4.179763722407544	4.487304621411517	1.7959154155668169	5.296463948759269	3.673279261916905	7.780921768009946	0.8642877328847234	0.5830055193255451	0.8794600635866768	1.7482993034875867	0.2245368389451642	0.018786014053240575	0.057729901161042374
1.847145642749611	6.416995405967233	3.7015217213049416	0.8683280419127128	5.839325917647923	3.5717381171725457	7.723340176279102	0.5811034728637635	0.6405871110562591	0.9208931103141365	0.713776914489247	0.11562383812825998	1.3085433920088367	1.593585162725673
2.635518432846293	6.731665076876873	3.4189466476021755	0.6771999964284257	5.6321885108745535	3.523920078250801	7.956824867707631	0.4467571593242086	0.6625800604234638	0.8815165693151651	0.44693113361841774	0.18170464184727964	1.3172498018730203	1.8055074030788514
4.038232261619202	7.404528893352464	3.9905593812804945	0.6242627495470772	6.10456849005717	3.3698099265404036	8.122699763282046	0.07582957448580552	0.5985420875341573	0.10674223148006502	0.3201262267334766	0.18791824153455136	4.3561044715972415	0.18270475963742794
4.3354638246303905	7.407701884291203	4.174576039082788	1.1023379794224226	5.684904170491289	3.605362008796977	4.138296577183415	3.9709622836004765	0.18970387140924921	0.5093220011949318	0.429118424099214	0.3428886517755458	4.147980547521968	0.1294732144338768
2.2603259358029026	7.095901686036998	5.410260923503938	0.5746851732702819	5.610025629519665	3.3366720389769378	6.460735758890245	1.3438132545160697	1.7320186663293284	1.2827870221419548	1.4246717845962202	0.8367584311772726	3.0782249132174933	0.6684055662548773
0.7271079363506243	6.209965555931596	6.40667510374039	0.5303983885423647	5.346125586737977	4.161454133889913	7.146461390909232	0.5309424107179481	2.198819312489761	1.2353642834765852	0.7152041903017923	0.5604970923604388	2.32178850777136	3.104677692538192
0.8375684416264255	6.952253351784832	5.584615844160286	0.5300690659988917	5.34926810553391	3.872592184961285	7.693533539835186	0.4623374408785439	2.1071767637553114	1.0505844616350108	0.9472709984439237	1.7434884348285138	3.611125014872558	2.345587831428221
0.6702678007865336	6.9663650166154465	5.671088539196443	0.6250086766331311	5.399666978364601	3.728013074148798	7.796999998371095	0.5699277452166266	2.0098334267036564	1.043327381051401	1.438512951890253	2.063810572808833	3.2069170960734605	2.1519642197532463
0.5179926079409565	6.827171478411628	5.684170193836927	0.6250086766331311	5.399666978364601	3.585176220391783	7.874451094722424	0.6689092512486335	1.9323823303522607	1.040917248373409	1.0976863731154158	1.8816915302413852	3.414941312415361	2.347164916961238
3.9467399703628585	7.665126588236382	4.051715859413641	0.3333292415391384	5.246952038981718	3.2448447349639653	7.563030406884756	0.47851098117616747	2.6340337763519748	0.1172666896665873	1.5458501292235867	2.9669510139552515	3.0601639679727914	0.2673779966701199
4.340913514123065	7.701543657606002	3.8860020115382157	0.525371868056459	4.8539952211170165	3.243638742776632	7.429717063029454	0.38279014513682946	3.1092344016496654	0.7048502935431776	1.1920319128106518	3.1931477688876764	3.162332554516408	0.5659544542614848
2.283968912847092	7.410204331898709	5.46054729590501	0.33431187685349834	4.814314060771919	3.2973543984713154	7.152607339005744	0.4743393527565125	3.323898183234716	0.6396521467765114	1.930940138961574	4.028314456010097	2.7652405877979214	0.19466490426730637
1.6690417124465475	6.0171036085419445	6.920110757791858	0.7660345631958059	4.439977787651883	4.017230866474089	6.41747913479401	0.4743393527565125	3.7385445100180243	0.6343391000297091	3.5014085939588777	3.7756812851152124	0.8683884659239582	2.5693600314760165
2.2131280254125203	5.773931284957312	7.079181377709705	0.9078779326603208	4.441740836671871	3.9682281811887394	7.751638533399015	0.6176126940427403	2.4671916981541933	0.39160349478517326	3.094100576420307	3.331734833359504	0.8527688080521787	3.328312606250374
1.7072309828275551	5.90730687844713	6.706659928614777	0.9078779326603208	4.195803706049233	4.15515387877592	5.246495143938433	0.7887481027857645	0.6604349897265207	1.2459534805759707	2.8999240317325286	3.134403695066144	1.1856754022484877	3.1616389478590086
0.5645068466527969	6.712318344657198	5.959027499220343	0.1887839987810548	4.580081761637995	4.056771363764141	5.523488116336684	0.7348724325186059	0.5675233247675904	1.291725717267724	3.0256423541033923	4.177431049291859	1.984265664030546	1.1466708501008864
1.0218349091762862	7.031954724291517	6.057794856800977	0.047675041686170205	4.667449688713518	3.9033910620807726	6.20454782918766	0.5130235053720114	2.445519092264422	1.206006705188435	2.884902919940002	4.660372457941878	2.4347625112288074	0.631923253542176
1.5498134344392116	7.134429278599382	6.161188164977196	0.576572320817005	4.7639985908935865	3.470107725573547	6.5386760633696355	0.3275930389918902	3.380369318482121	0.6809662216502614	2.931612061874878	4.334063333510642	2.299115921313547	0.5227361360057144
0.9849591245610652	6.915360052059727	6.363947976241771	0.43354704874459843	4.719106785685375	3.4220866125287075	8.558242270210078	0.28761496717798574	0.07441140629801916	0.34444909558951736	3.129144590600461	4.423771574808211	2.0385906127931506	0.5743771601292306
1.2098363485316324	7.236909249028647	6.36270621927331	0.33563331877707187	4.761929669851315	3.422643422377896	8.844022428969252	0.3355634135789394	1.0400538631627338	0.34046387254712995	3.3161706089642022	4.471035074090565	2.250053647356346	0.6398679806213468
0.9230408516915444	6.950113752188508	6.265946612209938	0.23887371171249658	4.81117129584914	3.5194030294413094	8.815579861707006	0.29165433472494956	0.689008331211576	0.6336242643304988	4.1207026704133405	4.532484627112962	1.1587260890666256	0.6437691495823462
0.77275048555171	6.812957277024063	6.230825857623312	0.19061906615210014	4.860486899840243	3.4719783907833053	8.673815397103812	0.3434847857539785	1.1570498895552157	0.798615448463703	4.267989753123071	4.545618518087815	0.8742825311925585	0.7089800526359462
0.6157436201820178	6.276408496033678	6.8906635403959084	0.0014885758372533563	4.812644330434858	3.4773990370924563	8.673815397103812	0.43854055183259405	1.3804055894716953	0.8379713733781298	4.581090550953879	4.552087290078308	0.16901056866769637	1.506614035983676
0.38534150587798044	6.17996997538732	6.707103639991569	0.141792158724794	4.955925064980944	3.4773990370924563	8.617264200838424	0.43854055183259405	1.179788120658872	0.4620579077184334	4.124948884269072	4.3750691985961	0.611582315755233	1.5000722270615519
0.7055632957918636	6.17996997538732	6.931562962604301	0.046029691421285705	4.955925064980944	3.6208269595649583	6.957003900568361	0.39087509666135445	2.750426615129373	0.16652902543773923	4.566906286764748	4.640391704768634	0.3563071505247195	1.620042874760749
1.3694207193571566	5.885262469188213	7.014406873349858	0.24027631519376577	4.812644330434858	3.7638522316388543	8.05279851207833	0.39087509666135445	1.990080499256912	0.5459867709616263	4.8711968446910285	3.7401337754747646	0.3252703372106416	2.6848645767427817
0.27492200596132815	6.542880984826426	6.743006366416395	0.47504738755319653	5.002298036728672	3.620357684547121	6.193215109584284	0.28712572853897717	0.6772903358666437	0.7859552320023794	5.734391811320929	4.786432445447792	0.21110580496999232	1.0322839912525414
1.0365963060920995	6.780157543317254	6.5023469721939735	0.7587857349686723	5.043138833270805	3.7164658998397813	5.111397852478767	2.7899916506138123	0.4109154633802394	0.7443597406711224	5.936174940764319	4.969583011587055	0.03663811251711943	0.4637099468826825
2.7109837584480245	7.2875371760194625	5.8141156077079215	1.2375621901363727	5.181171571030672	3.5215395167196566	6.069978376494442	1.4765686967582459	2.4033231554137373	0.10155005215253642	3.9606440269192316	4.2766472619979625	2.572698877444004	0.24155081913974824
3.625980859483645	7.464276110016027	5.50704188101716	1.668746630484761	5.171790628884019	3.470668021676563	5.1768839828364	3.5128557945727557	0.4184958068225457	0.723742433864863	3.173437147177634	4.2433100194500835	3.54149566524537	0.27766227954914785
3.3418386763427	7.424549172100619	5.655884704065739	1.573174208307791	5.12548325818968	3.4765276955180164	5.735356867234771	3.0213670846059766	0.4946798800214848	0.8413218405302167	3.3851798708518093	4.207871626434243	3.2437186329611984	0.04411601199572719
4.209607245748865	7.64491138594307	5.3945122817606075	1.9592081415665301	5.215578278228156	3.2345513163930995	5.212274192764393	3.9561242896795545	0.20768330258226983	0.7981823564766448	3.0543265372943673	4.288048587649612	3.748088263427108	0.5682300367755801
4.091279318191784	7.622964443832985	5.4449171122609155	1.9132319866195793	5.077695138392468	3.5290604159425363	4.75438307933382	4.110521853099195	0.12386445495736426	0.8070242111069637	3.145619058131533	4.2779456890268355	3.5887002511829347	0.5078947020032835
3.4445655804313273	7.480968705494977	5.803935484409999	1.7675323593465855	4.988175065674961	3.530006687892625	4.797675264271857	4.008789993888154	0.31766560518938963	0.7028801120463049	3.992760484935857	4.562425625944847	2.553335198260964	0.4561117985417575
3.652743997704732	7.448346852661284	5.70520442253903	1.9096015675825015	5.080551502751446	3.6776641927861795	4.0607864711777175	4.669945622744267	0.28520491510368795	0.5395047602471208	3.2641634868430005	4.295805217937946	3.2819638488622913	0.3379152235653471
4.537632237171123	7.484756234080161	5.048429507917682	2.1013055110087526	5.124152002717535	3.627544809394217	4.685614280603732	4.113067515634897	0.3327430912816156	0.7056819867321276	2.717177282846336	3.7130138833704676	3.7790698213258236	0.44691143185492105
4.394273621787941	7.484756234080161	5.141922808664719	2.051440196372684	5.172611163207275	3.627885224451543	4.835001236834512	3.9615324872412025	0.4136978018884068	0.6981808251374305	2.863275221353343	3.7983742612143985	3.6329718828189113	0.4498282410568298
4.529097214978322	7.48148959279338	5.049743973785532	2.0973515959703524	5.170063402315382	3.6774101240302586	4.390774462017005	4.41667094034492	0.42267115929076476	0.5209167409817341	2.8442845946075024	3.94518622903751	3.694607267876095	0.688819043760069
4.955780744022885	7.605350852218803	4.8426196567928415	2.1930495485969903	5.264355200795681	3.627544809394217	4.489446364409928	4.213999740850882	0.3717946711846631	0.5632304871415115	2.4078007971345827	3.6881965974089503	4.182564975455315	0.688819043760069
5.049710552478592	7.60180016756537	4.840844994121748	2.2887553790347606	5.310109221174746	3.5341314339154786	4.195760478094343	4.460132505765047	0.42530003067908956	0.43429174054118214	2.18392001546195	3.634391780965533	4.4486490928538975	0.6222542994433767
5.049710552478592	7.6475541879444755	4.790893184062837	2.1930495485969903	5.264355200795681	3.2880004533131673	6.558716353382775	0.8116008368177137	2.9478747981861626	1.1292529573426848	2.245631982634078	3.696556805933941	4.393581104987888	0.8058548625439546
