0	1	2	3	4	5	6	7	8	9	10	11	12	13
8.651081739444212	3.008387425397409	7.240203588268947	4.419265576572869	4.768636603815556	2.084767334066682	4.483388064559925	1.7337523710623877	1.431996354763156	0.19215877680204363	1.8840502310916725	4.836636495025297	0.3348650139483133	4.000557422270036
8.651717072976876	2.8496703041467764	6.878592274107071	4.622795103016442	4.684981122221987	1.9778339447002453	4.537970658295865	2.008034734559392	1.5263931469631062	0.2840214601671133	1.8191592406396688	4.877853010103172	0.4798862676092923	3.9872694310141634
8.652537255408548	2.6439156344190056	6.576045170424215	4.72040771940329	4.564000879011331	2.0008294122561843	4.734398110067065	2.151035984010949	1.6211459136533315	0.37177240250273524	1.7606509643364932	4.872279746946225	0.5315515309338453	3.9824446203043897
8.636982760111977	2.645379901111527	6.561954941820137	4.72040771940329	4.606556483216644	2.1349714444163115	4.691842505861781	2.0168939518506632	1.5874245581271	0.37177240250273524	1.7621152310293182	4.8634816740046105	0.5315515309338453	3.9771524646420686
8.636982760111977	2.645379901111527	6.564277618141036	4.718085043082441	4.507681694354353	2.132648768095707	4.754710822955888	2.0168939518506632	1.5329260575552501	0.37623555515452917	1.7621152310293182	4.915417645560508	0.6298032807841408	3.9724260602641897
8.579494404768125	2.694556873679409	6.506789262797109	4.767262015650263	4.35958278915714	2.1785045813629065	4.760727258569632	1.9710381385836364	1.6258315545714617	0.4189530692717481	1.7621152310293182	4.90978066023618	0.6298032807841408	4.014753030852109
8.637761732688196	2.636289545758789	6.459296663843839	4.814754614603559	4.402269264145764	2.2259971803159693	4.718040783580968	1.9710381385836364	1.6258315545714617	0.4189530692717481	1.8111360829114662	4.90978066023618	0.5689335828940871	4.014753030852109
8.580360586011706	2.587112573191193	6.3520055568421805	4.815467602360796	4.451446236713589	2.3204562773266795	4.681857564012729	1.9264690018976234	1.605364973108457	0.37623555515452917	1.8111360829114662	4.852379513559603	0.5689335828940871	4.014753030852109
8.580360586011706	2.6425137673668644	6.3520055568421805	4.870868796536272	4.3960450425379936	2.3204562773266795	4.681857564012729	1.9264690018976234	1.605364973108457	0.37623555515452917	1.7598615955731125	4.852379513559603	0.620208070231857	4.014753030852109
8.63850644067827	2.584367912700242	6.3520055568421805	4.870868796536272	4.3960450425379936	2.3204562773266795	4.681857564012729	1.9264690018976234	1.605364973108457	0.4144266664881977	1.7017157409065387	4.852379513559603	0.620208070231857	3.9677039457903565
8.698349980401611	2.52452437297681	6.3520055568421805	4.870868796536272	4.3960450425379936	2.363531252411345	4.625068312693346	1.883394026813027	1.6055714070399993	0.37177240250273524	1.641872201183469	4.852379513559603	0.620208070231857	3.9677039457903565
8.698349980401611	2.580020820679458	6.3520055568421805	4.9263652442387915	4.38315142120485	2.407889083242919	4.5824654863238665	1.8390361959816068	1.6055714070399993	0.2866341857585652	1.6931466885217588	4.852379513559603	0.5689335828940871	3.9677039457903565
8.698349980401611	2.580020820679458	6.401895517167231	4.8764752839138	4.524271613039235	2.5347228446314354	4.441345294489424	1.658278772793659	1.6055714070399993	0.24818380169386256	1.6931466885217588	4.899134913101591	0.5689335828940871	3.920948546248273
8.698349980401611	2.580020820679458	6.401895517167231	4.8764752839138	4.608847337004164	2.5769011913563467	4.356769570524604	1.6555075327151527	1.6055714070399993	0.1663492027547618	1.641872201183469	4.945974959524377	0.6720230879655622	3.8741084998255304
8.640207628995528	2.6381631720854393	6.451702910055577	4.8266678910253455	4.608847337004164	2.527093798467798	4.356769570524604	1.6555075327151527	1.662154224427975	0.1663492027547618	1.700014552589567	4.945974959524377	0.6720230879655622	3.8741084998255304
8.640207628995528	2.687317222000961	6.451702910055577	4.875821940940867	4.6158931508829015	2.527093798467798	4.3005697067304975	1.6555075327151527	1.662154224427975	0.1663492027547618	1.700014552589567	4.945974959524377	0.6720230879655622	3.8741084998255304
8.640207628995528	2.6381631720854393	6.451702910055577	4.8266678910253455	4.6650472007982975	2.570960906123776	4.357358958049897	1.6116404250592842	1.605364973108457	0.1663492027547618	1.700014552589567	4.992899820126501	0.7239220372872709	3.8271836392236143
8.640207628995528	2.6381631720854393	6.451702910055577	4.8266678910253455	4.6650472007982975	2.570960906123776	4.357358958049897	1.6509877962345434	1.605364973108457	0.12700183158055922	1.700014552589567	4.992899820126501	0.7239220372872709	3.875997512650433
8.596648272040822	2.6381631720854393	6.358336160212582	4.8764752839138	4.6650472007982975	2.6645654496992957	4.357358958049897	1.6071906455478548	1.605364973108457	0.12700183158055922	1.700014552589567	4.996350305402991	0.7239220372872709	3.87603380286302
8.596648272040822	2.6381631720854393	6.358336160212582	4.8764752839138	4.6650472007982975	2.6207682990122296	4.393542177618046	1.6509877962345434	1.5691817535404147	0.2075884781081989	1.700014552589567	4.996350305402991	0.7239220372872709	3.8272228820540612
8.597452380223416	2.580020820679458	6.300997916989015	4.8764752839138	4.6650472007982975	2.6207682990122296	4.393542177618046	1.6509877962345434	1.5691817535404147	0.2075884781081989	1.6931466885217588	4.939012062179359	0.6726475499498433	3.8272228820540612
8.657417371544232	2.5200558293586273	6.20370213640286	4.973771064499985	4.6650472007982975	2.7180640795983293	4.393542177618046	1.6509877962345434	1.5691817535404147	0.2075884781081989	1.6331816972007616	4.986107053638922	0.6726475499498433	3.827096946273394
8.657417371544232	2.5200558293586273	6.20370213640286	4.973771064499985	4.6650472007982975	2.6723764089088875	4.393542177618046	1.6966754669244473	1.5691817535404147	0.2075884781081989	1.6331816972007616	4.986107053638922	0.6726475499498433	3.778368992688419
8.657417371544232	2.5200558293586273	6.20370213640286	4.973771064499985	4.6650472007982975	2.6723764089088875	4.393542177618046	1.6966754669244473	1.5691817535404147	0.2075884781081989	1.577176862458423	4.986107053638922	0.6767534353705856	3.778368992688419
8.715434268120223	2.462038932782743	6.20370213640286	4.973771064499985	4.721329873768777	2.6723764089088875	4.337259504647715	1.6966754669244473	1.5691817535404147	0.2075884781081989	1.5191599658826225	4.986107053638922	0.7286523846921458	3.778368992688419
8.715434268120223	2.462038932782743	6.20370213640286	4.973771064499985	4.7776954302165615	2.6723764089088875	4.28089394819992	1.6966754669244473	1.5691817535404147	0.2075884781081989	1.5191599658826225	5.033287362073427	0.7286523846921458	3.682540493326783
8.715434268120223	2.462038932782743	6.251107956663905	4.9263652442387915	4.7776954302165615	2.6249705886474772	4.28089394819992	1.6966754669244473	1.5691817535404147	0.2075884781081989	1.5191599658826225	5.033287362073427	0.7286523846921458	3.682540493326783
8.671763436693917	2.462038932782743	6.20743712523761	4.9263652442387915	4.7776954302165615	2.5811006353154604	4.28089394819992	1.740545420256675	1.5691817535404147	0.2075884781081989	1.5191599658826225	4.98961653064719	0.7286523846921458	3.682540493326783
8.78920823226995	2.401956517809754	6.314689466165961	4.8764752839138	4.83414394401965	2.5312106749905348	4.224445434396733	1.740545420256675	1.5691817535404147	0.2075884781081989	1.4590775509098768	5.046978911250376	0.7286523846921458	3.682540493326783
8.78920823226995	2.401956517809754	6.314689466165961	4.8764752839138	4.83414394401965	2.5312106749905348	4.224445434396733	1.740545420256675	1.5691817535404147	0.2075884781081989	1.4590775509098768	5.046978911250376	0.780635384325684	3.682540493326783
8.745473989009259	2.401956517809754	6.318447821858553	4.828982684960579	4.83414394401965	2.483718076037322	4.224445434396733	1.7011980490812049	1.5691817535404147	0.2469358492823073	1.4590775509098768	4.951342439381821	0.780635384325684	3.687467930942114
8.76185606249633	2.341752439282037	6.274625816818033	4.828982684960579	4.83414394401965	2.483718076037322	4.224445434396733	1.7011980490812049	1.5691817535404147	0.2469358492823073	1.450056749101069	4.907520434341239	0.7294521076054385	3.687467930942114
8.76185606249633	2.3909064891977265	6.274625816818033	4.878136734875997	4.784989894104395	2.483718076037322	4.224445434396733	1.7011980490812049	1.5691817535404147	0.2469358492823073	1.450056749101069	4.907520434341239	0.7815192761100962	3.7361189193338182
8.76185606249633	2.3909064891977265	6.274625816818033	4.878136734875997	4.784989894104395	2.483718076037322	4.224445434396733	1.7446869367136848	1.5691817535404147	0.2034469616511916	1.450056749101069	4.907520434341239	0.7815192761100962	3.7361189193338182
8.703847963099019	2.448914588594779	6.274625816818033	4.878136734875997	4.784989894104395	2.52758802936938	4.13147296350902	1.7008169833813047	1.662154224427975	0.2034469616511916	1.5080648484983215	4.907520434341239	0.7815192761100962	3.7361189193338182
8.659937983269549	2.448914588594779	6.230715836988555	4.878136734875997	4.841521438714832	2.481970213300194	4.0749414188984865	1.746434799450806	1.662154224427975	0.2034469616511916	1.5080648484983215	4.8636104545119	0.7815192761100962	3.7361189193338182
8.720268758987682	2.4932108389264505	6.28052716102897	4.932952436885013	4.820893950640952	2.4759618203400797	3.990941880922753	1.7026318683704325	1.662154224427975	0.2034469616511916	1.4477340727804564	4.8636104545119	0.8336707318698252	3.7361189193338182
8.720268758987682	2.4932108389264505	6.330255897607557	4.883223700306488	4.820893950640952	2.4262330837611876	3.990941880922753	1.7026318683704325	1.662154224427975	0.2034469616511916	1.4477340727804564	4.8636104545119	0.8336707318698252	3.78484981076804
8.720268758987682	2.4932108389264505	6.330255897607557	4.883223700306488	4.919308736551739	2.4699663777306458	3.892527095011984	1.6588985744010445	1.662154224427975	0.24154961446933026	1.4477340727804564	4.8636104545119	0.8336707318698252	3.8825518080434227
8.720268758987682	2.5421626651351126	6.330255897607557	4.932175526515294	4.870356910342811	2.4699663777306458	3.892527095011984	1.6588985744010445	1.662154224427975	0.24154961446933026	1.4477340727804564	4.8636104545119	0.8336707318698252	3.931523166398614
8.720268758987682	2.5421626651351126	6.3799021772145075	4.882529246908384	4.870356910342811	2.4203200981236965	3.892527095011984	1.6588985744010445	1.662154224427975	0.2840214601671133	1.4477340727804564	4.8636104545119	0.9382269778162047	3.98057493281933
8.780721939008734	2.4817094851138206	6.427488447551639	4.834942976571068	4.870356910342811	2.4183458772300304	3.892527095011984	1.6568352211667265	1.662154224427975	0.24047276395684988	1.3872808927591143	4.8636104545119	0.9906320038870565	3.9335385115682113
8.739183809729994	2.5349004849534413	6.431159024625843	4.842925270057428	4.814705871712268	2.325065082642118	3.892527095011984	1.6630520913184716	1.662154224427975	0.27986794324882325	1.4457474766573248	4.819612286441632	1.0874294832080171	4.031890965037549
8.741654072962964	2.532430221720388	6.4789103930140035	4.79517390166937	4.814705871712268	2.2773137142540683	3.892527095011984	1.6630520913184716	1.662154224427975	0.27986794324882325	1.5045420423615639	4.819612286441632	1.0789094204891223	3.984780804377104
8.6975675027579	2.532430221720388	6.385167432204364	4.844830292273989	4.814705871712268	2.3269701048585882	3.8358096621796736	1.6630520913184716	1.718871657260389	0.27986794324882325	1.5096204649532365	4.965072090531407	1.2856635062653454	3.99538200489365
8.758400363255582	2.4715973612228614	6.385167432204364	4.844830292273989	4.814705871712268	2.3269701048585882	3.779164022628309	1.7066667819048114	1.718934479423747	0.19815675284853085	1.5053148997169414	5.060362324720241	1.2823082808722868	3.999599429764135
8.714225176579985	2.4226577878904285	6.340992245528882	4.795890718941553	4.807106273199639	2.3269701048585882	3.835703194473386	1.7066667819048114	1.718934479423747	0.19815675284853085	1.5053148997169414	5.016187138044741	1.3355661598725703	3.999599429764135
8.554079936260676	2.425346805340431	6.239199314166714	4.74022742743445	4.919308736551739	2.325094269945341	3.815446838371823	1.6649279262317205	1.6826516636801965	0.19929344473268418	1.7907927196112698	5.250647664145306	1.4836581422063784	3.8663328999098496
8.496639978672913	2.474298631549307	6.231415747183656	4.739522863038607	4.9418837252421035	2.275437879340712	3.7439200234726737	1.6649279262317205	1.5921370794008152	0.19929344473268418	2.24340633747596	5.733102306316867	1.785035118330923	3.939556312629197
8.337581051120265	2.474298631549307	6.12019095975523	4.69168872291428	4.9418837252421035	2.2276037392163968	3.7801312548483184	1.6649279262317205	1.4430243182758509	0.19929344473268418	2.358995843955379	5.77412596935756	1.8902544522512046	3.846613156277045
8.235827937753937	2.474298631549307	6.0680144226184245	4.642112146684952	4.998696662877188	2.174292948646255	3.743719710520487	1.6686621405727273	1.5920759253029848	0.1568719474370264	2.825499829303343	5.919035799696485	2.218929293905269	4.030747848423783
8.177351450769894	2.581632024825042	6.117508212038179	4.641475263556629	5.006735679860106	2.122940725747242	3.743508021494535	1.6269658645962426	1.5920103114817705	0.20042665689200664	2.9427583302898683	5.91703041733359	2.2282412544923904	4.090569158469596
8.030796450058892	2.6860203353823087	6.069692963835389	4.647123821605764	5.0426858551249945	2.0676004076906733	3.603169535672424	1.5835664301443253	1.5920103114817705	0.15806159475949957	3.494446845612522	6.020713866472439	2.684307173481522	4.607575031401021
7.94101376567291	2.7903832474648835	6.0770862179169445	4.654310795220416	5.052424028997671	1.9704244692230146	3.4890684497171933	1.5835664301443253	1.5353916910547545	0.15806159475949957	3.6147231364510803	5.878632151204679	2.649858586438304	4.6665382092199446
7.735099931911148	2.8975317570670915	6.124137223578377	4.508494465399901	5.102526479431346	1.7760605694109017	3.426563397151602	1.5400716284037734	1.499246723194773	0.23967108033956275	3.771391868096303	6.294414498871001	3.3125656699631625	5.3227243551383765
7.587431440787816	2.8975317570670915	5.976468732454944	4.508494465399901	5.102526479431346	1.7760605694109017	3.369912386270743	1.5400716284037734	1.5898608477701024	0.23967108033956275	3.6684872080692905	6.30229257254129	3.445962171006769	5.289492619027426
7.094006572951322	3.2457551245293725	5.929581970662015	4.410179726818717	5.111303795660129	1.6726235142740484	3.3126818703433143	1.49271869973363	1.6464436651579535	0.24369312586856862	4.0769906782948455	6.633912790600577	3.959269129825831	6.224514859928077
7.048284320687696	3.2867241633092585	5.932618166612537	4.402390317384345	5.111700022447731	1.6238650660598282	3.364041132723708	1.4493492098264822	1.610368938240484	0.28706261577513686	4.148503040016718	6.641970165610042	3.984443805633874	6.301872322653333
6.553304890300104	3.6831810979898725	5.835090785309058	4.401395202980836	5.015423721668151	1.4813444954226864	3.364041132723708	1.4945983652808728	1.610368938240484	0.28706261577513686	4.738924470226215	6.715803593568709	4.440970854290551	6.533469898904379
6.445189094598765	3.802292793148511	5.846086684766615	4.401395202980836	5.015423721668151	1.4813444954226864	3.364041132723708	1.4945983652808728	1.610368938240484	0.2025131982636763	4.931661495802042	6.780685015278826	4.562316346441868	6.384656371959168
5.914349794819607	4.219016137240109	5.732378058560381	4.400987873499404	5.015423721668151	1.4790248114570759	3.364041132723708	1.4965107197641505	1.610368938240484	0.2447598011737319	5.221977659452943	7.213231955797734	5.64872291061573	7.3997350210797155
5.679555189821297	4.3968905423659	5.627433275033984	4.4490124571533025	5.015423721668151	1.5270493951112574	3.364041132723708	1.4965107197641505	1.610368938240484	0.2447598011737319	5.29346158970585	7.48838421530886	5.866591378816728	7.324761047653943
5.202830382001903	4.630020370143853	5.328210426686222	4.504640325459365	4.959795853361769	1.5270493951112574	3.364041132723708	1.4965107197641505	1.5764776057232632	0.2025131982636763	5.715676724650585	8.159931819594041	6.7564013710936095	8.491569989785063
4.990954520227369	4.756171657745903	5.186316812094893	4.560809365878721	4.952138542778603	1.5755611249474317	3.364041132723708	1.453200818859583	1.5197918265546027	0.2458230991692141	5.898227467669217	8.071460971138519	6.529818417760183	8.716463944469035
4.518899496595686	4.993144914400862	4.951235045117883	4.560809365878721	4.952138542778603	1.6207389884827286	3.364041132723708	1.4080229553243018	1.5764776057232632	0.20769674875049823	6.21054947280415	8.562823183178272	7.062096407674266	8.48476251773593
4.305734212351447	5.111622167985543	4.85654701445844	4.560809365878721	4.968086571818015	1.6207389884827286	3.3480931036842683	1.4080229553243018	1.5764776057232632	0.20769674875049823	6.340245794096131	8.654085830692553	7.123457551535926	8.348074928234897
4.256982401072136	5.225707682840344	4.86605195456921	4.6166381293433245	4.912257808353489	1.6207389884827286	3.3480931036842683	1.4080229553243018	1.5764776057232632	0.2458230991692141	6.398502545486264	8.670445246915095	6.932104094016021	8.412801382198438
3.5984490475244466	5.6058615876772	4.73238565960931	4.471924975592415	5.114367100172775	1.6659850795636428	3.25462344854847	1.3627768642434308	1.578592623052481	0.2458230991692141	6.5369361122155425	8.510762425628396	6.005084971085006	8.232217342772355
3.388072302383227	5.671863740094846	4.636437369226708	4.423498673251255	5.1627934025137385	1.7112994963021817	3.25462344854847	1.3174624475049495	1.578592623052481	0.2458230991692141	6.597278216719089	8.367783943970215	5.6761455302147175	8.304250565218673
2.9110503532319116	5.899951110838497	4.540328828373117	4.270672635697233	5.276156213232684	1.614357223632915	3.1971444027144966	1.3174624475049495	1.578592623052481	0.2880697020780934	5.582454763604486	7.951511456516279	4.997279754148935	8.18914632041869
2.855646666055641	6.005369093421317	4.645704451790887	4.2153113076861715	5.283492274169565	1.6117147970221777	3.1971444027144966	1.2720796070413438	1.578592623052481	0.2880697020780934	5.349432802698082	7.833253671130549	4.9533050288507665	8.315297608213474
2.626933518919118	5.940974085105176	4.400694164525654	4.167213439498776	5.2351332389659415	1.5607092558387667	3.1609994348548516	1.2266282448338113	1.614737590912005	0.24994913955567036	5.013874566361419	7.152110491644874	2.4699485589100405	7.655584696226056
1.5614579957576913	6.504640433370708	4.1963084410670275	3.8697899880612434	5.249436473761544	1.455720478932718	3.1456804437961203	1.0898620482876498	1.8080742629232396	0.41952239096914906	3.9157092575935786	6.849392036562289	3.7004401892545844	6.738254639653723
1.4612142459649398	6.449065781859785	4.193338874947204	3.716941152877433	5.305011125272398	1.358446295259922	3.1456804437961203	1.0898620482876498	1.8651021002801955	0.42391006885667537	3.7996230603345014	6.754850163086274	4.032086552647943	6.605138412987909
1.8321022351093135	6.282829476879068	4.411830787508621	3.703100924479565	5.415879479936077	1.4554744215255258	3.1456804437961203	1.0466116630490934	1.8651021002801955	0.4671604540947788	3.501684655422295	6.669306057083933	4.161101653051769	5.6902846781505545
2.0554794543767505	6.111751576907883	4.519424076125365	3.647806955159339	5.471173449256345	1.4554744215255258	3.1456804437961203	1.0466116630490934	1.9221974883340374	0.4671604540947788	3.494740441725383	6.603532615742409	3.895065379366157	5.623661181643973
2.5721566308466253	5.658612191026211	4.527667897393182	3.703100924479565	5.415879479936077	1.4554744215255258	3.2023646780445985	1.0466116630490934	1.8655132540858737	0.509757925553723	3.723102864510482	6.214491276209202	3.8355282386066416	4.58068306286495
3.0240925268514505	5.259145806522503	4.6354313782145145	3.647806955159339	5.4136665967560305	1.4554744215255258	3.259871530544976	1.0466116630490934	1.8655132540858737	0.4671604540947788	3.617859964545626	6.3222547570304215	3.4696781699846273	4.435114445315957
3.0428363304885324	5.192241582357027	4.497100211196219	3.7379777016494673	5.420524811321917	1.5525033825814747	3.259871530544976	1.085981999881564	1.8655132540858737	0.4277901172629118	2.963618657684598	6.184290180463258	1.9353186494836654	3.1557672252136486
3.1011240069269053	5.192241582357027	4.5068732679733055	3.786492321310742	5.420524811321917	1.6010180022429628	3.259871530544976	1.085981999881564	1.8655132540858737	0.4277901172629118	2.9084418608447344	6.246210609845967	1.9309377626517756	3.007666333781723
2.744905575020274	5.251132608444183	4.264641184304323	3.7313969991604012	5.418196395238641	1.6010180022429628	3.3740511373749666	1.085981999881564	1.808757385489513	0.4277901172629118	1.8877976524120266	5.901218225920939	1.3516179959408694	1.9271823581976983
1.8811408624161872	5.763171780094838	3.919403518325545	3.7249091241853343	5.473198889874949	1.6495326219040292	3.410162698227884	1.085981999881564	1.7726458246363357	0.47038758872233827	2.209993815755707	5.736874078329133	1.2772162339589064	1.7236372205138517
0.9701529827838011	6.2109790206882165	3.5659499193870436	3.6151820840850446	5.5829259299753256	1.7869190379868016	3.410162698227884	0.9485955837982791	1.7387348830149219	0.5130418527085994	2.085648854437468	5.125211809755496	0.6247477699987114	0.439922815919239
1.1876508504456107	6.101444498939885	3.7771526976864043	3.5119426516989236	5.5803100537880415	1.7384044183260219	3.467503387139995	0.9485955837982791	1.7387348830149219	0.5130418527085994	2.030839145413919	5.349090216038452	0.6247477699987114	0.6371243063726163
1.3567110695246853	6.04620451736797	3.8362481224686524	3.566667464423738	5.52558524106317	1.784338172987099	3.467503387139995	0.9026618291375317	1.7387348830149219	0.5557529754991731	2.7275691811007112	4.945060250228545	0.14619866536674422	1.1088121277599625
1.518799547025581	5.9357774782312696	3.887909560833187	3.566667464423738	5.468327536049202	1.784338172987099	3.524761092153831	0.9852119437924276	1.7387348830149219	0.4732028608430027	2.617680165867173	4.682783997880868	0.21083633305676636	0.9253885154387234
1.1370129509747127	6.259761651841115	3.9880613883762095	3.40871321443964	5.47892501185231	1.8278167743026212	3.623520948800108	0.8931364249416623	1.7047562054528937	0.5159709086424897	1.518556136167682	4.430208611442521	0.08157972048103834	1.0787075552302243
0.975342846828292	6.362365178638776	3.9289948110277306	3.40871321443964	5.421806362734313	1.8278167743026212	3.6806395979183346	0.8931364249416623	1.7047562054528937	0.4777926735440467	1.3206821267065307	4.2484599366213756	0.10031139793379139	0.9560254577573356
0.8676103893097806	6.4155572752451056	3.9289948110277306	3.354172853527106	5.476346723646957	1.8739587334641126	3.6806395979183346	0.8469944657802626	1.6707096127694077	0.4777926735440467	1.1886976718069422	4.187446291245784	0.07662502614305476	0.9610813987750063
0.8234606182849177	6.361108938740559	3.9335243948989365	3.251045162126825	5.473759399591524	1.917772183301334	3.7015636976253603	0.7937476645568285	1.672706486110995	0.4720846523210792	1.1964053476533079	4.577100531857889	0.2335982904964398	2.156864213674038
0.7736272372858595	6.30729887258082	3.82988094773922	3.251045162126825	5.473759399591524	1.917772183301334	3.7015636976253603	0.7937476645568285	1.5469557856303429	0.39577213732670613	1.1464247525081241	4.475057018969354	0.36057486786903414	2.3460586718054333
1.5199552541851609	5.767830651213571	4.0367407432717535	3.251045162126825	5.473759399591524	1.917772183301334	3.7015636976253603	0.7937476645568285	1.5812440065586049	0.43854667003392755	0.9136578336108145	3.820839838032609	0.40754990270576824	1.6515424271103945
1.6304016818159561	5.657384223582915	4.0367407432717535	3.251045162126825	5.432038185540618	2.0072510733588556	3.7432849116762883	0.7042687744989368	1.5469557856303429	0.4003113498696118	0.8649372580894311	3.880457509711989	0.46502690205974834	1.6423476441966878
1.7322885532665389	5.7174314483646755	4.198674839504579	3.251045162126825	5.432038185540618	2.0072510733588556	3.7432849116762883	0.6650227709898076	1.5469557856303429	0.5252908595608725	0.9865841374889224	4.101398567074072	0.4609859791309489	1.762391023660439
1.890013506331721	5.6620439323815095	4.301012276586228	3.251045162126825	5.432038185540618	2.0072510733588556	3.7432849116762883	0.6650227709898076	1.638523523538977	0.5682435479518696	1.051375511161866	4.203736004155827	0.515665010474915	1.7623910236606457
2.1489287093217584	5.606540069195229	4.50442361638992	3.251045162126825	5.432038185540618	2.0072510733588556	3.7432849116762883	0.6650227709898076	1.672706486110995	0.5682435479518696	1.410351445855691	4.229761596427366	0.810567346501665	1.8926449055088301
2.300389332641828	5.660988405699689	4.655884239709956	3.3054934986314666	5.377589849036075	1.9609050590281867	3.7432849116762883	0.7113687853212632	1.764095155987634	0.5682435479518696	1.9557094101508936	4.38195144737741	0.9002089082345323	2.2586647292121476
2.3506683876553685	5.715528766612403	4.706163294723602	3.360033859544058	5.266070509708585	1.9146287154226824	3.800263890091012	0.7576451289260759	1.764095155987634	0.5682435479518696	2.197970728859265	4.490994638230966	0.9949180034511276	2.3174288650522468
2.400843938132239	5.763849256580614	4.756338845200434	3.4083543495123263	5.259497472264443	1.9146287154226824	3.7585164375669122	0.7576451289260759	1.764095155987634	0.606459047439875	2.5532509369571046	4.42424511897644	0.41489777496587843	2.015823443244029
2.45091622663353	5.818470435670208	4.806411133701685	3.462975528601893	5.204876293174922	1.8684219457996845	3.7585164375669122	0.8038518985500847	1.764095155987634	0.606459047439875	2.3761110187000476	4.4747976014091835	0.4782384474485325	1.8266716198098523
2.606372458991148	5.762849962797971	4.808970620757182	3.5602518010321984	5.204876293174922	1.9626387794155455	3.7585164375669122	0.8069113373635393	1.798104742837688	0.4777926735440467	2.379983909298063	4.57415316696358	0.17738574753394534	1.830692465509578
2.716211186273804	5.702775189781159	4.810219955361557	3.6087664206934207	5.246540893403143	1.9190960298649076	3.716851837338765	0.8989687065755112	1.798104742837688	0.430491738052594	2.379771637402248	4.623434955281952	0.007604019366365189	1.9600681824728823
3.14479267845423	5.47758602719049	4.86211610445062	3.7602626011942646	5.191827616551525	1.881002112238743	3.716851837338765	1.0378444124236315	1.798104742837688	0.4264928534801284	1.981491690606571	5.007413627760918	0.5450801555451493	2.135038106057663
3.296057037710535	5.47973827141783	4.9607272002295035	3.815068108898827	5.193948541916659	1.8352107510267557	3.659925404269068	1.0836357736356592	1.8893141141278817	0.4264928534801284	1.8099676858295002	5.0477380910391165	0.7252242990596861	2.076751473556874
3.07782492709612	5.600429620104023	4.814608227081296	3.8636463201185944	5.356335509342815	1.9320748437177735	3.545824318313923	1.0836357736356592	1.8893141141278817	0.46462710599515483	1.6178418430797346	4.940077989126105	0.7621996411684628	1.6303502019129976
2.965763507169847	5.7124910400300335	4.814608227081296	3.8636463201185944	5.413510296355685	1.8889060466267829	3.4886495313011094	1.1701682704248	1.946649568292039	0.4212634062972127	1.6085269657180565	4.822910817209332	0.7149478178304689	1.3176516564524512
3.0599259436930573	5.723280422392632	4.76870356361257	4.014502802473067	5.57898927486389	1.8507267504010565	3.3166273991415465	1.3526608953535166	2.0040527756640807	0.4166994238375532	3.4651079612423272	6.008456817702555	1.2466388564337045	1.6637195035975658
3.1089788715890845	5.67482088326017	4.769815147793299	4.01398460705589	5.585972649793028	1.8532167319086876	3.35810356334475	1.39811225756138	2.061523740969117	0.3741145614325739	3.849935549516957	6.3130435639727285	1.5098307168489333	1.7329244739652248
3.6233490012982883	5.490649707613348	5.101473042992917	4.012525665918605	5.585972649793028	1.5804851418537778	3.414931090572553	1.6693849064789803	2.004696213741096	0.4121482748938412	5.291972420950247	6.928655589081005	1.0243696861843021	0.43374304549825743
3.9348270001644434	5.419743455445314	5.246689667227866	4.107880788382031	5.537513110660611	1.4478922599507114	3.414931090572553	1.8488733717129335	2.0622349411699576	0.4547267340715346	5.67128065006767	6.935135029867975	1.4617150439910378	0.3164940270233659
4.1967852752131956	5.349209672325508	5.39054990462393	4.15544504291491	5.530622628108618	1.4023868464086038	3.3734549263695666	1.8935763930326144	2.0622349411699576	0.4547267340715346	5.771496273653057	6.64141399748909	1.5174224084170556	0.07965339068400099
6.070415190273068	4.385492609110698	6.117255977237016	4.338651822146788	5.427727884105116	1.0422029988727928	3.2907517345031483	2.2513690839306952	2.0622349411699576	0.4501255394633742	6.0971505212802795	4.028517981232435	3.8906719262171574	0.9354694923731957
6.31265008409406	4.203725151851152	6.1382841553079786	4.378091080637198	5.434646728323693	1.0885611015816348	3.34765094414345	2.2513690839306952	2.0390218688076125	0.4501255394633742	5.899151345258938	4.492044050041565	3.305884582944538	0.5927075345449384
6.667557507725562	3.9756358825634996	6.225692771325214	4.417500618963994	5.20328371582852	0.877120215187878	3.6336675751557186	2.556873127168458	2.0151775309495914	0.4501255394633742	4.565184483586557	4.960490969620197	5.003629216567801	1.2450452461091817
6.946438820317586	3.741895197692565	6.1759070377331415	4.5124269802770725	5.187718534570607	0.8851055077385628	3.6852769506591865	2.6044609362218334	1.9791333367040584	0.4894787991725194	4.244731083646087	6.014903062125111	5.415655479909551	3.9427148009534143
7.386755483001532	3.1071481343524052	6.07905492032189	4.4148486970321015	5.286676233432319	0.9852880235004304	3.9276966027239495	2.6911405332505343	1.9221963818127479	0.4894787991725194	2.8727563140547683	4.537966126104957	0.6635984677128035	0.5345388303427525
7.561046368760559	2.8229602079992064	5.997216382223354	4.386790194536533	5.382539047259257	1.0814374696155185	3.999218556063115	2.690947861899884	1.9221963818127479	0.5328482890789935	2.3945256699227926	4.348411760178847	1.4864895848746895	0.0819218474237604
7.721254064720267	2.3704839210410973	5.61788476824193	4.473853217519502	4.996308278007381	1.3896132063581745	4.82225358449648	2.7817719732315265	1.7080788341402628	0.6201836424374304	2.0166111924544463	3.665020586551627	3.8905311066034085	2.4165380276144575
7.8366345222984926	2.2204353378396893	5.635637367279634	4.421432492858456	4.926142685849786	1.4436707398187165	5.156981067267409	2.782086391815372	1.5363722215470248	0.6634395489332318	1.8485100363445255	3.632979452369418	4.406883956799558	2.2107615505641616
8.381617326573966	1.7209402551749933	5.759745660587659	4.342811921161554	4.449216374347662	1.2822688961614896	6.049379806889786	2.9570283281874565	1.1897105425525252	0.45111108711203424	1.1853121741959043	2.393275279375688	2.5151108264730184	1.7029270100022615
8.13543269841725	1.1865311216141254	5.241843966276264	4.08011985375476	4.2895765919602855	1.420611883726711	6.916711939382651	3.0077113710412133	1.0164273260085457	0.5338021228469485	0.9907743278262138	1.1051163814278757	3.943591445740943	0.31993015513545126
8.100823838681244	1.073119750654972	5.015890655269766	4.158052934066607	4.2401793517973765	1.5088997885046918	7.196249093854913	3.053565599353488	0.8192204381594078	0.411194299246103	1.407032336565828	0.6592776165650717	4.194712288599735	0.3515835666221442
7.556852836877955	1.270071823403276	4.737281218084639	4.089643442196528	4.0392820976667405	1.780786346481803	7.605737524509966	2.9218607260308995	0.8528990815138162	0.24276868106901467	1.2640630319078892	0.06383527443490884	2.180821884692709	0.1506833917933668
7.33575854505719	1.3857968546931774	4.6319119575539265	4.089643442196528	4.196232193662796	1.912290588332219	7.390738487639322	2.790356484180665	0.9109480223889534	0.20080214345461556	1.3174050571302496	0.19393061471853743	0.06598202812445875	0.5406820253624209
4.21208068479861	3.041207895177715	3.926440677763741	3.32684790221267	4.583980150603763	2.303102217979099	7.613236179622467	2.344466580996034	0.7189811773303836	0.16908806892213576	2.7749499285865875	1.4609388896860895	3.379436294487303	2.0547231246099225
2.673013240311886	3.740855241557055	3.1904990626083833	3.223369419260379	4.677867515626719	2.655945009332014	7.564922325626464	2.0742499356911726	0.6075524641762341	0.33471190607735835	3.185503762669851	1.9329926590439863	3.246450721440271	2.2720927696411026
1.6951822624186659	5.013271329045053	0.6794863614323322	2.6386027051940313	5.0279988201735595	2.5612458165454863	7.270734347830458	2.0292953728366343	0.6385057311292655	0.5403105188593668	4.471832499852814	1.0953520205461085	3.144880220015994	0.7424995051635151
2.25871318946593	5.327341699385669	0.4724376985454845	2.5961908113742314	5.117229233179213	2.42032158718012	6.946909493092262	2.0726052737412295	0.7745878373163819	0.6632004534520866	4.252533799168573	1.100977209491216	3.4007135545628286	0.6726169053984096
2.7116399167353222	5.470761838812882	0.449783398037711	2.30933852404041	5.021501868463333	2.415970807743338	6.6227017150753325	1.981835888602727	0.9603504804091982	0.7036880737668194	3.8159685690861074	2.1476868307453554	3.035994860077764	3.8817372244486896
2.610186709797373	5.430061672933637	0.609238826335761	2.210636136800626	5.283037510527307	2.365808259532364	6.29812956758236	1.9830618076712045	0.9060139397173207	0.7036880737668194	3.7375434072767564	2.4579216271703355	3.1877248669663985	4.588139210406741
2.4458442673005485	5.3803653174280575	0.7238849133269382	2.210636136800626	5.367209416259188	2.4554345739970644	6.157663529200998	1.8934354932068687	0.9067294145793563	0.7036880737668194	3.8145184369239384	2.2408066134008493	3.041520738222528	5.038851280082819
4.123599332091079	6.113100335231393	1.2187258258255393	0.7707751773157128	5.8832461525164135	2.1134157165139764	6.117295734524036	1.575624326747111	0.8907752697317529	0.7855492938738037	2.5050846373291566	2.380381785818487	1.3105758453309069	4.610516148599738
4.247707234037063	6.058732317779118	1.5207005299228498	0.29032455381844824	6.182659392369594	1.877421165462818	6.088265059191913	1.621019736022603	0.6899410378731373	0.7855492938738037	2.8898325068967954	2.3891375855312895	1.0255843833605773	4.441316417443303
5.081193618855763	6.392826848260444	1.7829420554666213	0.47130882606191443	6.364065791562437	1.9174237427658762	6.470631948807131	1.4390238363141807	0.8007831360237957	0.8240367992950967	1.471547973250496	1.4203639266484722	0.19796858525890149	3.2007843336712107
5.7137094454991315	6.551374640818615	2.120341907966125	1.2826767126467873	6.3341700390610205	1.7605765386962695	6.979340976811341	1.2074496606341756	0.724810095955812	0.8625798274318982	1.938924003121456	0.46434337956176397	1.4851486978250896	3.2743503836236263
6.044976041165047	7.216864215111734	2.261292540784312	1.089404366837734	5.64698461324823	2.138531442268358	7.675976310244784	1.019767973530401	0.6488287889437475	0.906068715064498	1.0128335687753842	0.39216494226849236	2.1530083897889196	3.233348658955203
4.651641668690261	6.6103519460337585	2.5276925824915444	0.5689823051476615	5.69317100310329	2.285676010370946	7.3855892585973	1.1124469831264885	0.8058213917209257	0.8647389109605165	0.431840232098267	1.047997096714192	2.2271008584041465	2.352580993089264
0.9735073623416658	5.527481794476172	3.7474341286594917	0.8065403034746648	5.030086857722162	3.624022021651898	7.952839440137857	1.1096961018000828	0.9509530787707018	0.906068715064498	0.4110854241896137	0.41744011103751716	0.6852869994590088	0.056553064027250986
1.6539484546569938	5.951533332882542	3.5383392042490436	0.7592456739763287	4.794074003247396	3.5309828666880976	8.093894032294038	1.1040310611561226	0.7868875422860682	1.155433700729047	0.4978789281024038	0.07390984900109297	0.21439417735080885	0.43391766960413836
3.742759982252979	7.496190754289334	4.224838126909782	0.47140735487285945	4.843151003254442	3.1059136283681736	8.116337900401003	0.5414813584010427	0.5931065429409814	0.328999551081575	1.4048646651648238	1.3385027209100966	0.7055527726569086	2.5054483013768016
2.9390987403415707	6.987330945473116	3.6157742381747204	0.4324579669558478	4.5368420311685504	3.550501826115061	8.184368134160632	0.8181024968761793	0.9752703076374342	0.40159194038645923	2.2542701718728035	0.3897873617619014	0.06769559805977941	0.8962907446399738
4.393498484669131	7.196906354685288	4.5599584436245255	1.7565505736083595	4.602775684247268	3.6856326124921766	0.6263526950639526	7.520123420331057	0.18176842402564727	1.5559136664004811	1.3521148244225238	1.577176805308991	1.22079099570894	2.93871776248668
3.9012962889729765	7.001401190946447	4.138847959731991	1.0387430577586836	4.803661377470726	3.8917870204626377	6.09172445827868	1.2904333248636777	0.919866874269587	1.3416788189018596	0.2827786962510752	0.10811389206159996	1.5854973854234609	1.7723377519644194
4.673362012755079	7.1122709798838235	4.516038307664726	2.0771293405359565	4.735284276133423	3.844320460690098	0.716117788327134	7.530220874853878	0.36364299758193874	1.259210459017862	0.06189416475799337	0.23245646468478112	4.880229826774896	0.8054887322336105
4.917751547881214	7.447752333545024	4.516038307664726	1.9860375220006365	4.929535516523943	3.494289691384544	3.8843886704599724	1.3818576170418666	0.3130660425252698	3.1189339649353593	1.1423792800173067	0.2908390223509158	3.977536940601551	0.14586537309266684
5.089852461387819	7.419686448497811	4.6010324367240125	2.27119844961403	4.822293538614887	3.591168635239962	0.8260019238858471	7.5854620884019015	0.627913525157093	1.2687709559505251	1.171435789433492	0.20599915634922536	3.836493215035396	0.17394198993585128
5.150858148590157	7.374329677815494	4.5897195206810295	2.3662479914558463	4.77298080526606	3.6344259900032037	0.7455026158552803	7.841100761419879	0.7780148347499373	1.026459634760741	1.1083065949174244	1.0246853452968525	3.9565459363197175	0.9098623308614552
2.6493293163505385	5.258545882086292	7.343271048626462	0.5646041498115756	4.103931083308888	4.0649022978783895	7.942583713907719	1.3088557785110302	1.7017346921802392	0.845275739025655	1.032841417985278	2.1101549222520584	1.7012020571999398	2.587211240922926
3.138089496014271	7.389716957066963	5.5195983606623855	1.2679708996096806	4.801755893046001	3.31123236115155	4.6915293377479435	3.6794884206675427	0.7616226473409442	0.5606447583096987	2.7325787186842287	3.2831418045379275	2.2746283891510486	0.14494946907400694
4.442089609046967	7.624010451191427	4.823538207850267	1.6416173657054796	5.030407418019295	3.214007923904899	4.472635352047412	3.7183197741793586	0.6769211493844118	0.42674795275648103	2.624308603955395	3.307237515796702	2.7322644146427217	0.4073494547656974
3.886904498640232	7.548114593404797	5.066608859311991	1.405398764547188	5.32376365832333	3.0227307623834094	8.163384628189272	1.1220045524337623	1.8561977484383496	0.6899718550589303	2.4519706587150947	3.2385057855005615	3.03186874424545	0.18429998284796661
3.279154716199314	7.280852861743369	5.121379550055145	1.119681404511045	5.472082502991145	3.121383497145974	8.225881608899243	0.9602262655334406	1.9741373614142677	0.14597790533531316	2.15339482179908	3.2980525039605455	3.256301797848785	0.0680692599775912
3.7785841945295155	7.348777608871328	4.77964135874692	1.2094479444049682	5.223385448590491	3.262142724289356	4.750925653576481	3.0603026047416426	0.8437531492012564	0.46170797235531974	2.3402526769579515	3.149249856182357	2.9498573075631818	0.3614188487936148
3.939185869111027	7.337964935993876	4.751159412082409	1.3523803451997092	5.226670752613774	3.2142286363684094	7.663045208094498	1.2024474752394811	1.3938267857476754	1.5930849469357553	2.4668090539165406	3.246367171498061	3.0884148641235587	0.5349321986941626
3.8859422544950157	7.341478205855805	4.762343860577572	1.3068079092173848	5.2292876289224735	3.166972841766301	8.46822624705306	0.902123614398864	1.3075199147903886	1.141465744917995	2.5626624300472804	3.2014381042055047	3.007949975395497	0.5378464223567644
5.363658708714522	7.726317879404263	4.506127801179775	2.1434686304899806	4.581281388643457	4.183647796042976	1.1861617948230427	7.168872401632474	0.3457191035576236	0.4015567094563589	2.6355804035314794	3.7666435415630293	3.460268414027751	1.3222462626854605
5.476611805009076	7.685404945888168	4.548802821419544	2.340009680540481	4.5313962160770345	5.244105332725602	0.8377983343937105	6.5343643117762715	0.3235251421760092	0.02605093515917945	2.5447677839333567	3.55489634601593	3.4529860341719862	1.3241258143362349
5.373925555702445	7.730303648626782	4.65148907072634	2.295110977802041	4.533235666510992	4.480526972896901	0.8781096924176445	7.353352944793084	1.0695773014597079	0.9776037731005308	2.5447677839333567	3.5421856033791714	3.5101681001095115	0.8986537815370103
5.4148384892184795	7.726317879404263	4.750272581930837	2.4387931917450185	4.578134369249566	4.131044880658735	0.7910601812215723	7.604051525826646	0.08209077029615341	0.39990223524454266	2.538931271624513	3.6601389753107063	3.623216418957449	0.9564143237366542
5.48352383477304	7.785415577874151	4.691250305503865	2.3893585624027396	4.621730472525207	4.0309701914135525	0.7040291104329853	7.661506207822053	0.2800901746641399	0.7644355138560455	2.273989325487384	3.650551328225902	4.053300498457075	0.9516203855608858
5.087273303678621	7.924592065007799	4.752654528201607	1.9153357668725057	4.865483814845534	3.009597656050512	8.651031207214531	0.982719795578934	1.5170417125399562	1.088642632808596	2.3418664612569966	3.887967351135338	4.060105498240285	0.8937340466294299
4.886555119888068	7.924592065007799	4.954216958163534	1.9161800130436892	4.956400282593956	2.961068461052782	8.724476914890074	3.068944498908738	2.5205964043059517	0.13203107012390733	2.4825989564758824	4.088685534925883	4.0354737144562485	0.8937340466294299
4.307791367582197	7.742216060663669	5.1564223274976895	1.7219976344161776	5.003914786885885	3.250693535495669	5.976416822288358	7.229770381212291	0.20285080819469142	3.845424778844643	2.5660700978133044	4.195327041690335	3.9527327364138456	0.7288839314480224
3.914430621825864	7.641793147910099	5.352771612242425	1.625409086158012	5.0515013693663775	3.3951127292244574	2.411039766708964	7.73333868224745	3.244809606848248	4.164775269804985	3.1497167870080567	4.260878018054455	3.452244949251528	0.5066892119023103
3.370956918581238	7.252221551696389	5.317208145460262	1.435943512345451	4.962839014866428	3.4437821895676306	8.16654100680251	4.35682098686759	1.893029105483294	1.1092653556526255	3.481440452561232	3.733783122394763	2.810815401480574	0.003954274556831175
3.6542263236883348	7.378229950066642	5.207949957713645	1.483946331335638	5.058242330666292	3.3917663662017445	8.851778321851633	0.9611915305435887	1.1939085208482603	0.760321043684455	3.388210874774318	3.8004253921679836	2.9712073680462012	0.16005189987422738
3.903911765169917	7.5375774186420825	5.256035859324804	1.622370205852932	5.100842442943287	3.343680464590715	5.557367823268757	7.039139389501333	1.3144972916723825	3.83355664020502	2.7490005612014565	4.2615121373465765	3.860103123100295	0.6211386450555074
4.603105497952881	7.559700057225172	5.142399051781865	2.185804492509622	5.040426560719381	3.8252260887076424	1.1351979239831436	8.049396909402427	0.7606476148019466	0.6488697774472725	2.5878522234130132	4.455015309041655	3.6868170770245734	1.2071848604770863
4.370443014490867	7.477193719651266	5.106371037698264	1.9996203325379227	5.237249721802219	3.442158038320182	8.20321205851891	0.7739391853977045	0.6664717149719345	1.6981150880755893	2.955132981040072	3.9901042712290873	3.2625291773706153	0.6925729932206617
4.280010842481728	7.570955665092593	5.058902651778403	1.76795782916751	5.197746283882881	3.394763862594178	8.741889246336799	0.3431499593558367	1.5360986360439646	1.1749218202643823	3.1566774164090936	3.9828288092028585	3.019839933723402	0.6360101674633132
3.4086679337586174	7.1397821285923175	5.124464471016912	1.393350276183067	5.207099408502474	3.4442419714302885	8.811134211734629	0.4943966692671317	1.4057041757554642	0.621827073535224	2.937905245222154	3.641896388140236	2.7786206065667294	0.0011456840699185192
2.900256733547541	7.067093515439947	5.187793020788056	1.0209562388952644	5.12121298554892	3.4450414104426947	8.733946653835789	0.5968190933545922	1.6084261017092933	0.34657797501851717	3.4022144532037193	3.4916085849559697	2.1174068894830693	0.28360876083560577
2.2786481859718526	6.964134186588683	5.569646719082999	0.884160718466317	5.127287689953598	3.4453818188675642	8.594273739517282	0.6912475438283845	1.6999976500936982	0.7110371004496903	3.506279658400403	3.79715019883482	1.9341796662921233	0.39520074946309475
3.559363887961195	7.245205754285687	5.0767100125290785	1.3908681462045402	5.343747245861742	3.349594857549216	8.044638703432822	2.9225238871485404	1.9730684684016533	0.6762446936034441	2.4252233248298363	4.038530347289701	3.2127006076742277	0.5766539834924935
4.402018339849859	7.459377700513858	4.767713579945205	1.7103542192807089	5.328363114296495	3.348484989659793	4.5094583465779206	4.354438638866132	0.07604668583656377	0.370438029002501	2.1964445123893617	3.9939234378371666	3.661029919875664	0.9193544464271295
4.71607440368864	7.57402150815416	4.753942612113788	1.8959955076481392	5.042324534790855	3.969198120141671	0.8799244727110725	7.934291768229582	0.07233533349789932	1.2454503909497836	2.262717201574814	4.175629363033268	3.5733112733692387	1.1458546862194834
4.905446730144595	7.713773098252408	4.75115417216359	1.9428278040555356	4.901055108516305	4.117333851387332	0.7641077807166792	8.085948944387926	0.5261310100058074	0.49699488605505315	2.3871997229408275	4.186060527236781	3.5885803421015936	1.2059065867808059
4.7747943897119605	7.63274149417744	4.800774908521143	1.9428278040555356	4.76364169072622	4.215262973201895	0.8622930022683258	7.951467787587732	0.5254031041726277	1.2053158400092874	2.3061681188657537	4.235681263594349	3.532492359467836	1.2059065867808059
4.73415378238439	7.592100886849901	4.800774908521143	1.9428278040555356	4.673164958266109	4.264339153811262	0.9134820003313172	7.957459924067401	0.5279487611532411	1.4662786026126358	2.38875142515954	4.178508837325314	3.409268445846179	1.2081127696296403
4.7747943897119605	7.543495803872542	4.8975265045480585	2.128825090387482	4.809225009252788	4.216738281716455	0.866667639649465	7.908309200135297	0.48611536977561104	1.2105666285971923	2.4444046416574743	4.350385931371713	3.115734815806358	1.3799898636762906
