0	1	2	3	4	5	6	7	8	9	10	11	12	13
8.965120209408097	2.228876817035285	6.408019441091716	4.785977585351739	5.051940193690248	2.1756474163211266	4.476219081174586	1.6984539974569826	1.7128981428603678	0.5381809254130963	1.8149401681255908	4.893435171022699	0.23804046419071773	3.813501114122348
8.901619396364168	2.431867155072497	6.600690721683174	4.732795829753534	4.854654346228131	2.1458948300537823	4.418780883711761	1.560407931485211	1.6223549752691344	0.455511974592377	1.763754052761323	4.74074211615673	0.02601582919338994	3.9065121082549608
8.885318056636262	2.4837820140287317	6.637064652066973	4.732035418598061	4.748516731556115	2.139985427106044	4.475838160643529	1.5164765855377387	1.5888624216169818	0.455511974592377	1.709799042627818	4.732124502450424	0.18689404149216693	3.8523481889525804
8.885318056636262	2.4837820140287317	6.637064652066973	4.732035418598061	4.691543121249303	2.139985427106044	4.475445239911244	1.6032635488761537	1.5889759974426392	0.36872501125365303	1.6020957563614047	4.779451706252417	0.2945973277578364	3.8050209851507675
8.871899023594057	2.4837820140287317	6.623645619024691	4.732035418598061	4.64943647218709	2.139985427106044	4.48171424530154	1.6467464492817723	1.5912164772438704	0.32524211084709964	1.6020957563614047	4.766032673210116	0.2945973277578364	3.8543356996477827
8.871899023594057	2.4837820140287317	6.623645619024691	4.732035418598061	4.592520907492163	2.139985427106044	4.481300035002683	1.68602812370382	1.6485462522372616	0.28142206700184025	1.5454974328901956	4.713856264602851	0.35119565122907387	3.953944274027333
8.82772383691847	2.4837820140287317	6.531225217052984	4.780280633894299	4.592520907492163	2.188230642402188	4.4240420743866595	1.68602812370382	1.7058042128539113	0.23896272449724118	1.5454974328901956	4.717086192617092	0.35119565122907387	3.906539159337646
8.767030739719088	2.5444751112281243	6.531225217052984	4.780280633894299	4.592520907492163	2.188230642402188	4.4240420743866595	1.68602812370382	1.7058042128539113	0.23896272449724118	1.6061905300891766	4.717086192617092	0.29910905752498007	3.906539159337646
8.767030739719088	2.5444751112281243	6.531225217052984	4.780280633894299	4.592520907492163	2.188230642402188	4.4240420743866595	1.68602812370382	1.7058042128539113	0.19655960830190103	1.555064573220832	4.764577810324316	0.35023501439093346	3.81161537585798
8.767030739719088	2.5444751112281243	6.531225217052984	4.780280633894299	4.592520907492163	2.188230642402188	4.4240420743866595	1.68602812370382	1.7058042128539113	0.19655960830190103	1.555064573220832	4.764577810324316	0.35023501439093346	3.81161537585798
8.767030739719088	2.5934594205366066	6.532815301931562	4.827674858324201	4.543536598183616	2.1408097920321443	4.4240420743866595	1.7318588891954017	1.7058042128539113	0.15421265316200583	1.555064573220832	4.764577810324316	0.35023501439093346	3.859047541630369
8.767030739719088	2.5934594205366066	6.532815301931562	4.827674858324201	4.543536598183616	2.1408097920321443	4.4240420743866595	1.7318588891954017	1.7058042128539113	0.15421265316200583	1.4985569765901512	4.8167706773775505	0.4067426110229656	3.8068546745772323
8.767030739719088	2.495394773488108	6.483063789301172	4.779361723906094	4.599385319916057	2.1905613046624155	4.466257999702835	1.692577214772822	1.7058042128539113	0.19349432758411653	1.4985569765901512	4.8643570058174355	0.45882920472809463	3.759268346137241
8.767030739719088	2.446218196900578	6.433228639334665	4.780020297285016	4.648561896503559	2.240396454629072	4.466257999702835	1.692577214772822	1.7058042128539113	0.19349432758411653	1.4985569765901512	4.8643570058174355	0.45882920472809463	3.759268346137241
8.665237808357077	2.446218196900578	6.331435707972619	4.780020297285016	4.648561896503559	2.240396454629072	4.523515960318801	1.692577214772822	1.6485462522372616	0.15120346816984853	1.4985569765901512	4.862359041495082	0.45882920472809463	3.706823902810467
8.665237808357077	2.446218196900578	6.331435707972619	4.780020297285016	4.648561896503559	2.240396454629072	4.523515960318801	1.692577214772822	1.6485462522372616	0.15120346816984853	1.4985569765901512	4.862359041495082	0.45882920472809463	3.706823902810467
8.665237808357077	2.446218196900578	6.331435707972619	4.780020297285016	4.705502938153282	2.240396454629072	4.466574918669189	1.692577214772822	1.6485462522372616	0.15120346816984853	1.4985569765901512	4.914394206682698	0.45882920472809463	3.654788737622817
8.665237808357077	2.446218196900578	6.281516785182357	4.829939220075294	4.705502938153282	2.29031537741919	4.466574918669189	1.692577214772822	1.6485462522372616	0.15120346816984853	1.4985569765901512	4.962169178186173	0.45882920472809463	3.607013766119308
8.665237808357077	2.5023982437418706	6.281516785182357	4.886119266916568	4.649322891311924	2.29031537741919	4.466574918669189	1.692577214772822	1.6485462522372616	0.15120346816984853	1.4985569765901512	5.057979678183989	0.45882920472809463	3.607858450571944
8.7259309055564	2.441705146542639	6.331435707972619	4.836200344126251	4.691513339673569	2.240396454629072	4.424384470307811	1.692577214772822	1.682143416108225	0.15120346816984853	1.4378638793910479	5.057979678183989	0.45882920472809463	3.607858450571944
8.68155440681437	2.490868846590429	6.287059209230577	4.88536404417403	4.642349639625706	2.2862272201205776	4.424384470307811	1.6467464492817723	1.682143416108225	0.15120346816984853	1.4943714760216256	5.06163904760152	0.4023216080987246	3.6092902169656327
8.74237034913105	2.430052904273536	6.287059209230577	4.88536404417403	4.642349639625706	2.2862272201205776	4.48171424530154	1.6467464492817723	1.5676277236443863	0.15120346816984853	1.4335555337048875	5.06163904760152	0.4544928281155116	3.656470337196893
8.74237034913105	2.4791202257181366	6.3352177694067	4.886272805442356	4.59328231818119	2.238068659944333	4.48171424530154	1.6467464492817723	1.6248136411145928	0.15120346816984853	1.4335555337048875	5.06163904760152	0.4544928281155116	3.656470337196893
8.74237034913105	2.4791202257181366	6.385055786948829	4.836434787900233	4.6502816821003385	2.188230642402188	4.4605525250544344	1.6467464492817723	1.5889759974426392	0.15120346816984853	1.3770479370740762	5.06163904760152	0.5110004247464462	3.656470337196893
8.69790467958185	2.4791202257181366	6.340590117399657	4.836434787900233	4.6502816821003385	2.146204681644377	4.4605525250544344	1.6887724100397514	1.5889759974426392	0.19349432758411653	1.3770479370740762	5.065296551644113	0.5110004247464462	3.6083471636051803
8.758843702904919	2.4744315235927274	6.388835332695897	4.844439893801846	4.55186659401649	2.0998708453289368	4.502717291940644	1.6868610310588388	1.5889759974426392	0.19349432758411653	1.372616510381842	5.065296551644113	0.4544928281155116	3.6578924043911227
8.65631337755454	2.5324067932687977	6.344280277021572	4.844439893801846	4.55186659401649	2.0557336408846636	4.502717291940644	1.730998235503448	1.6225061234826743	0.23584128272313046	1.4305917800581873	5.068952145145195	0.5067487941301849	3.6096817552155493
8.65631337755454	2.5324067932687977	6.344280277021572	4.844439893801846	4.608975715960981	2.0557336408846636	4.445608169996082	1.730998235503448	1.6225061234826743	0.23584128272313046	1.4305917800581873	5.068952145145195	0.5067487941301849	3.659308581471977
8.65631337755454	2.5324067932687977	6.344280277021572	4.844439893801846	4.608975715960981	2.0998708453289368	4.502974701035158	1.6868610310588388	1.5651395924434122	0.23584128272313046	1.4305917800581873	5.068952145145195	0.5067487941301849	3.659308581471977
8.717382144655073	2.471338026168208	6.344280277021572	4.844439893801846	4.666168986807496	2.0557336408846636	4.445781430188764	1.730998235503448	1.5651395924434122	0.23584128272313046	1.369523012957579	5.117250440179754	0.5067487941301849	3.6607188252025016
8.672737487103522	2.471338026168208	6.249794870574546	4.894280642697192	4.666168986807496	2.105574389780115	4.445781430188764	1.730998235503448	1.5651395924434122	0.23584128272313046	1.369523012957579	5.07260578262812	0.5067487941301849	3.6607188252025016
8.672737487103522	2.471338026168208	6.298121429269103	4.84595408400268	4.666168986807496	2.103302436623725	4.445781430188764	1.6849436299649685	1.5651395924434122	0.23584128272313046	1.369523012957579	5.120991893918684	0.5067487941301849	3.612332713911956
8.791892222102756	2.408529918096192	6.298121429269103	4.902300710929868	4.709186340171726	2.1914998657927423	4.346417449897039	1.5967462007953492	1.5651395924434122	0.19349432758411653	1.2503682779581116	5.120991893918684	0.5067487941301849	3.612332713911956
8.808467426547024	2.3472202380374307	6.253386953654558	4.902300710929868	4.709186340171726	2.279413997037655	4.346417449897039	1.5088320695510629	1.5651395924434122	0.15120346816984853	1.2401845547678576	5.076257418304304	0.45562283726242514	3.612332713911956
8.808467426547024	2.3472202380374307	6.253386953654558	4.902300710929868	4.709186340171726	2.279413997037655	4.346417449897039	1.5088320695510629	1.5651395924434122	0.15120346816984853	1.2401845547678576	5.076257418304304	0.45562283726242514	3.612332713911956
8.808467426547024	2.3472202380374307	6.253386953654558	4.902300710929868	4.709186340171726	2.279413997037655	4.346417449897039	1.5088320695510629	1.5316094664032114	0.10896863908778512	1.2401845547678576	5.076257418304304	0.5079636687861442	3.612332713911956
8.808467426547024	2.3472202380374307	6.203459384588264	4.952228279996384	4.709186340171726	2.285419853278329	4.346417449897039	1.5527537823764326	1.5316094664032114	0.10896863908778512	1.2401845547678576	5.076257418304304	0.5603894851524152	3.6621230921514223
8.763642916251563	2.3472202380374307	6.158634874292787	4.952228279996384	4.709186340171726	2.285419853278329	4.346417449897039	1.5527537823764326	1.5316094664032114	0.10896863908778512	1.2401845547678576	5.0314329080089	0.6129004055105846	3.6621230921514223
8.763642916251563	2.2981795842410313	6.158634874292787	4.9031876261997835	4.758226993968326	2.285419853278329	4.3106148847373404	1.5527537823764326	1.6246649867765035	0.10896863908778512	1.2401845547678576	5.0799070060712905	0.6654965488293376	3.6635213386917225
8.763642916251563	2.2981795842410313	6.158634874292787	4.9031876261997835	4.815562271593961	2.3293415661039587	4.253279607111663	1.5088320695510629	1.6246649867765035	0.10896863908778512	1.2967828782390118	5.0799070060712905	0.6615797104156486	3.6635213386917225
8.78016185719095	2.2857865350712876	6.163647681332362	4.902300710929868	4.766521617797321	2.279413997037655	4.253279607111663	1.5088320695510629	1.6246649867765035	0.15120346816984853	1.2353491752730388	5.0349922440444494	0.7671991799036431	3.7134757764681647
8.722213965346942	2.449107916337925	6.163647681332362	5.00767420035267	4.661148128374475	2.2354922842119804	4.253279607111663	1.5962963922959406	1.6246649867765035	0.14995171766457308	1.2988912455884376	5.0349922440444494	0.8145432224489702	3.763512434147235
8.677208734107397	2.449107916337925	6.168485793382327	4.957830857063135	4.661148128374475	2.1856489409224467	4.253279607111663	1.5962963922959406	1.6246649867765035	0.14995171766457308	1.2988912455884376	4.989987012804899	0.8145432224489702	3.763512434147235
8.738774240513601	2.4363764603489053	6.168485793382327	5.0066649074803165	4.612314077957623	2.2295706537480906	4.253279607111663	1.5523746794702251	1.6246649867765035	0.14995171766457308	1.351049620308167	5.087199851890911	1.0202548956357953	3.6692746597659815
8.738774240513601	2.4363764603489053	6.218245048593447	4.956905652269325	4.612314077957623	2.223662524595648	4.253279607111663	1.5085235534120034	1.6246649867765035	0.14995171766457308	1.351049620308167	5.035090277983222	1.1274243134972661	3.721384233673489
8.697723041018534	2.3746861775361237	6.163919113817987	4.90849010473662	4.810997185261127	2.219027635129509	4.054596499808105	1.4647428953449724	1.6246649867765035	0.11194949828605359	1.4034899196826365	5.176904317383711	1.4372918892300468	3.779312636898339
8.697723041018534	2.3746861775361237	6.163919113817987	4.90849010473662	4.8685306682209335	2.262737943927694	3.975499050968994	1.4210325865475906	1.7035489490262463	0.11194949828605359	1.5180284779295103	5.324710237792153	1.4314627399795103	3.7838727009442787
8.643933928353265	2.4761556575222787	6.204543484521167	4.915546101354404	4.805022295323079	2.1621713227337174	3.9337722998993128	1.4234200803917736	1.6462289526564875	0.11194949828605359	1.8603390553569605	5.465491070712284	1.5237370088802233	4.000061033782967
8.643933928353265	2.4761556575222787	6.254138854089426	4.865950731786326	4.805022295323079	2.156149756512849	3.9337722998993128	1.3798462770444253	1.6462289526564875	0.11194949828605359	1.9183789133438882	5.667378176372388	1.566797932902407	4.0055797998642655
8.541216613669294	2.5327489613119765	6.248680670775889	4.825284904205375	4.649168757504028	2.058890625142489	3.9253039110720986	1.336303667124935	1.6631074564284363	0.15549210820369874	2.3864338583309834	5.918667505334597	1.8805181529869892	4.548418368982109
8.442237205273658	2.5856570251514404	6.194675704740197	4.833218525684865	4.550641278132146	2.0125885011270106	3.931088164405353	1.3338498984288434	1.6991611682766963	0.15549210820369874	2.5007096430920863	5.968102728488854	1.9322669380252013	4.557102071544517
8.236587392517462	2.6342550991514364	6.186163725814951	4.684678765853821	4.659032080322704	1.8105507862214576	3.831606013720604	1.3387497795038936	1.6989449669582632	0.15549210820369874	3.0371807207497343	6.172858660890932	2.224607029578069	4.45364921111903
8.137497067453564	2.687228543993667	6.132203526258342	4.692522085188937	4.717748238217181	1.6699321872844144	3.7161190545650027	1.4304408965146775	1.756302710699552	0.15549210820369874	3.1634182352245497	6.12154063934017	2.1658451417134326	4.464432278863547
7.999843107512504	2.8806001555783993	6.2888780578811145	4.59156520520988	4.723289958795671	1.4166913553543705	3.58917087802093	1.3893532368813446	1.6843375550806161	0.15549210820369874	3.385689585242703	6.4527265307152035	2.5731423740915935	4.5841354921671815
7.880576475197011	2.7563620334192	6.13392783071984	4.503010677896521	5.008989939223232	1.509771787620048	3.4897996977673715	1.394047077476153	1.6269798113391514	0.15549210820369874	3.4068181401109277	6.343801542287399	2.6888717161874607	4.701102135083804
7.580088093950901	2.8147817064836467	5.891859122538152	4.503010677896521	5.1083033975959395	1.509771787620048	3.426360658854206	1.394047077476153	1.5911053918794866	0.19784516477136133	3.6924933606192423	6.579587065460027	3.540579322409846	5.4523766435403855
7.204045693405206	3.0898759660486785	5.8895742062386685	4.404347453215143	5.09471935546861	1.3152198035529952	3.344055941595662	1.3505641770704517	1.5911053918794866	0.24132806517816918	4.445083959931304	7.034716738485238	3.930850770339691	6.204518781484131
6.870920527635697	3.272286921377925	5.7388599957987125	4.404347453215143	5.09471935546861	1.3584001401967145	3.344055941595662	1.3073838404267044	1.5911053918794866	0.19897500861201065	4.639608037062598	7.048916862105671	4.067749620705428	6.393528052483462
6.4250436083072024	3.633211242383062	5.597638659855411	4.460616190834906	5.038450617848899	1.3584001401967145	3.344055941595662	1.3073838404267044	1.5911053918794866	0.2032756948629532	5.3442192921143254	7.247200098362479	5.034414052706337	7.140142130565726
6.1965832591639955	3.814409958593202	5.5503770269223835	4.460616190834906	5.038450617848899	1.3584001401967145	3.3798585067554745	1.2639605767863398	1.555302826720209	0.24669895850125648	5.421302969602254	7.259542303107712	5.298069608306844	7.051412679847858
5.4650842870806375	4.232079547305006	5.2286160775421155	4.468547756843569	5.098234698649973	1.3099689350061425	3.2637116547547205	1.3073838404267044	1.4643479227578138	0.2032756948629532	5.690723696233043	8.26722064960937	6.61035290525172	8.16557985028605
5.300268637514969	4.301053018718892	5.124167914448415	4.4771537417854494	5.106804927888763	1.3099689350061425	3.2465354405738607	1.3073838404267044	1.5216760121807664	0.16516698081161305	5.816386397511087	8.28034845556716	6.597926955836307	7.956623699450012
4.8803696326991215	4.528758455483023	4.835033817498875	4.574094270683094	5.058953981495913	1.3590585175100167	3.2465354405738607	1.3073838404267044	1.5216760121807664	0.16516698081161305	6.297404226843453	9.249048760237512	6.195326493347912	7.927415226902386
4.832074752347527	4.528758455483023	4.73814285370432	4.6226903541262825	5.117265533793483	1.4507663346655302	3.152421323116595	1.2642721067154685	1.523784364230513	0.16516698081161305	6.848314218417282	9.139601465733794	5.290330626961911	7.68228112239458
4.832074752347527	4.528758455483023	4.689628649681124	4.671204558149394	5.117265533793483	1.4992805386887602	3.152421323116595	1.22084884307479	1.523784364230513	0.20859024445078214	6.795746488477559	8.791551053203529	5.48725892052131	7.7239924734745875
4.290432010412919	4.827485031038567	4.446712483302109	4.671204558149394	5.175660668539036	1.4992805386887602	3.09402618837105	1.22084884307479	1.5812175927661312	0.25101174174687324	6.988965526232964	8.382977313552383	5.34050460928651	8.455841466086738
4.014837575485812	5.0052361260899385	4.397138120610751	4.622935580964967	5.193124221154989	1.4534847962040673	3.0765626357550953	1.2183756083740322	1.5812175927661312	0.25101174174687324	6.510956177206556	8.81909926192428	5.467191775418406	8.316583090337641
3.2854042420284	5.652650068834991	4.371575661233575	4.566478649629952	5.208482016300489	1.4534847962040673	3.117661771944478	1.2183756083740322	1.5812175927661312	0.25101174174687324	6.027340832368026	8.117805778668709	2.426565032577159	8.304216316709343
3.175433869716889	5.827922782977482	4.388609025880137	4.61474762681438	5.167298751402009	1.5474074420996147	3.1588450368429424	1.172721939663559	1.5812175927661312	0.25101174174687324	5.889932590999334	8.067291530882688	2.4606102809143686	8.371920551618874
2.6044983184238943	5.7916554630588735	4.038440626896794	4.3577131545860865	5.275951648839952	1.5014469073151329	3.258712407610154	1.1701682704248	1.638718403103204	0.2978774183367249	4.780129378082172	8.066630359457637	3.1133509038343377	7.840659898460628
2.2885044537999	5.849687432815156	3.8852795932046944	4.252912293410136	5.332156426572853	1.455412435700667	3.258712407610154	1.1676066585957812	1.638718403103204	0.259673803763986	4.790268338143202	8.117220022901089	3.465082965062057	7.615065203209065
1.7518972738169525	6.133436973601993	3.785970888610173	4.099363358808552	5.388267006571095	1.357974081097232	3.258712407610154	1.1676066585957812	1.6050322658253133	0.3022774803853323	2.258905883201385	7.34017334905514	1.8722041978429238	7.310927581273392
1.593043961691505	6.20150034433992	3.897094457636519	3.8974498483948565	5.451030728610823	1.2602065605518125	3.3000946754384506	1.1676066585957812	1.6050322658253133	0.4304300892725035	1.519033863979688	7.110096805247918	0.2288745343844115	7.34989647306322
1.9240412718528321	6.021072478835804	4.0976322090065835	3.847481541682104	5.402901250261243	1.2053426031212502	3.3000946754384506	1.1243728309643157	1.6050322658253133	0.47326170703255904	2.4933231252912957	6.872468419438417	1.6927205290025007	5.4198570773967445
2.146195389817798	5.908022847895262	4.3051658438739375	3.7490523938391056	5.402901250261243	1.1069134552785669	3.3000946754384506	1.1243728309643157	1.6626387590323841	0.4350328993133235	2.735370885769662	6.863195899679262	1.981629624091697	5.188255351457544
2.1518462359782626	5.8513206804881035	4.205772933618987	3.7973939828473235	5.385768257452243	1.1552550442868306	3.317227668247433	1.1243728309643157	1.7203130211324154	0.4350328993133235	2.4035026093128886	6.668666505799362	4.077373428472808	4.511243577354913
2.2144516042308813	5.681637768718257	4.154617962681648	3.741471410267284	5.441690830032264	1.1552550442868306	3.317227668247433	1.081009131266394	1.7203130211324154	0.4783965990123988	2.357722786523786	6.680607051184936	4.216498483436817	4.465517311597185
2.498857310008808	5.729687592479286	4.439023668459607	3.789521234028282	5.3936410062713165	1.201119592526484	3.317227668247433	1.0351445830264285	1.7203130211324154	0.4783965990123988	2.533181207472925	6.380789376450831	2.9462484475033506	3.0527628711028076
2.5574302978069645	5.729687592479286	4.448339035622636	3.838778854663633	5.33521018542279	1.2503772131617301	3.37565848909594	1.0351445830264285	1.7203130211324154	0.48301246162134903	2.477051531023907	6.323558471497187	2.6295411950116034	2.7590062231864168
2.078695784194675	6.013733027667951	4.309464642795246	3.782964169067369	5.391024871019149	1.2935377370633192	3.37565848909594	0.9919840591251643	1.7444159803303396	0.525971784900946	2.11238671528357	5.919697733663137	1.5684457553267122	1.4107662925846551
2.1416279405473317	6.017272994517047	4.375936765997209	3.782964169067369	5.391024871019149	1.3394671795930573	3.37565848909594	0.9460546165952299	1.7444159803303396	0.525971784900946	2.0573305705291864	5.503197609307723	0.8852087869945037	0.04403293352873799
2.1416279405473317	5.961551782304545	4.375936765997209	3.727242956854797	5.446746083231572	1.3854658084357414	3.37565848909594	0.9000559877519593	1.7444159803303396	0.525971784900946	2.0573305705291864	5.506707238683234	0.6151300851527531	0.16019254663758883
2.0899665021829166	6.009536212219625	4.324275327632792	3.775227386769927	5.398761653316596	1.431533720609215	3.37565848909594	0.8539880755789306	1.7444159803303396	0.48764143233671514	1.808491997047303	5.148135904972826	0.2682114475545699	0.5216512800752828
2.0899665021829166	6.057427502648101	4.2751008301286095	3.872293174702437	5.292523920459906	1.5699186006217871	3.434004931524162	0.8040772519289304	1.7444159803303396	0.44834187347791965	1.6219959594471953	4.964465554280571	0.25599986447682843	0.3379809293814974
1.87375920856003	6.169991349111108	4.220631880472876	3.823118677198382	5.292523920459906	1.5207441031176634	3.434004931524162	0.8040772519289304	1.7107089501995205	0.44834187347791965	1.5484704988638809	4.980681296719726	0.31037496788323465	0.4578401189820118
1.9174117867294125	6.174382073155919	4.324275327632792	3.767518532252745	5.389511013291713	1.5207441031176634	3.392617983638091	0.8040772519289304	1.7107089501995205	0.44834187347791965	1.5483946472286296	4.573921259900898	0.04229075473167631	0.6071590590409788
2.076843521534663	6.118166686723513	4.378317178501523	3.8166930297567365	5.331278185806038	1.5699186006217871	3.4508508111237592	0.8040772519289304	1.7107089501995205	0.44834187347791965	1.4929758874596082	4.36567388508642	0.08871139615623899	0.16458666855274726
1.9645304599594824	6.174972410627439	4.378317178501523	3.7611856920853746	5.38678552347752	1.5699186006217871	3.4508508111237592	0.8040772519289304	1.7107089501995205	0.44834187347791965	1.3037681463684627	4.121355223338712	0.04256117358070386	0.5063254475502353
1.9085502339883125	6.175537977957371	4.378317178501523	3.705771033444241	5.442200182118555	1.5699186006217871	3.4508508111237592	0.8040772519289304	1.7107089501995205	0.40537598221370963	1.2394182189329424	4.181728479540592	0.1751576915009615	0.6964679215811707
2.02062813510236	6.063460076843422	4.378317178501523	3.705771033444241	5.4254127483634385	1.5699186006217871	3.467638244878822	0.8040772519289304	1.7107089501995205	0.44371290276122777	1.2490968360800436	4.060341463474909	0.23146809751428482	1.4590222593278628
2.076843521534663	6.007244690410957	4.378317178501523	3.705771033444241	5.4254127483634385	1.5699186006217871	3.467638244878822	0.8040772519289304	1.768596035805168	0.44371290276122777	1.1928814496474736	4.120971084934649	0.2969142097617304	1.6437894080801618
2.2410771052960783	5.894459734238301	4.429765806089731	3.705771033444241	5.4254127483634385	1.6161204875286783	3.467638244878822	0.757875365022467	1.768596035805168	0.40081098664808457	1.2018590611838005	4.050410252031726	0.610656156133971	1.768367109366724
2.3992152773847057	5.89802860117588	4.591472845116248	3.705771033444241	5.367376876015482	1.6161204875286783	3.525674117226769	0.757875365022467	1.8601808322800442	0.439097040152173	1.2054279281215932	4.270999678746781	0.6080590298783424	1.762178133097495
2.552246749093955	5.89802860117588	4.744504316825357	3.705771033444241	5.309424708204405	1.6161204875286783	3.5836262850379152	0.7185758061633961	1.8601808322800442	0.4783965990123988	1.2668281967088808	4.42427624197414	0.7949943423965545	1.639394293952257
2.6537424838880486	5.89802860117588	4.846000051619481	3.705771033444241	5.309424708204405	1.6161204875286783	3.5836262850379152	0.7185758061633961	1.8601808322800442	0.5166254067314511	1.2668281967088808	4.466521187487024	0.7949943423965545	1.5801435046711783
2.8716481231872484	5.781200782721061	4.94707787246401	3.705771033444241	5.2515561822904795	1.6161204875286783	3.584093201400438	0.7619395058618235	1.9511440533423485	0.4304300892725035	1.6365770416164696	4.508225164804035	0.3794367014184255	1.4558224532082622
2.872658397806014	5.61790590961524	4.888061160649822	3.602503146771403	5.3548240689631825	1.6161204875286783	3.584093201400438	0.7619395058618235	1.9511440533423485	0.47326170703255904	1.7569139279680706	4.567833085798446	0.05499037591940977	1.5127157728454377
2.816951543385164	5.662645672231919	4.780056777951672	3.6995404376656036	5.306878290411052	1.708210752841454	3.584093201400438	0.7189407528901414	1.9511440533423485	0.4686083243708432	2.3419719558833987	4.4495466261586385	0.4502473184958412	1.4533421835617597
2.8767348808585846	5.602862334758805	4.780056777951672	3.6995404376656036	5.306878290411052	1.708210752841454	3.584093201400438	0.7189407528901414	1.9511440533423485	0.4686083243708432	2.337057291366363	4.508675123924064	0.3876502458494465	1.447656320398109
2.9334433127881856	5.54615390282908	4.73104811278071	3.748549102836564	5.306878290411052	1.7572194180124088	3.584093201400438	0.7623640165309371	1.9511440533423485	0.4251850607311595	2.280348859436418	4.626565499107498	0.5677852583677356	1.436336745950382
3.0415693911037773	5.429650085046164	4.673744417302541	3.7974750588474095	5.306878290411052	1.7599484661457319	3.584093201400438	0.8085609244090829	1.9511440533423485	0.3824170129319262	2.394752955584406	4.618675915073323	0.750537462551593	1.4368249013832848
3.406202436083084	5.315629492879475	4.923862257335767	3.797969671626874	5.306878290411052	1.757254858891845	3.584093201400438	0.8552320448472293	1.9511440533423485	0.33893411252640826	2.2872395501599736	4.632530295978966	0.34521248672744637	1.005086005254142
3.6776543526528407	5.1437061365055285	5.023390817531399	3.797969671626874	5.348242237457402	1.757254858891845	3.5427292543540276	0.8552320448472293	1.9511440533423485	0.33893411252640826	2.0615688524893288	4.441219833824134	0.46793745188841596	0.5867082308675933
3.6776543526528407	5.088476450134405	4.877602436891917	3.8885283658951897	5.461311873157978	1.856989551109584	3.4848893050246037	0.9012857332692505	2.0090894112813005	0.377061907513062	1.2351476879309562	4.264348596136105	0.30722372843518836	0.8586364167193342
3.7352011608503903	5.030929641936925	4.732058856174664	4.034071946612604	5.635332558757338	1.8647852593391734	3.3108686194252104	1.0825762156764749	2.1833321415409594	0.2908146323314239	2.034048168369011	4.264348596136105	1.4133061613092832	0.7830905547265993
3.7352011608503903	5.030929641936925	4.635438746222454	4.130692056564711	5.751764327440632	1.9156268240754353	3.194436850741931	1.128354760891802	2.2415486013263717	0.2908146323314239	2.459410914422053	4.556125592801374	1.4003428423358528	0.8204146331315627
3.794788203346913	4.971342599440182	4.5872509601719695	4.178879842615398	5.768946312621424	1.9181046115638283	3.2346564751126445	1.1740647594547453	2.242431223783285	0.32889211920024486	2.8787570437422607	4.908715376076767	1.754449690179957	0.802131448677308
4.209757487124288	4.907757094672258	4.883648631079169	4.233865950717497	5.772171943030317	1.7811413593504584	3.233674622095681	1.3107844333990146	2.1849577600201906	0.409604486452476	4.523082903765753	5.203786800212998	0.7363934122057593	1.1883536802029895
4.3104311981756585	4.963533571457275	4.992073006476353	4.281891763156595	5.772171943030317	1.7861883927653235	3.2694419209549093	1.3537632124235262	2.149190461161147	0.409604486452476	4.680522020160632	4.722610415218677	0.6097410304290333	2.006871894628226
5.860418738258578	4.019019529289129	5.454367211246989	4.425071056300647	5.724318586270479	1.3390968161010037	3.3269518035571806	1.896180725471858	2.0916805785588712	0.3622487560898428	4.8490163299903495	4.245057810323828	1.9789890959682939	1.6165915021056507
6.406773234663685	3.603910804599822	5.586094439872242	4.424589599391231	5.724318586270479	1.2051374902665224	3.384533389483166	2.029658594396672	2.0673560475284223	0.3196767654978765	4.747996443301256	4.277805727047499	2.3782617665668258	1.0624791373285833
6.746534071396898	3.5378355672343584	5.772052718414287	4.5123169202171285	5.614933891220117	0.8596962193466111	3.50136001297794	2.4267265046673394	2.0673560475284223	0.2782443989183458	5.048671938092303	5.935133592072908	1.3223281846134352	6.709560698288475
6.897999839042768	3.4793245122610443	5.865645085275865	4.5116792660279215	5.65612321275415	0.7717274000469792	3.4601706914441195	2.5140576697780683	2.0673560475284223	0.23584128272313046	4.955777402428746	6.1372149343017925	0.681724777922424	6.997417401172987
7.4471300644578395	2.6883697658762697	5.777913873699688	4.357585956634465	5.442314763361831	0.795926041745797	4.112306215684128	2.7740927935337334	2.0673560475284223	0.19349432758411653	3.6569142826724415	3.8851115261832807	0.024467076336060715	1.7089789366081514
7.606727103058582	2.4635030143449463	5.787894961776922	4.282335155626458	5.49708569383403	0.803340507613909	4.226684534115589	2.860576775560718	2.100545516703482	0.19349432758411653	2.9711013697242845	3.730696663468397	0.22979302336244786	1.0168434599200835
7.830322961846241	2.130053060573501	5.407345595722079	4.553030426697887	5.08591829408082	1.0137323402810354	4.757931806727865	3.0331733876777327	2.044807938819245	0.23697722798985735	2.3991994493307542	3.197706110739642	2.409930862013553	3.54926973769983
8.051755901702606	1.9585037368240643	5.323560171657625	4.6866994668691	5.0690820434849595	1.1581933565220939	4.828606213917058	3.0327963045606885	2.044807938819245	0.36515056296390586	2.1242861541148095	3.217029632725153	2.987777510488255	3.009693887770178
8.42430341731054	1.4576736574432378	5.187970343578355	4.694006731175342	4.790444427299446	1.3765892106808473	5.457623853774976	3.08182319919647	1.9642901974727016	0.49118321348452604	1.0160608312614674	2.7633090750492375	2.24063549064229	2.1279417882563116
8.49576391398015	1.4141627381537947	5.256479447849848	4.653447204284046	5.040295830839106	1.3344512295973239	5.309008323135578	3.0836621874391383	1.9065652438618297	0.5389093003531477	0.727622224176147	2.9024346780780834	2.0516150425593778	2.2185503699302074
8.510219560997118	1.0265285139832216	5.20599313735711	4.330754937622806	4.390060626159182	1.1061098847567163	6.406284666006643	3.223314990084332	1.5590357725141903	0.45111108711203424	0.5797677438267449	1.706069596623456	4.079688588036947	0.20963978806158995
8.44362218603177	0.8551285591913494	5.029857779794502	4.268892965428747	4.447558407078536	1.3311075525044174	6.6923948853290645	3.090831991924166	1.3021748151498542	0.4078551806173834	0.6363354831838732	1.241259528121328	4.181598585413215	0.24877042890724782
7.862127729549386	0.7795295326525015	4.518423754784077	4.123233507417239	4.614072425010284	1.739304844782405	6.948163872985429	2.9592582472226656	1.335572469456003	0.4078551806173834	1.7117762165892696	0.3652423234759377	3.2051180301300684	0.47798595425667606
7.832455628961934	0.7182249135240332	4.346150695380414	4.204529847105191	4.723349405646961	2.0085988873626035	6.8948355143425655	2.7839532598284875	1.3933335791443218	0.45111108711203424	0.39763756604790457	0.17954335126674018	0.3365546686001258	0.5346064400105817
6.87939194386738	1.2248896290507425	4.202899048921885	3.9013825239959576	4.707885742507178	2.3972689693846774	7.060330632652404	2.3398272107536577	1.3694777799375706	0.2849589955279048	2.3914271674731284	0.6867055787790134	3.065118960019262	2.146393257431061
6.329357561580041	1.3675684490361903	3.996566896861362	3.700359113755243	4.704629129170483	2.5733964443185484	7.218856635850435	2.161196100679211	1.3118895954205563	0.19957990589326846	2.751894846168378	1.072515161787427	3.0647234757392	2.320122587174251
2.115071373388498	5.0551637495831825	0.8055892768260725	2.134503099367999	5.741806564638472	2.1861993040333907	6.991291368638276	1.9329762538949904	0.9379957944971031	0.040691657884527915	3.605114478899543	0.5527358330479718	3.2240747236541667	2.819820761168486
2.465309978659263	5.010887039231655	0.6093034480094337	1.9362736125634956	5.961327784957694	2.222062152875636	6.815829387958535	1.8836862626680664	0.9046000484935247	0.12224882887331223	3.7652249685451182	0.3022340214778183	3.3453016161544293	2.2748732397202356
2.101146018099385	5.068021540901052	0.7344163310578575	2.2324591917438457	5.723245980188258	2.22410487847504	6.688726617380706	1.9720167264089656	0.9631073790890319	0.2076993385313927	3.8276039915823685	0.13470101605044374	4.108740858315183	2.7231808467044942
2.058584108017312	5.075558976517824	0.7344163310578575	2.2825585374427617	5.726591001924914	2.1792597831575358	6.577413044018222	2.016861821726331	1.0209765850158696	0.2076993385313927	3.812107595471936	0.5824320384562303	4.150218114923982	3.352874277657655
3.3241205743394335	6.098096597542007	1.2103426821645753	1.563633341038153	5.973710067229488	1.9775472107994658	6.577413044018222	1.790245103414337	0.9404010278056782	0.5471850891975085	3.131293386344036	1.296511049701342	4.330895375855715	6.958456214411622
2.7845943551644576	6.002744221456131	1.5568162005982027	1.6613336656939435	5.404295563695916	1.980126135703736	7.096892571102406	1.835431526717084	0.8031441518737553	0.5854293654373889	3.6368982980092754	2.412734917110804	3.3847666880973852	7.069207191360878
3.6634983338362237	6.732097168275172	1.4615312469892912	1.607067587450198	5.721792377032631	2.1639998137493595	6.928946789618386	1.7903792532366192	0.8483506684869698	0.7947577653396666	2.3567666038570847	2.319778151215474	1.1347638284176298	4.854523524521298
4.127459030898557	6.936394143971412	1.3506589645203182	1.4582761485528828	5.713935417945069	2.209251934976231	7.085595187603766	1.7451271320099881	0.6896629480289881	0.8360674588041801	2.2807486525429965	2.8864852090790682	0.5145636650333981	3.565877032621629
2.6599205758229494	5.9650598155083	2.045096235370136	1.2600430043155333	5.739623254680961	2.351325559037931	7.354893446638418	1.6998064594820819	0.6447704369112653	1.0417895519015945	2.636747638419193	1.8995483097926413	0.8674427236028638	3.6952984180219564
0.7129913065862826	5.57734067018703	3.4590776001706645	1.4052717634303682	5.919114438979699	2.639946923456691	7.223660641435332	1.6046722332739436	0.7349156138514702	1.0417895519015945	2.670773930849448	0.8713913904691667	0.2531974991781162	2.94502667929981
3.2335787975771835	3.96759922181423	5.50696169986851	1.6942163195227442	5.290325517661241	3.30449862298401	7.986085094368028	1.3706004630532307	0.7329867308948228	1.0443512240484332	2.4807077633018184	0.22442635944000985	0.29786876253337286	0.28545972600963776
5.042664202270383	3.449406930282878	6.371188062556202	2.1208830699968555	4.787969399957667	3.915899806454934	8.430337732137057	1.2291795054859302	0.790747797416139	1.126344349297573	1.9712805364125436	0.1825190337612542	0.9445590043701715	1.0931626282960814
5.370385937113931	3.4590829247535746	6.51503809098545	2.3144307708822285	3.5748775102050563	4.792405477712486	8.672569793297102	0.9243378821020061	2.4778619272477247	1.2167536450198155	0.3230221872559517	1.3242443158273427	1.0574081218432745	1.1616070840005825
5.570838384972949	3.4989362181409343	6.526035378801016	2.5437392243129713	3.962814219828653	4.7288456966987695	8.411140408225261	1.0734711321912462	0.12062913631083641	0.04947013440984583	1.4763199230445851	1.4751312345226468	1.9731717951967969	0.9091618322742123
5.873608542309443	3.2794748533389972	6.513951163946827	2.6391322317016503	3.8567411395681543	4.819166708658515	8.510502790134385	0.974158494995747	1.1924143251521533	0.5121905824670252	2.060706071828874	1.8334045239054966	0.5624708824212159	0.4766821216441211
6.077638255508016	3.2180608867869953	6.515542803654539	2.7801563386406327	3.6086125211961013	4.907941446179375	6.888106742609502	0.9267637336999656	2.9849172313247436	0.5121905824670252	1.6268120431743587	1.525203503579248	0.3146719381770506	0.9532194865398919
5.573974538797679	3.3317540627567	6.221037781056151	2.684690820498255	3.806741284004757	4.670508428695378	6.741485569226771	1.0687312330418584	3.4564222360936383	0.8061039691264026	0.9563786965460213	1.3279038946920703	0.7857764633673177	1.049872422466059
5.623561828668986	3.3850817174898777	6.328435865602288	2.680207680556581	3.949720137446402	4.619193094997361	6.851072407806829	1.0719468046998475	3.3954432350591954	0.8872633950305419	0.5354491547073509	1.4311648241243697	0.8288670093746158	0.9461361224349473
5.5975395681423175	3.4386431754627	6.4096953374222165	2.626487406182665	3.949720137446402	4.51836663430202	6.831986993366513	1.079756312236403	3.5272454340661206	0.8895624458955377	1.192545684075683	0.3361961839404468	1.9205604241615835	2.4187069870216
5.387286599174549	3.6549061156253853	6.46514339688736	2.5770493179124863	4.143083706695933	4.419409064761751	6.955232562072905	1.0358472333834265	3.1278583630642482	0.845653367042842	1.57540461409877	0.1731997227139845	0.8420598919006903	2.679039347495947
5.421359174540088	3.9567955280829596	6.755173336158496	2.6229813664643853	4.142651979089236	4.42111901496831	7.121431167097043	1.0796376041223263	2.9283356948651034	0.845653367042842	0.17710615674054658	0.5810142125694454	0.12410174594634127	4.780032079292971
5.393517849479118	4.020946517322335	6.841088224385099	2.5733761424159014	4.099174039576763	4.374079577261406	7.270056116658612	1.1266770418293466	2.9293232165665066	0.8040576373921035	0.8281270761373944	0.49509932434348214	0.5512358785985162	5.143629221557414
2.500680761618666	5.6994825027459735	6.389435382483392	1.8107278818812313	4.8632214780987	3.766037864981583	7.089225051053315	1.220540272305187	2.527803712891255	0.842464281655062	0.07536409886560061	0.7148775291761605	1.3780093894817675	3.6453428093698355
1.6527526484233361	6.599961022245153	5.282380670924159	0.3351722971026553	5.136215434662067	2.631428017574802	6.254448710068491	1.0764352279412062	3.360383362604367	0.3929889472659517	1.149745365292321	0.4969147889559034	3.827931443808867	1.592724191529239
2.2047773403104824	6.64082662404911	5.109466314691212	0.6734170309531451	5.1324147283769594	2.4829076059618087	6.533840312717422	0.9773901477241139	2.8532349681734965	0.26765765432311933	1.104598587518131	0.5958373972192276	3.740770903908859	1.0190640851458805
5.426586795979032	7.584094166033537	3.9372379266760444	1.779730556621425	5.154502034082535	3.540720909690999	4.876469425671584	2.8881012996516042	0.18395674790268093	0.3528775893841381	2.6786537809611732	0.534392587169571	2.4705504531283458	0.41969406188913344
2.0766486789647858	7.4344418382230275	5.87311572653247	0.5153225672749558	5.069497959322836	3.8425143030781195	7.312797698510208	1.4438587907391347	1.4436555535128812	1.4625934511069048	1.6771351311078333	1.8220466470200247	2.8764891172857623	1.4319264405763727
1.2761664740072822	6.832055616871256	5.742561071867195	0.1866719290052282	4.842534913901049	3.516403052053668	8.02731866519082	0.9690527114862783	1.865455938289532	1.2838790622865761	1.2404833922708354	1.6350185984580379	2.9532673910390117	1.7757868129180747
0.5905536462449194	6.510825568920589	5.537715723392096	0.3825561992830989	4.714310955704597	3.8652932249999807	8.337823848094006	0.8369088604592255	1.9785026284119123	1.1400785572360168	1.7662103751623655	1.6579698977486501	2.1891658238693035	1.9569666387867544
0.15919651573126092	6.326571545061396	5.644900855321833	0.5224741740070004	4.717458508032191	3.8642604353370955	8.421376398180064	0.7998140894661312	2.0492449758155034	1.1323007060894497	1.7627363231176938	1.9124695514416257	2.0287764234193966	1.9108596657098602
2.979713949353074	5.2640312590607365	6.821941979229092	1.4218032291848415	4.2861482326564095	4.188396035094763	8.42873356713255	0.8067617738031561	2.106065798969667	0.9646817704915411	2.815883126635452	2.406430442478659	0.14688280961170402	3.0858008352781336
4.589199837997723	4.699753085139185	7.203362798418989	2.0855901247178865	3.949798639886656	4.321152440673889	8.479206545557126	0.9077917519910752	2.1398187224115683	0.9598639879610696	3.019208526281005	1.9636890339206428	0.9517966051470275	4.245302141953938
4.5836368820455	4.627517564078825	7.026932066694904	2.1842223794293805	4.048764044049828	4.323562256809165	8.387654718626685	0.9547491390844424	2.0831400936960414	0.9185420222885162	3.0261089439729996	1.6513347868699313	1.2531714185555085	4.437565172615396
4.20992963520438	4.774586687300049	6.9447366073005865	2.0397797152038857	4.1043872545201046	4.277904734138652	8.430816649711478	0.9547491390844424	2.0831400936960414	0.9185420222885162	3.2788916595123503	1.8020069687998868	1.3195216059790325	4.2242648598465316
4.499115565372652	4.718773993521529	7.030059945828559	2.187829613065562	3.956337356658252	4.231018910662137	8.374138020995922	0.9579664301449315	2.0830774783327364	0.9161954555449787	3.188525805746957	1.6975291824674257	1.3735966071936996	4.479158123860469
4.278327872798623	4.811444200543417	6.901942460276723	2.187829613065562	3.9131007341637507	4.231018910662137	8.417374643490492	0.9579664301449315	2.0830774783327364	0.8777633876110286	3.284415117914646	1.8472340813143935	1.4888204600603943	4.149804322229163
4.311645809954174	4.82074861180733	6.895284431791514	2.2371099899701554	3.919551016601381	4.236737251585222	8.354489482305627	1.0017002647310012	2.0830093926628392	0.8748734898721766	3.0078204336599006	1.6442074263286597	1.2027495659375196	4.106694389184262
4.406445358350448	4.811358449984545	6.9806077703195175	2.2371960380157896	3.9691299878465074	4.236737251585222	8.361431140366888	1.0017002647310012	2.0264027153109097	0.9161954555449787	2.938227723366679	1.808116881339468	1.0241701484340782	4.028108272701207
4.170029003881766	5.064407108281251	6.997240074147413	2.2371960380157896	3.9194649685558476	4.471909233515307	8.4110961596575	0.8101968152169249	1.3733228580979135	0.17102323140259612	3.1350689154085383	1.9507279828223343	1.0272621610396857	3.902129475046246
4.356017114993663	4.913814409892313	7.0823281088999295	2.1875034159859355	3.91956764817133	4.471909233515307	8.460686102071596	0.8101968152169249	1.4293012902523994	0.004705439126403775	3.0341688390493	1.9611414291938414	0.9679626821795625	3.976804063427111
4.406626589425747	5.012283398846029	7.03667688484724	2.3822331034245816	3.7271027452818792	4.659527956909858	8.447465864223298	0.6288464619797528	1.318172297276591	0.7275659554526122	3.0397668308719608	1.8067506536068332	0.9647342866534894	4.131194839014124
4.499754923692279	5.011432905980891	7.079089111015995	2.432098718657279	3.584240823707421	4.706995114133441	8.202331559705568	0.5813793047560035	1.3691359147677826	1.1150599138685184	2.9890507227743206	1.648814470016743	0.9647342866534894	4.3315432487730865
4.568446495268888	4.900502704981154	7.03667688484724	2.4322723154027095	3.5840672269617357	4.706995114133441	8.258507105163961	0.5813793047560035	0.6851056064470791	0.3389205426325911	2.934272580428103	1.4843394258632507	1.0804958038337888	4.446260655837062
4.568446495268888	4.900502704981154	7.03667688484724	2.4322723154027095	3.932394499694039	4.423276092662236	7.966427162166339	0.8650983262277907	1.2918097279581218	0.5047554688497959	2.877946925028848	1.5770527918108852	1.0241701484340782	4.353547289889191
4.568446495268888	4.900502704981154	7.0823281088999295	2.386621091350098	4.126179847737889	4.28362806817849	7.865445663672325	0.9590951266587951	1.832587118935969	0.7548599595911968	2.877946925028848	1.6235581754581743	1.0241701484340782	4.242041049787058
4.4243706166900605	5.002078571892078	7.039828097232251	2.386621091350098	4.176460331794807	4.280471086171075	7.87152390801176	0.9622521086664841	2.023625341142006	0.876261208930509	2.6440416070336767	1.735585792818797	0.6886889635286009	4.087513420758766
4.4243706166900605	5.101896296195963	7.039828097232251	2.486438815654061	4.12699917557171	4.233656725489356	7.8211673399310575	1.00906646934773	2.0800648640736394	0.9176427200812826	2.699662079905578	1.735585792818797	0.744309436400109	4.087513420758766
3.8552841487504903	5.364087449966132	6.923975666926773	2.295395931789646	4.2203056575272715	4.092652900547044	7.8343303328039156	1.00906646934773	2.080140259373295	1.000239036185043	2.8453804405560548	2.026453701956174	0.6962605014365957	3.6551682475301632
3.6688975918899622	5.46414266554734	6.883538744189498	2.2495015132477945	4.2203056575272715	4.093572842686621	7.8343303328039156	0.9622521086664841	1.9899740268600288	1.041453979254235	2.8901642251038746	2.0838114607180005	0.758909191991411	3.5693655608655126
3.8552841487504903	5.414126508887982	6.969870085468785	2.299540572169529	4.170266598605278	4.093572842686621	7.890832463398968	0.9622521086664841	1.933471896264945	1.0826135378205324	2.679913354465599	2.1701428019973776	0.6487135369338672	3.5693655608655126
3.905469656595689	5.363941001042725	6.969870085468785	2.299540572169529	4.170266598605278	4.093572842686621	7.947406335373026	0.9622521086664841	1.8768980242910416	1.0826135378205324	2.7399235016772843	2.087606274723225	0.758909191991411	3.59401567476312
3.99879225983501	5.313649885919453	6.967007155043002	2.3454349907116496	4.170266598605278	4.139467261228758	7.947406335373026	0.9622521086664841	1.8768980242910416	1.041453979254235	2.8002913335709034	2.035304298026704	0.8695681390082179	3.7543813480679513
4.339106332637232	5.101896296195963	7.004015988688463	2.4369866401451223	4.170266598605278	4.231018910662137	8.060769407756748	0.9622521086664841	1.7635349519071128	1.041453979254235	2.9313209166586383	2.0353095729257507	1.212351311819482	3.8251659694100923
4.525946483601261	4.950281370363159	7.043622750070756	2.4326051038935033	4.1699606545388646	4.323562256809165	8.111114410744976	0.9591011579775955	1.7635349519071128	1.085188852042657	3.0579427213240424	1.9326222157636552	1.4405489833958198	3.9554778542691684
4.035156834492211	5.0048368662614715	6.856284937606079	2.1837087631475707	4.1682690863884	4.323562256809165	8.361702319641498	0.9591011579775955	1.7070595936801012	1.1237393940733202	3.196908845756972	1.946869928666889	1.276063271184255	3.753892328900944
