0	1	2	3	4	5	6	7	8	9	10	11	12	13
8.582429000435607	2.8580770719473487	6.992315406530796	4.4481906658521595	4.868051120164246	2.2231257765713472	4.478269520298897	1.5114820081019125	1.3009480325027993	0.2834537510158446	1.7591806353615815	5.08769604054334	0.12944229305980548	3.599418349963344
8.6258767150833	2.8580770719473487	6.890263841664603	4.593689945365945	4.3919616130250985	2.2370417372499167	4.789633936743823	1.6430653269370927	1.4319155993241044	0.28786694198503093	1.7591806353615815	5.02691073756296	0.22742575370487855	3.7036513675913145
8.684381950846191	2.694837711559101	6.6952892739163925	4.683930388488973	4.300110865067708	2.298102925197074	4.893094203196164	1.776978706738087	1.4345660636927309	0.3728545791397462	1.7006753995990107	4.9746653078069345	0.27876416193671155	3.804638170139084
8.66776710397774	2.7055638313446138	6.690988136932679	4.682342798389718	4.208386796046533	2.3016192296838343	5.034067717169654	1.8211242571045378	1.4345660636927309	0.45806801173086353	1.7092673395952818	5.018026025676504	0.3301477866791031	3.804638170139084
8.66776710397774	2.6562187863689593	6.641173012165195	4.68281287818177	4.300343598384347	2.305662950715069	4.898263315617633	1.8668956608410456	1.5277587078823742	0.45806801173086353	1.7092673395952818	5.018026025676504	0.3767770471878511	3.853460136986998
8.607913775955112	2.6666312641774956	6.591275018993399	4.683270021139181	4.349784448598661	2.399709041782066	4.898263315617633	1.8227475629455634	1.4711758904945618	0.45806801173086353	1.7691206676184572	4.970888236442007	0.428190958999764	3.9005979262214776
8.54818244156389	2.72636259856896	6.541294026343966	4.733251013788659	4.392313266818469	2.449690034431396	4.891922288590749	1.8227475629455634	1.4349880993018937	0.42004719741120095	1.8288520020097219	4.970888236442007	0.47968853373046033	3.9005979262214776
8.54818244156389	2.72636259856896	6.543703653387527	4.73084138674519	4.392313266818469	2.447280407388028	4.891922288590749	1.7834538671918374	1.4349880993018937	0.459340893165809	1.8288520020097219	4.970888236442007	0.47968853373046033	3.9005979262214776
8.54818244156389	2.72636259856896	6.543703653387527	4.73084138674519	4.448146205209863	2.445662184643604	4.83608935019933	1.7850720899363735	1.4349880993018937	0.459340893165809	1.8288520020097219	4.970888236442007	0.5312698923505464	3.9005979262214776
8.54818244156389	2.72636259856896	6.543703653387527	4.73084138674519	4.448146205209863	2.445662184643604	4.779156388292528	1.7850720899363735	1.4919210612085396	0.459340893165809	1.8288520020097219	4.970888236442007	0.5312698923505464	3.9005979262214776
8.490830411270345	2.72636259856896	6.48635162309401	4.73084138674519	4.448146205209863	2.445662184643604	4.779156388292528	1.7850720899363735	1.4919210612085396	0.459340893165809	1.8288520020097219	4.866484360211841	0.5312698923505464	3.9476497721583885
8.490830411270345	2.775803448783196	6.48635162309401	4.7802822369594535	4.44112847224795	2.445662184643604	4.7367332710401655	1.7457188302281097	1.4919210612085396	0.4986941528744192	1.8288520020097219	4.866484360211841	0.5312698923505464	3.9476497721583885
8.490830411270345	2.8314184028024276	6.5838209818716456	4.738427832201106	4.441406126124795	2.3905222131246338	4.680840663143955	1.7427427026776683	1.4919210612085396	0.4166994238375532	1.8288520020097219	4.918711976641388	0.5829351556751606	3.9427096060068916
8.550561745661563	2.7716870684112043	6.5838209818716456	4.738427832201106	4.4973814375513985	2.4343948964492195	4.6248653517173155	1.6988700193531618	1.4919210612085396	0.4166994238375532	1.7691206676184572	4.918711976641388	0.5829351556751606	3.989916475152306
8.550561745661563	2.925945825959481	6.731033868716269	4.74547370290476	4.343122680003214	2.3291757072223813	4.6248653517173155	1.6568763217352627	1.4919210612085396	0.4547267340715346	1.7691206676184572	4.918711976641388	0.6294465987645719	3.989916475152306
8.550561745661563	2.975076134199981	6.7806870207282985	4.74495085913331	4.378497459934257	2.3231892477287723	4.540360263545504	1.6132096292166402	1.4919210612085396	0.4121482748938412	1.7691206676184572	4.918711976641388	0.6294465987645719	3.989916475152306
8.565565489632167	2.9166870728699212	6.73730170336872	4.74495085913331	4.434508232851304	2.3231892477287723	4.484349490628581	1.6132096292166402	1.4919210612085396	0.4121482748938412	1.7107316062880262	4.875326659281862	0.6294465987645719	3.989916475152306
8.565565489632167	2.9166870728699212	6.73730170336872	4.74495085913331	4.4766133251396205	2.3231892477287723	4.442244398340394	1.6132096292166402	1.4919210612085396	0.4121482748938412	1.7107316062880262	4.875326659281862	0.6811869055241637	4.037042905035563
8.522093258091575	2.9166870728699212	6.64417631981601	4.794604011145424	4.4766133251396205	2.372842399740842	4.478394050624583	1.6132096292166402	1.4557714089243494	0.4121482748938412	1.654809709935804	4.9310660100705705	0.7371088018771712	3.937831322706325
8.580360586011706	2.858419744949543	6.64417631981601	4.794604011145424	4.4766133251396205	2.327372098932862	4.535293260264795	1.6586799300248993	1.3988721992840485	0.4121482748938412	1.596542382015476	4.9310660100705705	0.7371088018771712	3.9867254935642085
8.640207628995528	2.7985727019658255	6.594440412592169	4.844339918369314	4.4766133251396205	2.422578306964888	4.535293260264795	1.6132096292166402	1.3988721992840485	0.4121482748938412	1.5366953390318412	4.9310660100705705	0.7371088018771712	4.035700088758198
8.640207628995528	2.7494423937253765	6.594440412592169	4.79520961012859	4.525743633380231	2.422578306964888	4.499177360247172	1.6132096292166402	1.4349880993018937	0.4121482748938412	1.5366953390318412	4.978221316741417	0.7371088018771712	4.084636349721674
8.596648272040822	2.7494423937253765	6.550881055637455	4.79520961012859	4.525743633380231	2.422578306964888	4.499177360247172	1.6132096292166402	1.4349880993018937	0.4121482748938412	1.5366953390318412	4.934661959786809	0.7371088018771712	4.084636349721674
8.654790623446951	2.6913000423191575	6.550881055637455	4.79520961012859	4.525743633380231	2.422578306964888	4.499177360247172	1.6132096292166402	1.4349880993018937	0.4121482748938412	1.5299450959061485	4.934661959786809	0.6857166935964217	4.084636349721674
8.611143929400338	2.642074056796821	6.457415567236229	4.795802418961001	4.57496961890238	2.4287304088006407	4.499177360247172	1.6568763217352627	1.4349880993018937	0.4121482748938412	1.4741317999035615	4.891015265740181	0.7415299895994294	4.037599928470458
8.625430585932442	2.5840531570039715	6.411517026520922	4.797966716415602	4.532864526614091	2.4308947062553865	4.541282452535419	1.6568763217352627	1.4349880993018937	0.4121482748938412	1.4161109001103753	4.847281022479418	0.7933542755696992	4.037599928470458
8.68333029563368	2.5819485430363196	6.411517026520922	4.853761812149069	4.4770694308806736	2.387158593128202	4.541282452535419	1.700612434862339	1.4349880993018937	0.4121482748938412	1.3024978481992397	4.795121581976708	0.8490676177793439	4.089759368973176
8.699465038685068	2.5219917949441895	6.415515839531912	4.805940994097617	4.4348818758157345	2.3393377750770243	4.526537045693645	1.7399061306161616	1.4919210612085396	0.3728545791397462	1.2938497544461307	4.803459017438909	0.7977589634405324	4.037599928470458
8.75954295068839	2.4619138829410057	6.415515839531912	4.805940994097617	4.4348818758157345	2.3393377750770243	4.526537045693645	1.7399061306161616	1.4919210612085396	0.3728545791397462	1.2337718424428115	4.803459017438909	0.7977589634405324	4.037599928470458
8.75954295068839	2.4619138829410057	6.415515839531912	4.805940994097617	4.4348818758157345	2.3393377750770243	4.526537045693645	1.7399061306161616	1.4919210612085396	0.3728545791397462	1.2337718424428115	4.803459017438909	0.7977589634405324	4.037599928470458
8.775832281918058	2.457605693440022	6.42151491728213	4.811923058076084	4.378990754257263	2.3331648306239354	4.526537045693645	1.696170017489299	1.4919210612085396	0.3303325688416248	1.1735725313839116	4.8067902076833855	0.8496673482414632	3.9903587583966904
8.775832281918058	2.457605693440022	6.42151491728213	4.811923058076084	4.435107883595025	2.3331648306239354	4.470419916355987	1.696170017489299	1.457957947514058	0.3303325688416248	1.1735725313839116	4.8067902076833855	0.8496673482414632	3.9903587583966904
8.775832281918058	2.457605693440022	6.4195101313520535	4.813927844006099	4.435107883595025	2.2914335034270565	4.470419916355987	1.7399061306161616	1.457957947514058	0.3303325688416248	1.2292776467753506	4.8067902076833855	0.7939622328503169	4.039494582767317
8.717946082666876	2.4661940267625893	6.4195101313520535	4.7646299780774335	4.484405749523575	2.2914335034270565	4.470419916355987	1.7399061306161616	1.457957947514058	0.3303325688416248	1.2871638460265808	4.906207615912978	0.7939622328503169	3.940077174537547
8.673947914596637	2.4661940267625893	6.375511963281797	4.7646299780774335	4.484405749523575	2.3369788500167012	4.470419916355987	1.6943607840267252	1.4919210612085396	0.3303325688416248	1.342968705949252	4.862209447842634	0.7901499760155701	3.940077174537547
8.673947914596637	2.4661940267625893	6.375511963281797	4.7646299780774335	4.484405749523575	2.293175918936448	4.470419916355987	1.7381637151070595	1.4919210612085396	0.3303325688416248	1.342968705949252	4.862209447842634	0.7901499760155701	3.8929634723126103
8.616489844391591	2.4661940267625893	6.3660417698219005	4.716642101332346	4.484405749523575	2.2908058582605695	4.470419916355987	1.6925458990378122	1.4919210612085396	0.3303325688416248	1.450056749101069	4.804751377637636	0.7351388735278329	3.94218364297588
8.616489844391591	2.5221936305358152	6.3660417698219005	4.772641705105505	4.3861597498723555	2.2908058582605695	4.512666312234162	1.6925458990378122	1.4919210612085396	0.3303325688416248	1.450056749101069	4.856755505448362	0.7873002708895318	3.8901795151653906
8.572379570514096	2.5221936305358152	6.321931495944507	4.772641705105505	4.484606009544543	2.3346059569653828	4.450369704846052	1.648745800333038	1.4557714089243494	0.3303325688416248	1.450056749101069	4.760641103760186	0.7873002708895318	3.9914848902752276
8.572379570514096	2.5714791815415463	6.321931495944507	4.821927256111296	4.491603131509285	2.3783363166847122	4.394087031875655	1.605015440613757	1.4557714089243494	0.3303325688416248	1.450056749101069	4.760641103760186	0.8395462438952508	3.9914848902752276
8.572379570514096	2.515491892691391	6.321931495944507	4.765939967261062	4.547590420359568	2.3783363166847122	4.394087031875655	1.605015440613757	1.4557714089243494	0.3728545791397462	1.450056749101069	4.9075903166539865	0.9906320038870565	4.040021687091604
8.572379570514096	2.515491892691391	6.321931495944507	4.765939967261062	4.547590420359568	2.3783363166847122	4.394087031875655	1.6484327428978927	1.4557714089243494	0.32943727685586105	1.450056749101069	5.007133348972585	1.0431217889702016	3.990101206444059
8.514371471116878	2.5734999920886352	6.321931495944507	4.765939967261062	4.547590420359568	2.3783363166847122	4.394087031875655	1.6484327428978927	1.512354226312173	0.32943727685586105	1.5080648484983215	5.054829089946752	1.09569645054548	3.942405465469959
8.574702246834912	2.562370914966358	6.421679411691952	4.715393750109288	4.596845072198294	2.3222491372697394	4.331708651229319	1.6047720065652942	1.4762762565244483	0.32943727685586105	1.6211721600746587	5.15048022624204	1.13340811723461	3.9490353301079546
8.532835745764585	2.560038614694789	6.3774806103500215	4.715393750109288	4.596845072198294	2.3222491372697394	4.388574085327439	1.5654842721676472	1.4194108224263216	0.36872501125365303	1.6805271866782978	5.1542371580592405	1.1778079663146828	3.9510340347253994
8.431108245358677	2.7070687929251016	6.474248174029027	4.663928864254749	4.646579310436438	2.2521072272950384	4.191809668858559	1.393707854416862	1.4532711493541444	0.4121482748938412	1.9646368371375862	5.390645334553766	1.214020181316637	3.8135395739686757
8.491689163899615	2.70242450083059	6.474248174029027	4.719865490701363	4.745545910433245	2.2954251139931547	4.036906442415208	1.3503899677188103	1.5098849641880938	0.4121482748938412	2.018413057865303	5.536880068681741	1.2071268508241924	3.8186539312820638
8.463504717903945	2.6905265342352895	6.43477571808824	4.7192555340510465	4.795052590673283	2.2460090544498383	3.9385936592819255	1.3503899677188103	1.4760606234571545	0.4121482748938412	2.245396248556166	5.742860517763467	1.4073272239696328	3.931048364837455
8.463504717903945	2.7878531609079693	6.484108964959035	4.767248913852924	4.8527783078085855	2.196675807578861	3.7835413154739994	1.3503899677188103	1.4760606234571545	0.4121482748938412	2.1942025262622424	5.742860517763467	1.5131673374389636	3.8368358950929484
8.3641058497986	2.9535152687691753	6.574979291059736	4.742641827508127	4.419271242908582	1.873646942495487	4.033631977004434	1.4805505843544262	1.4912158647234228	0.4121482748938412	2.591428400486907	5.889052562996177	1.7202680472290228	4.3253675745911
8.262062595283082	3.0176191673377426	6.56986914373319	4.709812618887664	4.313227682112903	1.7331887622888975	4.039417762521174	1.5240756573718952	1.4934784089164588	0.3741145614325739	2.708470097519075	5.937008864553684	1.7604293373128557	4.433785302063238
8.060452451356468	3.063555504670763	6.316305235545634	4.807702720481515	4.264681455037607	1.7805242463153563	4.039417762521174	1.5260840478638351	1.4934784089164588	0.3315862402644256	3.1953954439744594	5.983137773309722	2.027388339409126	4.528947385866471
8.067162204086825	2.9433449302708494	6.260012785005562	4.750494349352078	4.321054208749263	1.7342242424794772	4.039417762521174	1.571548434281905	1.4934784089164588	0.3315862402644256	3.1913218382781894	6.027561127844568	2.0941391910648486	4.542159017900754
7.8016882757136035	3.0045619578264393	6.105014924617693	4.701235308922254	4.648436597459394	1.683035011391741	3.712035373810941	1.5301149252417237	1.5502313552207474	0.37494993996231524	3.51122255026203	6.130187069291561	3.0160223107693875	4.908112557590863
7.8016882757136035	3.0045619578264393	6.105014924617693	4.701235308922254	4.747473085569979	1.683035011391741	3.706229529683814	1.5301149252417237	1.45700071123713	0.3281150285161841	3.5205563637819104	6.233228819624273	3.081145944490456	5.0277372601885455
7.447601301834343	3.1116179025128186	5.90778713097344	4.651432073373727	4.813881930264809	1.584766596852709	3.5913555059986586	1.5301149252417237	1.45700071123713	0.3281150285161841	3.913773374176596	6.301540295381326	3.5718585517597643	5.7739213858904055
7.401929551810234	3.1037391828101857	5.911125032463219	4.594543702157262	4.821760649967391	1.5791534002217964	3.684517739347298	1.486718470358873	1.3638384778887127	0.33247809426424474	3.862271058370799	6.5194140709801465	3.6398216016865295	5.859920227507923
7.1614320947310555	3.0880676801788374	5.7687282071427095	4.480771567767164	4.920467802335334	1.5243805729898559	3.6374238461996273	1.4433906658319715	1.4185356922343426	0.3281150285161841	4.266355536243898	6.492471223242611	3.9974850216632865	6.2275767658758125
7.010330392662309	3.1949131422049515	5.676342488750344	4.528901046116794	4.91373137384188	1.5243805729898559	3.631900966536357	1.4433906658319715	1.3826655220412936	0.3281150285161841	4.524889794380183	6.560841924085288	3.9439224078719453	6.307221520332016
6.392047084414958	3.6170239046758605	5.52884859972649	4.480222389364233	4.91373137384188	1.475701916237175	3.631900966536357	1.4433906658319715	1.3826655220412936	0.3281150285161841	4.9407826885514785	7.074198443913012	4.783443431752188	6.887055698210018
5.530375180507706	4.036576506270974	5.135325797195438	4.431625889583412	4.91373137384188	1.4271054164565375	3.631900966536357	1.4433906658319715	1.3826655220412936	0.29006265819943655	5.430089620127742	8.100184137237695	5.811105937621596	7.924437914719677
5.259628162504671	4.163717789762342	4.983818667231792	4.439527285035112	4.963309024223923	1.4703646839621447	3.574421920702253	1.4001313983261474	1.3258817300532213	0.33247809426424474	5.678657725732279	8.29749343479809	6.237236936943585	7.98015090981501
4.759433945607588	4.577196302549104	4.889492293105145	4.447137955051454	4.964745890749353	1.4650410468548116	3.4809897330873008	1.3569405545532507	1.3617519002463105	0.33247809426424474	5.930316776258685	8.640137746360532	7.063068279404227	8.371926815737813
4.547711576597122	4.692665372443373	4.737019435834046	4.503357513206401	5.007397294875281	1.4650410468548116	3.3821187708065437	1.3569405545532507	1.3617519002463105	0.29006265819943655	6.042473219638308	8.55465353683109	6.893203688652032	8.284186789387633
4.440576680685389	4.751791580474905	4.737443348010186	4.454924913150415	5.007397294875281	1.4597309800816864	3.3821187708065437	1.3138180212704968	1.4185356922343426	0.29006265819943655	6.101599427670051	8.806965808320362	6.750053536693976	8.407644181695465
3.9728964881834257	4.929413275057484	4.447384850090529	4.454924913150415	5.007397294875281	1.5051069460497324	3.3821187708065437	1.2684420553024247	1.3847168426273193	0.4174782611317424	6.0438141969755135	9.454471277196362	6.716063446315362	8.215981225595478
3.9141406649467525	5.0362548630402575	4.495735707400361	4.454659820586476	5.017011187877653	1.456756088739607	3.3244191130579983	1.2684420553024247	1.3278967213002542	0.37938800642280535	6.049375380456702	9.349756970704295	6.986297243366823	8.275239192840678
3.600250302966981	5.155583510531802	4.3573787706449	4.398455042853656	5.073215965610534	1.456756088739607	3.3244191130579983	1.2684420553024247	1.3847168426273193	0.37938800642280535	5.892432584511765	8.415229509379476	5.263310099105995	8.321792528852079
3.5489907600655646	5.27199669311859	4.422532410330463	4.398455042853656	5.073215965610534	1.5022003490401317	3.3244191130579983	1.2229977950019584	1.3847168426273193	0.3368534401484924	6.019619700689634	8.435019995410928	5.395141950332831	8.420723376115859
3.383124774328105	5.503370579358288	4.5364727728098355	4.35002258087649	5.073215965610534	1.4992805386887602	3.2673390500397694	1.1774851433764832	1.4417969056456763	0.3368534401484924	5.765813223696077	8.222814511207899	4.119340453967382	8.098999825812339
3.1593331214072293	5.73545068532609	4.593275429880055	4.301508376853294	5.073215965610534	1.4507663346655302	3.2673390500397694	1.1774851433764832	1.4417969056456763	0.3368534401484924	5.751174183872258	8.176848859549187	4.265271775060924	8.054981844878785
2.674684336950018	6.080051598129639	4.598769057266604	4.155966877813115	5.032018548048914	1.396455700551448	3.3085364676016096	1.0862542784500082	1.4986842093736021	0.3368534401484924	5.1391967236928995	7.935323652487749	4.052252377767357	7.707779286319302
2.458683463629455	6.084514801780856	4.499358479113882	4.043839786296373	5.144145639565613	1.396455700551448	3.3085364676016096	1.0862542784500082	1.4648346758560995	0.37938800642280535	5.200082772096375	7.657311443499586	4.419816001311689	7.6845358257116985
2.5870984460721336	6.088083668718438	4.680677813363285	3.9945043014271957	5.102865061794186	1.347120215682286	3.3498170453729594	1.0862542784500082	1.4648346758560995	0.42197920636592645	4.627766634322089	7.2116832189262645	3.5482896597684395	6.858228648504177
2.6453004949240544	5.984017463215709	4.739457885142554	3.8898600729970374	5.165567320250576	1.3491606975693204	3.3911809924192693	1.0836357736356592	1.4648346758560995	0.46462710599515483	4.326092980117366	7.091614227046617	3.57583387174796	6.684151822253175
3.1657243761971428	5.521897160683058	4.749331802964803	3.938289733915617	5.165567320250576	1.4433817196999545	3.3911809924192693	0.9945402037710195	1.4648346758560995	0.5079313146475358	4.097070474533593	6.383663386200358	4.927812182028107	6.000272230225478
3.4560539915637984	5.231567545316536	4.7008192898401555	3.98680224704004	5.165567320250576	1.4918942328243214	3.3911809924192693	0.9945402037710195	1.4648346758560995	0.5079313146475358	4.630075621870597	6.263296523008516	5.201249030805339	5.788355779319082
4.051569970352719	4.636821672957094	4.6603470229461434	4.0280446203636435	5.156859817701786	1.586682089988855	3.464653688528246	0.9486798504724525	1.4077546128377452	0.4697970621321111	4.171567638632951	6.13264611270843	5.201409676217235	4.419556278439278
4.010855371353703	4.521594751826942	4.559809719095043	3.9726404040854866	5.253903909939711	1.5870129581601833	3.423344680739862	0.9879851745521662	1.4077546128377452	0.430491738052594	3.7421652120860482	6.286408446401214	4.318752581928112	3.943444968523237
3.560220372924058	4.815971663724908	4.459193168371346	3.9169988682776906	5.251900393400042	1.5870129581601833	3.4809897330873008	0.9879851745521662	1.3738377130206805	0.5067034774366727	2.971195353474447	6.065801700026523	3.1613226440163236	2.7302919076954604
2.9041968919707646	5.28394538590605	4.33363257822526	3.854509699651564	5.362903341921739	1.7274548094282274	3.4809897330873008	0.8960571031790672	1.339853269438761	0.5067034774366727	2.1276952216203617	5.6934457570993375	1.6624421970985543	1.4721692689043655
2.574472708232262	5.515337261909715	4.290661945275854	3.799148024866043	5.360702999285204	1.7735227216016316	3.574421920702253	0.8499891910053547	1.303983099245859	0.5494016193021501	2.051616838710466	5.6504751241499775	1.6833233476149032	1.2643644141545942
2.4098784840199734	5.632659232195394	4.2986583416278945	3.743879374587318	5.374606406373922	1.7735227216016316	3.6157871638919103	0.8499891910053547	1.2699309339180975	0.5874158446892546	2.103844726343248	5.658471520502013	1.5371479219031596	1.2643644141545942
1.6573018774761878	5.862224104517317	3.8859053613787786	3.6336206206146753	5.369934569612683	1.8196600140581112	3.730717754625824	0.8038518985500847	1.235810868343067	0.6253734253394915	1.2219637898963542	4.788219742504609	0.9926191813475365	0.08015528701975941
0.7327114298918778	6.35841769054841	3.463902371378747	3.627226749061929	5.367584248475899	1.9607396235093282	3.7880584435378637	0.7113687853212632	1.235810868343067	0.6681148755866797	1.6459888338974535	4.622745692386088	0.7243333844860865	0.5243230225035689
1.0044354558389414	6.1393249778617625	3.5165336846387634	3.627226749061929	5.367584248475899	1.9607396235093282	3.7880584435378637	0.7113687853212632	1.292948668746468	0.5969105466507907	1.8012347826087425	4.471976960248121	0.155065280242859	0.9869520097696335
1.1671927327283618	6.029090258204014	3.569056241870469	3.627226749061929	5.367584248475899	1.9607396235093282	3.7880584435378637	0.6681296624477773	1.292948668746468	0.6020350704472034	1.8754774551416153	4.33406650039512	0.3631627681663866	0.9282335443596668
1.7497061169788473	5.862871900865332	3.9853512687821073	3.627226749061929	5.310326543461993	1.914463279903943	3.845316148551928	0.7144060060528864	1.292948668746468	0.6020350704472034	2.3197100579473475	4.009298742583818	0.9849883339057459	0.8991121760147356
2.1258094773104363	5.7514791171570065	4.201299632551198	3.6759889619160213	5.310326543461993	1.9170187231350206	3.845316148551928	0.7606127756767651	1.292948668746468	0.5638634141771905	1.7850577508777536	4.092245260420792	0.14363889846404881	0.9084580199077482
2.237669123413798	5.639619471053572	4.152620137456298	3.7246684570110737	5.139050670494121	2.0119049878530917	4.0165920215198625	0.7144060060528864	1.2587971626259324	0.5256346064576869	0.8733243380330019	3.366138245921676	0.3176791100602521	0.9836851683843088
2.2937746707077626	5.583513923759636	4.152620137456298	3.7246684570110737	5.025280454108798	2.0119049878530917	4.130362237905208	0.7576451289260759	1.1330414773260147	0.4823954835852732	0.6922116390808474	3.2489761499432386	0.32207392610949853	1.2360821530905777
2.341115054849069	5.587289406317739	4.155139086621095	3.7732653745457596	5.082124237424233	2.1067782489932836	4.073518454589602	0.7113687853212632	1.1673663198503137	0.5252908595608725	1.0677465122583234	3.546566101591189	0.11244893465654796	1.5334039614735893
2.341115054849069	5.587289406317739	4.155139086621095	3.7732653745457596	5.082124237424233	2.153124263324012	4.073518454589602	0.6650227709898076	1.1330414773260147	0.5252908595608725	1.0660464649359322	3.668277018591351	0.49365286769037997	1.7102835803306413
2.7079023784455054	5.474504450145029	4.409141454044656	3.7732653745457596	5.082124237424233	2.1067782489932836	4.037648284396781	0.7113687853212632	1.2604475595002131	0.5252908595608725	1.0757990951494927	3.5708776341078408	0.2292001101374185	1.61901421794246
2.807744286664664	5.534636142840436	4.520600574785535	3.821779854719326	5.082124237424233	2.155292729166895	3.980568221378786	0.7113687853212632	1.3175276225184023	0.4823954835852732	1.258474540866064	3.672712648494923	0.22447448182424531	1.6917591021413978
3.178217880022575	5.364590456269624	4.721028481572695	3.821779854719326	5.082124237424233	2.155292729166895	3.980568221378786	0.7546672287528379	1.4089901020708393	0.4773258478721361	1.0884288542958171	3.2447958400326904	0.22447448182424531	1.1231502527734352
3.3451469536806475	5.247510448142006	4.81947432515028	3.773183076672211	5.082124237424233	2.1034878148500544	4.037648284396781	0.757875365022467	1.351910039052811	0.4773258478721361	1.093897645079714	3.462239683765271	0.2815644115344392	1.4159651697393711
3.451940060850659	5.245454095432229	4.86922071183499	3.8281734444476294	5.027133869648825	2.0572859279432123	4.073518454589602	0.8040772519289304	1.35015455637126	0.3917196974028193	1.4049071113001395	3.6939017839276493	0.4541162133467062	1.4726607444530984
3.451940060850659	5.29362329226519	4.917735331496308	3.8278280216194838	4.9789646728159935	2.005647371388785	4.073518454589602	0.8072011888228889	1.3842011490552557	0.38719329462030094	1.5871844523967606	3.9289723284038685	0.37774442640779804	1.5824853666506606
3.6666712804678228	5.167189345720056	5.006388438062762	3.8274721881251144	4.972469856652507	1.954100531770908	4.0319365041912025	0.8103154283838254	1.3842011490552557	0.42532754713628207	2.829850864466541	3.68749156867659	0.7962344901346072	1.3007841004125749
3.5055147012191106	5.3267708554044555	4.956828833926447	3.8754567226968737	4.924485322080659	1.954100531770908	4.0319365041912025	0.8103154283838254	1.441438125586775	0.4680322123981729	2.472595431935617	3.5815409021998694	0.5490837785658879	1.1790196237432138
3.2173921227462277	5.497233362001257	4.887519481281696	3.8271060034657634	4.981385380525107	1.9057498125396768	3.9750364457468272	0.8103154283838254	1.498743023803481	0.4680322123981729	2.405381929819994	3.8158270041149787	0.15999767541897916	1.1415803577507453
3.1021309707903244	5.553817208137105	4.828842175461788	3.8271060034657634	5.038367953823437	1.9057498125396768	3.8610081622307932	0.85367326497712	1.5557887340210155	0.4246743758050363	2.5186225807673965	3.868368811575045	0.1641902881746065	1.064104592127939
3.0389289163400703	5.666630976189499	4.8300214270865	3.875538465442905	5.152580911132558	1.9541822745169082	3.803840915139329	0.85367326497712	1.556115849827152	0.4246743758050363	1.7427416534362659	4.144433372875194	0.3172491360538945	1.2304416425328355
3.034738538279707	5.730990041675865	4.793203681822082	3.972524898133366	5.216347917305951	1.9184472769061969	3.7880584435378637	1.034379229850005	1.671065307134577	0.4246743758050363	2.2207980284474527	4.71424994037426	0.5556428400785586	1.116593034849976
3.034738538279707	5.67602432394641	4.793203681822082	3.917559180403921	5.328654323947339	1.872664363310712	3.730717754625824	1.0842917113320465	1.7862865358373536	0.4205448079190102	2.4054013244100436	4.713890528401074	0.7398273296941521	0.9907005642948524
2.8671001656345028	5.8436626965915295	4.745015895771582	3.965746966454539	5.328654323947339	1.9208521493616504	3.730717754625824	1.1235794457294148	1.7862865358373536	0.3812570735217421	2.573039697055215	5.007716175836474	0.6767966149428402	1.2243256787891081
3.4538873142732163	5.49923731327153	4.884629709190513	4.068494918354056	5.347170774950652	1.7407478291509124	3.621365415700537	1.312178265712838	1.9135467766474223	0.45861577139096305	4.112885447089513	5.548779393439779	0.305602694322579	1.7579621639396008
3.5667278166820315	5.386396810862922	4.884629709190513	4.068494918354056	5.363284832776806	1.6523211102541757	3.6052513578742422	1.4440878850145848	1.9135467766474223	0.4151328709843317	4.113054225181482	5.785997449731706	0.3071248130421984	2.102595984158592
5.28368892574361	4.283909687244133	5.300453264929992	4.267145348057835	5.30822688309776	1.3905871137198509	3.641121528067014	1.8494143615745222	1.9112863672662137	0.3724347291196942	4.854182465742338	4.8456201457336805	1.7582752262777461	0.791015729394595
5.839253171589014	3.9159364861579395	5.385497736775554	4.369691920971645	5.3043230296234265	1.3006949669042565	3.599033283692114	1.938743872551317	1.8541692563629448	0.4104555434382679	4.767067107662865	4.545123181116623	2.098155972536635	0.40577708821980535
6.42420742662605	3.8402646315243247	5.855369833223775	4.409102224926582	5.346494406705767	0.8569397704988632	3.516331961835798	2.3813794281373095	1.8301137245160795	0.3678205700245961	5.815350603170489	5.23968581906279	2.649404429320857	1.8817409457783312
6.446293354406448	3.9470819068782337	5.889746777078106	4.503628484206719	5.282407628335229	0.859146414591622	3.5327228198092584	2.4260031229275656	1.772583429583573	0.32070374142315633	6.020521969985404	5.37590373929002	2.351150046806412	2.1759635306148084
6.862494718961308	3.498107771251622	5.989405544825763	4.371196945387156	5.352221008145235	0.7392269469248056	3.7370277908577294	2.6876094026339707	1.772583429583573	0.3161780978227057	4.328378916365109	5.528431964829814	3.9574381996092822	2.03839556797973
6.953822162386517	3.3890978420761093	5.986669831407368	4.356250173055348	5.3471800616737815	0.7899180642923487	3.8510786665046886	2.687498541703571	1.8061345765428802	0.35966099822962105	3.8320973587096834	5.14326796086945	4.456835110760142	2.1042282260189276
7.514840971261979	2.7435110963334637	5.795842889490986	4.462509178104327	5.223880127885491	0.8556921985541204	4.114072437579342	2.9035128815462907	1.8419702083109706	0.35966099822962105	2.898034917896667	4.096866669065625	0.720552483445662	0.3608662723966701
7.796620777141541	2.292030135262392	5.700147900071805	4.388503012331873	5.423841305188246	0.9536194385443496	4.186379764962816	2.903201460380723	1.7847469518627	0.4030842618694855	2.5578998598538267	3.949870236954263	1.3439863804367804	0.2812648067092582
8.240999957262567	1.450321678798885	5.176922575668831	4.514399060392467	4.603197872300386	1.4114317891962924	5.520846963924724	3.0382587090551714	1.7631945201662669	0.4903326550845465	1.8373440450842533	2.6708650627886033	0.3919814785137937	3.2422384053571123
8.207946895365698	1.2908493031302302	5.103545553926099	4.395250644569529	4.817124424870094	1.5386315382290237	5.523722562017836	2.8686487611172966	1.6148801868920535	0.5776051832603629	1.658466155738464	3.0986246159127058	0.5306574758639626	2.9839011257002515
8.513465086129049	0.7698533006200816	5.002034417685912	4.281283969062416	4.966879987235242	1.312885710526423	5.887330516264192	3.220497883985323	1.1897105425525252	0.5828273762951082	1.1245968031233098	1.9855498010973878	2.0264557399395575	0.9067408087805662
8.343079852881681	0.7216256354099391	4.865386028790151	4.199319459502341	5.174609067131233	1.4052465134341012	5.817919752505149	3.094913414807892	1.039339345783807	0.5790553409819523	0.8529094933061127	1.6496311225515055	3.648971963648288	1.2709959517329434
8.305483195721607	0.14023076010434163	4.42862619296311	4.017087762864574	5.488390796804969	1.8960776283523373	6.146516800355585	2.9632429818081287	1.038635989403715	0.5797883737921073	0.9508299855098473	0.43316858044469614	2.1706147598727887	0.4486339732571426
8.103794694797708	0.14237635325336245	4.249246642474176	3.9969244055751787	5.33125312683656	1.9781584246277204	6.361794742256892	2.919139100176126	0.9816143007941988	0.5329534623467365	1.2619271137823453	0.2810148807711183	2.4976748863213776	0.12664362395512152
7.9799542655071205	0.30292519078206853	4.191443775877678	4.09143568041295	5.365937597566883	2.4179248974565897	6.1847139035016365	2.521165900014842	1.13202140353644	0.5366605106237946	3.5826497308906458	0.17276580471744427	6.8724183564645	1.1762658500614194
7.6977698571957776	0.3717512044726768	4.137925157945169	3.931595903724105	5.418997502241378	2.6282219564674847	6.180608579046371	2.3402989295983634	1.2234193462070106	0.45403436457533686	0.17950929341183586	0.16239372636426824	1.3111674300586824	1.7000899137085894
1.28961671131093	4.585335898561103	2.274439060533072	1.0212801267168097	5.103286318431966	3.7775146727936617	3.9454276761971574	3.030565468001042	1.18654865065173	0.838515646758038	3.4812439581650128	2.1455692695164816	2.475603615674227	4.299760267118313
2.367750032982242	4.715939763003352	2.3481897300213745	0.0	3.850914220836002	4.659055996032764	2.160170471303324	4.4973638349543785	0.6883194848594368	0.8500198880933989	3.1432597653871945	2.6424938393966766	2.270404099061937	3.6354657714682905
0.22845789746762982	3.73086099537058	3.0799138281028906	0.8794050647341324	4.64708699932106	3.5807774690105045	6.59204409876013	0.9974107059351355	1.964257652170667	0.8270473833826762	2.942843897129582	3.1311151084345177	2.0672860254960526	3.069207024569525
2.659047773010105	4.407773120477646	0.8232307300274918	0.9254946174388106	5.103286318431966	2.4150029080675015	7.49006892497507	1.328753911996298	0.30734711903406015	0.11731891719990464	4.393457779186197	2.154573387457389	2.8405322778635775	3.3714602181498985
3.532717262284706	4.590299847617107	0.9108108806077487	0.14677170472228013	5.8400099121658515	2.133114577314044	7.636696397046267	1.2486961962293162	0.3871822759327853	0.2727315858579716	3.7738597840774166	3.2107275221956453	2.838767626778361	4.818536531404826
3.1087263310841093	4.732058856174587	0.5642034731854234	1.0591290519055314	5.799583486177065	2.341986147111501	7.359163250213025	1.6125835316485362	0.5955870820728104	0.5278675864399716	3.48489908508253	2.9324428036629775	3.190449395363149	4.798475747743683
4.97412513849664	5.807524515942348	1.3618797150168689	0.5284803375708063	5.559919716708827	2.5365089828558043	8.018339501112472	0.5437550285890627	2.3074940175802854	0.1117293416898399	2.139303235214283	2.4599792948269914	1.3746907379279498	4.669883893797674
4.625484981674762	5.988846030104239	1.456515452334055	0.09315440390396425	5.7335565450036885	2.591131711976063	7.740489700562323	0.6410407241502488	0.24458499211113457	0.7160665881877913	2.0309385028482354	2.467881490652681	0.3639093950211857	4.291821571788402
4.109105744492435	6.18468233570756	2.070605300779276	0.004971290371062023	6.018277865275536	2.6107919897907386	7.496792695589068	0.7785273024272769	0.19959857786060187	0.9329870109200463	1.2420105963318813	2.361052226827532	0.9236360234226466	3.804286261575962
4.653464076650795	6.706883838146015	2.1419087890815582	0.08848902758705816	6.204140629393615	2.657808809414399	7.41901224256896	0.8645608464470422	0.4364120787652165	1.181162087678804	0.8241707398518039	2.2780315834862814	1.6559485910644722	2.108607691975804
2.9084172191338054	5.921539762692944	2.713698795337127	0.2994237482229348	6.384835399313268	2.9154151933205297	7.184327338980381	1.0023800237423948	0.3823754323950892	1.272660953328806	0.6885926178575077	1.3369913471687707	1.4637477897893272	2.3351588632313853
1.8292176008359697	6.086590308465179	3.721719698369036	0.5356530092611478	5.268324604379393	3.2062594369329065	8.259338600323488	0.9992527886740128	0.6207671159802953	1.2340445138471874	0.7719652102903908	0.42565004974303533	1.4789841722223394	1.3206643429387368
1.600276817947043	6.026427118381791	3.5585919884749724	0.8675583119599434	4.480915758659944	3.8706078201067027	8.828549692442435	0.619637470542581	0.736180404205548	1.1107210780522287	0.4164444980157434	0.8588199469090785	0.5908064881013295	0.2609971120826338
4.202733999924451	3.63478007108609	5.967582677317413	1.869931393693031	4.043217543676529	4.389984509537747	8.764141932011933	0.757783391478864	0.8498397744675424	1.1980304716048764	1.0447264935017786	0.7076984228807071	0.46846182171603357	0.9175870759698931
4.740351676073483	3.8713504242930217	6.352027214970478	2.2596748853960658	3.8875323936647233	4.435264761909099	8.545264220130392	0.7656812194485318	1.0168316090188416	1.2408040317972893	0.9271449607761176	1.3665500098024361	0.034800823076363806	0.6786836467297839
4.612373914376881	3.79712438845153	5.996372318775562	2.4131259840529724	3.786751362249352	4.34198596688143	8.353724354588723	0.8127765655096952	1.2208736646943412	1.1998102115687719	0.44508100756598346	1.1770075018802126	0.07858061203415179	0.41952873708457733
3.0497262844822455	4.812030389629351	5.49489457857312	2.366862095538299	3.4539717103305536	4.295722078366867	8.460899427285133	0.8127765655096952	1.4464782439164179	1.1587612144646775	0.820426803212437	0.17188184371257073	0.34979644473559857	0.44502063069130177
2.602504156642151	4.822614640703548	5.1581146820870725	2.2670041152584735	3.6949026365766704	4.151926677427729	8.27000695563391	0.9067524407639086	1.502255363410295	1.1202587432047273	1.3427834236992322	0.050292925724224016	0.5360754010644257	0.43771950035732204
0.5009055110725379	6.7166876933267865	5.146673658637291	2.0709195457625356	3.8937663542360967	4.008950897438757	8.171132757019553	0.9536331703014086	1.5580986767341671	1.0791581147090237	1.0398572354685864	1.2774563553477896	1.928681998383725	0.1272226558330668
0.7007057824494379	7.1491489029892055	4.6689724722994494	1.7794706482394929	3.943712473320383	4.007178922406539	8.121226906190183	0.8127765655096952	1.561213131338514	1.0791581147090237	0.2755813923637456	1.1177235033617174	1.721551003438812	0.1904735210551182
2.775544667288108	7.316859393307191	3.434728467759912	1.106586258259451	4.23904585455387	3.629627913659983	8.121226906190183	0.8127765655096952	1.5271016180685728	1.0791581147090237	1.2937395904107973	0.5344274679933603	3.1315450765127344	1.4600281372250972
4.2375096704906	7.850568041669185	3.370706971523881	0.24235139965478605	4.530241488980002	3.198090044778387	8.157632554501031	0.6712752102123065	1.4565179353319637	1.1176569712342737	1.1004925485295314	0.41860698326163	3.7753408293740334	1.5813677761851697
3.557099094310033	5.224905383324926	6.912763835330441	1.8692406423044161	4.191707675070422	4.003781229371554	7.860116380196118	0.8564232800544106	1.6243564102094339	1.1176569712342737	0.9907113055825967	0.1427611391013606	0.4536255434412868	4.231023573208405
4.49555347469586	4.792754342156889	7.13147638459847	2.156831432254073	4.142083136958994	4.097913841278356	7.810269178813559	0.950409718603114	1.6243564102094339	1.0764974126680267	0.7051291506776931	0.7434919000524246	0.3921554839964431	4.084823274847173
5.132221650979765	4.621925850169857	7.30955681919207	2.4445906819576892	3.8993356980233465	4.23581751169217	7.903161038459517	0.950409718603114	1.6243564102094339	1.1176569712342737	1.2964377762927666	0.4188489487306218	0.40162576470413236	4.430463805620935
4.450916937199939	5.006935707486841	7.112992285910274	2.3448603587766153	3.94928269605997	4.329803950241077	7.952944363604193	0.8564232800544106	1.568343538920808	0.37194103955716723	0.6122409768381731	0.3753547069618076	0.5395691325495835	5.002725396397226
4.9231293757546615	4.748393084214258	7.143899043201288	2.5276234167674607	3.8067888774406344	4.559667824716365	7.983348748961519	0.8529847104571915	1.345756346864708	0.5187930057722454	0.8558077929247927	0.8634799350434109	0.15488162179709977	4.679063076644776
1.6853535022744643	5.971276286000605	5.663160568713508	1.993469219561522	4.203989256104816	4.422714006174285	7.983348748961519	0.8529847104571915	1.345756346864708	0.2468431077333954	0.4063972859493073	1.7264581586549161	1.948700407291077	2.730388160816227
3.7423225903443034	5.1752126121654545	6.6347739884870505	2.2827612140229734	4.006078644202596	4.419965520793905	7.983348748961519	0.9471145783974787	1.4912942486768923	0.7504210548008787	2.7658613932204137	1.6447112057848825	0.9295130006190327	3.657111634710955
3.119947078012599	5.727112716888244	6.609949804930875	2.2371099899701554	3.962852296146895	4.33059057342646	7.970637172423082	0.9515154753057141	1.6029444965272592	0.8357315036948183	2.8796930802063185	2.0452223478256544	0.6675265642743067	3.4777361644045217
0.768984283190145	6.958049190520742	5.194330583635783	0.9947343236951901	4.691535171160945	3.8207057292929587	7.9274108243673576	0.943804006528552	1.5687325351357024	0.1319737889309635	2.609886080286905	3.4629603274947436	1.4019624665542176	0.3436491488076995
1.5384121735375988	7.03447229198731	4.929096154606173	0.5669639638433329	4.882799991079834	3.680875864621275	7.97698031330709	0.8966978202073899	1.5687325351357024	0.15640114847374173	2.316338112159341	2.5288219006634622	1.8965952500498882	0.8845242506670694
0.3520407473543611	6.633410809979482	5.571329916878224	0.7100401457476786	4.737131870361413	3.721997035556734	7.97698031330709	0.8136618840508336	1.6029444965272592	0.6376321135214366	2.39159342372284	2.9934958448944022	1.4490709454090587	1.0005849748424473
0.23188969447191676	6.449690247707558	5.923370664232216	0.7582092779483627	4.688962738159988	3.6748962190723895	7.97698031330709	0.8607627005352217	1.6029444965272592	0.9214319200271557	3.211635268762713	2.4939855681271164	0.46331694690715836	1.8521359989641004
0.10657437457818798	6.446483148622009	5.771754475339588	0.5681542987041799	4.735722974415933	3.675369772224677	7.97060834219629	0.7664892019520076	1.3255344466431027	0.0037537465023878796	2.262684247841773	2.126195037414782	1.3888400301184403	1.9812744710080923
0.15339306022494625	6.400008021253668	5.6784606623279466	0.5681542987041799	4.686302773254052	3.675369772224677	8.07589531202554	0.7664892019520076	1.3040132238951252	0.050336456941500234	2.114429982762109	1.9715495643135716	1.4906191678293814	1.9839732656425058
0.09319277588706903	6.508290849978262	5.702465989530778	0.7126320845620128	4.6382168716429835	3.7717616564705048	8.07589531202554	0.7664892019520076	1.5257991696838524	0.7558273496511204	2.225462395444135	2.0407550902331426	1.497954438485899	1.9182604546079105
0.09319277588706903	6.508290849978262	5.655610819316958	0.759487254776114	4.6382168716429835	3.8186168266844684	8.07589531202554	0.7664892019520076	1.5257991696838524	0.8387406128880865	2.164516717499258	2.0304852690492092	1.558900116430854	1.9285302757919793
1.6596585879045382	7.146906470262932	5.39215083058726	0.09509705177065818	4.925488999780459	3.441498751817445	8.16823105881841	0.7664892019520076	1.433463422890584	0.9185420222885162	2.3279593502323124	3.4997149512389325	2.2631744758950574	0.06437297343544016
2.1021866154835975	7.182268315452013	5.27027609879229	0.1901943988251935	5.068011431326617	3.3459743809864104	8.16823105881841	0.7192445537341311	1.433463422890584	0.9185420222885162	2.3092495430538227	3.630684675516307	2.459768559808314	0.34254652439541355
1.7231847232819528	6.9596803844708806	5.331428468942007	0.09493280775277715	5.068011431326617	3.39399132383946	8.16823105881841	0.7664892019520076	1.5447542032167652	1.0834975351902878	2.13565387913544	3.226117783947162	2.4107762927461276	0.28385093270929146
0.2929811285617634	6.421735356988272	5.843954624513501	0.2847996039134538	4.87781703250256	3.4422267866422467	8.112324573645518	0.9077917519910752	1.6006606883895929	1.1245981636860367	2.3377424428781244	3.1007270047922093	1.5465573915810973	1.052504481390127
0.44635013481035174	6.5157185779628115	5.642535598663372	0.42683284449094616	4.830062574014697	3.4426623581619125	8.07589531202554	1.0016349625612588	1.6928348408836493	1.1656436300074464	2.9662065460640132	3.0925557878370054	0.9643220508815961	0.9535354545855205
3.7092814339249576	7.336854029908664	4.482064340841753	0.8544917448576627	5.438218035747922	2.8671832559317916	8.069142337005292	0.9044912604275106	1.6222940659935756	0.2590838974639444	2.8863059222083334	2.8214749853549437	2.207181145291023	0.5934049661236795
2.538263135496815	6.56537547188838	4.646015446530744	0.6189031101397058	5.447232105065198	2.9672815739011216	8.020028543358112	1.0921778831351332	1.770435448443653	0.7580158736737799	3.385284106802562	2.653655551888544	1.054577465638006	0.02615051369763097
1.9726923523767637	6.279889658717618	4.834261050924799	0.5270637445836112	5.403067781196028	2.921541878950566	7.964232900959657	1.1855926197708817	1.826231090842145	0.9651604799192063	2.9632678820227776	2.6583006725233314	1.0895176896501835	0.19862464026542562
1.4353514550491906	6.130806108390696	5.127916871513574	0.4324622181721003	5.356059084362859	2.9225341305664827	7.964232900959657	1.2321931977342515	1.8821429768528184	1.0476303779223977	2.6153469543386794	2.9995493226910357	1.184051800638856	0.19862464026542562
1.9653350654657238	6.646357566656041	4.971711721057922	0.29068921986772706	5.26179685049375	2.970044895001563	7.908508354708416	1.2321931977342515	1.9378675231042104	1.088782469629102	2.4388033126552675	3.275425739295763	1.847374884819684	0.18594616236102723
2.050866697229344	6.8772426958029405	5.02017639035879	0.19380039178847752	5.164908022411267	2.970044895001563	7.908508354708416	1.2321931977342515	1.9378675231042104	1.088782469629102	2.4256775685061243	3.152221285062059	1.9373155323377034	0.014277038830530662
2.054758870690492	6.832670199963133	4.971711721057922	0.19380039178847752	5.164908022411267	3.0166454729648406	7.908508354708416	1.1855926197708817	1.9378675231042104	1.088782469629102	2.332269363237897	3.0487135931502047	1.9291002483539414	0.017901463692177773
3.9314859333106407	6.988601432447545	4.102611097646737	1.0454955985099665	5.537785007197916	2.5378272510269255	7.908508354708416	1.1855926197708817	1.8478117000139265	1.0448590760469518	2.093419188366917	2.8524626070847856	2.3571725656029314	1.1695693229659867
4.877251403771274	7.387330447810936	4.120720741678849	1.610641697639139	5.8001696523516735	2.2890047789885863	7.91443439095853	1.0453635224532687	1.7555955483834795	0.9208931103141365	2.0037442263973553	2.7727765411330845	2.2576301501705265	1.4021577348687606
4.808735750383122	7.364884149586036	4.071794852218056	1.5156464530148706	5.655522957037994	2.4788029304747994	8.013011731109021	0.9044912604275106	1.6096247014855558	0.9208931103141365	2.199305934481143	2.7727765411330845	2.2119361178207875	1.4021577348687606
4.610468808964511	7.3255327987712775	4.1357204256966025	1.4206564358897522	5.566246607326632	2.5747452147873005	8.056139531523137	0.8573904439431769	1.6096247014855558	0.9593726227175003	2.2071015006170356	2.885543582439596	2.2285768409867113	1.4608251823387266
4.619550680037273	7.328877918759988	4.034998593120842	1.3256713543983047	5.520018719547208	2.5797892987496294	8.056139531523137	0.901103553692909	1.6096247014855558	0.9593726227175003	2.1981218546249903	2.77666524910173	2.249829072897322	1.3972057409488918
