0	1	2	3	4	5	6	7	8	9	10	11	12	13
6.804998549106318	6.007014456470792	8.611088464969844	4.200924540607275	4.139448406939287	2.339243447874272	4.183182398910142	1.802096587894726	1.141594204946652	0.08853526966439251	3.091091944168628	3.964304541494253	0.7877835251419333	4.4424256181123445
6.982077430756686	5.720702924436556	8.325123266714142	4.377657088479086	4.024596970441673	2.05056800855841	4.298311541567662	2.1124826093799087	1.3148829355120084	0.25586287971323357	2.858953139705057	4.011005590679674	0.833039773455563	4.571908513955309
7.098517039427862	5.495196822336458	8.13402062666717	4.459693235097245	3.9929157267485262	1.927154745998776	4.382483447299561	2.203115909528392	1.3325853900096194	0.4231696507804341	2.687524126884106	4.00599621833072	0.8314533462151239	4.614482536418832
7.271255497957749	5.2177461605392965	7.995830078217687	4.493171580279231	3.9517044226738567	1.9812636876184901	4.528406954641686	2.2849671192371837	1.3845227066730146	0.34500821878823823	2.517941422500399	4.098300036066762	0.8750696465887823	4.56914122393075
7.334060707127741	5.046219509742531	7.850345934954211	4.529934281916107	3.9521793996567816	1.9855185955814894	4.580153804150463	2.328686729166366	1.2983771055830944	0.3459011869815864	2.299207733537898	4.093237413675684	0.974498511245802	4.564595047780486
7.372671422324555	4.994087009655906	7.844578206324172	4.522180225656265	4.004311899743439	2.029897039408491	4.527916976371806	2.2877322436753795	1.3683342630302682	0.34931664430200815	2.248846338434331	4.131848128872397	1.071479732931731	4.564595047780486
7.372671422324555	4.944992220221215	7.800275454929924	4.517388187615943	3.916980999810377	2.030711712106219	4.664342665739526	2.3312203223721077	1.3683342630302682	0.34931664430200815	2.248846338434331	4.131848128872397	1.071479732931731	4.564595047780486
7.372671422324555	4.944992220221215	7.800275454929924	4.517388187615943	3.916980999810377	2.073042656149479	4.664342665739526	2.288889378328946	1.3683342630302682	0.34931664430200815	2.248846338434331	4.131848128872397	1.024859906349968	4.517704231187054
7.334060707127741	4.895808075877203	7.712730498623363	4.517138284381699	3.881103737395427	2.0784227271640145	4.749404072498585	2.3733980339147047	1.3683342630302682	0.3083621588114266	2.248846338434331	4.041800420931998	1.024859906349968	4.56914122393075
7.334060707127741	4.846534405141303	7.663720601924184	4.516874510344907	3.887731462308571	2.040130839085555	4.599417423338103	2.4218584728445443	1.4570477051432895	0.309611901849018	2.248846338434331	4.041800420931998	1.024859906349968	4.522178718682899
7.334060707127741	4.79717103643589	7.5654734270702155	4.565758316493427	3.8426878024393827	2.0946302142948245	4.6054192187327025	2.4267093183490163	1.511093871717028	0.34850885598926684	2.248846338434331	3.9902900349243304	1.024859906349968	4.5736891046907235
7.334060707127741	4.747717798090837	7.516235941884384	4.56554256333423	3.797704779915783	2.1438676994808383	4.611402255879486	2.4267093183490163	1.5132067318587439	0.34850885598926684	2.248846338434331	4.031156933711035	1.024859906349968	4.485787910720765
7.387214891844523	4.642495718509656	7.56049952955658	4.469211080797767	3.7553076813726283	2.0542975712940317	4.617366417901045	2.4720158588635983	1.498056951912226	0.34850885598926684	2.1956921537174416	4.031156933711035	0.9782400797685783	4.529578281459707
7.4050572615317956	4.642495718509656	7.57834189924376	4.469211080797767	3.7038264690791616	2.0542975712940317	4.616977407202878	2.4720158588635983	1.5327213166771732	0.34850885598926684	2.145422349470125	4.048999303398279	1.028509884015389	4.529578281459707
7.4050572615317956	4.642495718509656	7.57834189924376	4.469211080797767	3.7038264690791616	2.0967459226539495	4.616977407202878	2.42956750750368	1.5327213166771732	0.34850885598926684	2.1956921537174416	4.048999303398279	0.9782400797685783	4.482466826425496
7.345447415023658	4.702105565017794	7.627587502041935	4.419965477999592	3.8410721140481408	2.1351988024761677	4.5316019852254	2.3418690248833918	1.5325569004098043	0.34850885598926684	2.255302000225619	4.048999303398279	0.9315443870449447	4.5263240474564945
7.306713762470906	4.702105565017794	7.588853849489276	4.419965477999592	3.798228446382798	2.1351988024761677	4.574445652890841	2.3418690248833918	1.5843249563602035	0.3886328316307355	2.255302000225619	4.010265650845483	0.9315443870449447	4.5263240474564945
7.306713762470906	4.702105565017794	7.539608246691065	4.469211080797767	3.8410721140481408	2.1844444052744674	4.620102816611302	2.3418690248833918	1.4958241249745434	0.39117208794604147	2.2534657265177094	4.010265650845483	0.9333806607528199	4.5263240474564945
7.2679035115667086	4.702105565017794	7.500797995786891	4.469211080797767	3.9353543214934215	2.1844444052744674	4.577799713514975	2.3418690248833918	1.4956753536084506	0.39117208794604147	2.2534657265177094	3.9198542264230456	0.9333806607528199	4.577925220974801
7.2679035115667086	4.702105565017794	7.500797995786891	4.469211080797767	3.9869466654188686	2.2281962014483785	4.578252755337333	2.298117228709306	1.4436299678608302	0.39117208794604147	2.2534657265177094	3.9198542264230456	0.8868369472327728	4.577925220974801
7.282268744877491	4.648853290729025	7.555504372267392	4.375617663339287	3.9869466654188686	2.134602783989863	4.630364463291186	2.3391332209687903	1.4434108973888229	0.35015609568624695	2.2002134522289163	3.8809671854451064	0.8868369472327728	4.577925220974801
7.282268744877491	4.648853290729025	7.555504372267392	4.375617663339287	4.081261910046189	2.17712213666293	4.624628803814342	2.3376856239513963	1.354831312237817	0.3493173417877531	2.2002134522289163	3.8809671854451064	0.8868369472327728	4.577925220974801
7.296668044017199	4.595489968339182	7.516540349017039	4.375617663339287	4.123830973958028	2.17712213666293	4.634279708473411	2.3376856239513963	1.3026113436668891	0.3493173417877531	2.146850129839156	3.8420031621947746	0.9333806607528199	4.621854687819186
7.257626845818995	4.644947831339893	7.477499150818856	4.425075526339903	4.1168654538045	2.2208108506222892	4.591787365626069	2.2939969099918356	1.3026113436668891	0.3493173417877531	2.146850129839156	3.802961963996658	0.8866089787317151	4.621854687819186
7.370748348426339	4.531826328732457	7.521923218013363	4.380651459145453	4.1168654538045	2.2200106504491264	4.732687387250006	2.2892640024010023	1.161711322043445	0.348060291368736	2.0841786546411734	3.802961963996658	0.8361589513214748	4.574660628208114
7.424346510802676	4.478228166356123	7.521923218013363	4.380651459145453	4.1168654538045	2.2200106504491264	4.732687387250006	2.2892640024010023	1.2136662911467402	0.348060291368736	2.1333263865571133	3.802961963996658	0.733413057029121	4.574660628208114
7.59144809843941	4.363189848928243	7.521923218013363	4.432714729354164	4.0223098407487035	2.2200106504491264	4.775179730097305	2.2892640024010023	1.2136662911467402	0.3078308170687768	1.9662247989203732	3.802961963996658	0.733413057029121	4.530736353092092
7.59144809843941	4.363189848928243	7.521923218013363	4.432714729354164	3.9797407768368114	2.2200106504491264	4.8177487940090735	2.2892640024010023	1.2136662911467402	0.2676541242860354	2.01686200191107	3.802961963996658	0.6827758540384313	4.530736353092092
7.645393078178593	4.309244869188985	7.5711083478663666	4.383529599501148	3.937094831013922	2.127201653574985	4.860394739832051	2.3328878694221293	1.2136662911467402	0.3078308170687768	1.9629170221718228	3.843885240316961	0.7295475360600469	4.537001944654536
7.645393078178593	4.309244869188985	7.620217187175135	4.334420760192452	3.937094831013922	2.0780928142661255	4.860394739832051	2.3328878694221293	1.2136662911467402	0.34541547201821643	1.9629170221718228	3.895503660311196	0.7761672388799219	4.576434678428386
7.606274511879574	4.361398009022245	7.581098620876042	4.386573900025717	3.884941691180763	2.164304199411657	4.808067000140606	2.246676484276651	1.2659940308381603	0.34541547201821643	2.065763302163992	3.9384876407633245	0.7200167753726643	4.538338933312595
7.660331696073107	4.307340824828694	7.625614262335411	4.342058258566388	3.884941691180763	2.119788557952513	4.844286846100339	2.246676484276651	1.2297741848789314	0.34541547201821643	2.011706117970403	4.03124543543185	0.8134845220095747	4.53671932160875
7.680615375855663	4.297219443055375	7.586418134304861	4.391416684606203	3.835583265141122	2.206844947727369	4.8804406669778935	2.118551378150101	1.245637691504808	0.38648418837004855	2.0030505748192047	4.033302687756288	0.9505115897233849	4.536783047433908
7.680615375855663	4.297219443055375	7.586418134304861	4.391416684606203	3.835583265141122	2.2502760973166533	4.8804406669778935	2.0751202285608765	1.245637691504808	0.42401614047220626	2.053967306013769	4.033302687756288	0.9467492132890416	4.581080193771032
7.678060085489355	4.446031153301898	7.721187551970985	4.402903686820101	3.6325913783607673	2.145439892838386	4.8804406669778935	1.9884515484728942	1.245637691504808	0.46423836713283767	2.307238944536575	4.017894936942385	1.0193094456658078	4.764760529182466
7.678060085489355	4.5440978270704315	7.770006082866575	4.452151829693121	3.6289020020620115	2.139859081090324	4.749909548630607	1.945213829325231	1.2817915123828236	0.42401614047220626	2.6180629089969245	4.017894936942385	0.8988691154092553	4.809427343158147
7.678060085489355	4.596492696537949	7.818748571562467	4.455804210464805	3.901732738341531	2.2204443984201534	4.847300574074397	1.7748729864457082	1.1180898275996745	0.46502917732507204	2.722617135120142	4.110868078903895	1.1811701062348028	4.8508957226235045
7.638756932699483	4.596492696537949	7.824148259199227	4.411101370038191	3.9958934989396093	2.2184026505134016	4.894202053687982	1.6912544653579167	1.1154440318359164	0.46581700344136767	2.722617135120142	4.0715649261139895	1.2786720753646301	4.940892235729605
7.582070098200194	4.596492696537949	7.767461424699893	4.411101370038191	3.9958934989396093	2.3041098397377815	4.999722936405962	1.644391565058671	1.1145486924462698	0.4269727145154641	2.880164372165075	4.149468092426199	1.5143147320230304	5.2620278791330035
7.582070098200194	4.596492696537949	7.816134438065695	4.3624283566725595	4.047930262996902	2.341080390257481	4.9648723632669896	1.5587480011738422	1.1158675711404238	0.38685567247302993	2.985675148353727	4.284346680648578	1.5079018131552155	5.311716954486545
7.4884798421066705	4.6471770964124355	7.9113086145259235	4.224348323993313	4.229535479104687	2.421473193839031	4.946455678518606	1.3437709415714783	0.9222120261520586	0.38685567247302993	2.987051892919551	4.539295072464096	1.960327390641872	5.574425585558309
7.448991716682431	4.542667369465628	7.871820489101732	4.119838597046393	4.4280143052095635	2.4217319274390268	4.940845610552765	1.4232525145596076	0.7998279163241805	0.307115365887154	2.987051892919551	4.532967826965205	2.111527024213087	5.588266975247688
7.42658318345397	4.490546049982383	7.751951976497161	4.165177256939044	4.052176207754898	2.6057390048007716	4.888378404192838	1.3389296057131006	1.0383905543244523	0.34500821878823823	3.092755017659006	4.689935945123264	2.5101605734384402	5.883182300552518
7.3103007421859125	4.449071295529188	7.601385709767975	4.157986327947198	4.153130770021035	2.6134753487484406	4.83542715154874	1.4249568950394702	1.0569477792256028	0.3476458691391532	3.205230952078297	4.68472565559361	2.5598413607735107	5.975402742079314
7.3103007421859125	3.9891105402869336	7.226466951318287	4.0729443311545905	4.664975374523096	2.9019755923026374	4.677840756498482	1.4725370907043795	1.231375400775195	0.4267100708721286	3.258323685523293	5.028909880493693	2.926715458351461	5.731068399942242
7.253576739262362	3.937771672563609	7.0808029916829796	4.110545420143051	4.83027280809715	2.990915549014466	4.474929636313375	1.4336430919700194	1.3545961716447172	0.42537818710470837	3.3125818635083317	5.102540068772801	2.976992895953319	5.601915680378044
7.253576739262362	4.035954906316439	7.036447306492375	4.253084339086333	5.151900261709036	3.035271234205005	4.055118948948604	1.4336430919700194	1.3545961716447172	0.42802300645295926	3.5804871648972574	5.269557425924675	3.41167562838474	5.63588271522148
7.253576739262362	4.185109776909032	7.085540794631664	4.353145721539774	5.256449924191429	2.9861777460656618	3.873750237548243	1.4336430919700194	1.3689204396093324	0.42802300645295926	3.6343620678127926	5.313548451533149	3.5731283795362834	5.642773112151909
7.1005556916262575	4.48257707988638	7.362957222692309	4.220175548820313	5.0426341767953575	2.6852049657880372	3.7209660443009036	1.3041783965512623	1.4905701939507412	0.4683053266012341	4.068916555049298	5.426153419149024	3.645744804080935	5.927763181659885
6.9470298284490966	4.5477068530718405	7.319049852416696	4.175686829104252	5.038141201824755	2.6892249451222563	3.72146656428436	1.3041783965512623	1.5430713479882532	0.5086405568901787	4.292187574301915	5.4308185490078955	3.434916155907555	5.835409908225497
6.796557374433088	4.701714416606032	7.3680374639946855	4.130234327044341	5.07441149943352	2.6295959376112252	3.6572137109804808	1.2960134694564167	1.6102336011497764	0.46848188130539015	4.569724057221713	5.875266094780691	3.9631469477360866	6.843962722161343
6.662510130324298	4.803952143654478	7.425561881956161	4.0409003920226185	4.973031120934696	2.534697213302151	3.7101780373153646	1.2121521963434625	1.6102336011497764	0.5094918915417614	4.571211386224667	5.83419559375185	3.9792252845737046	6.863224339261923
6.565702090220089	4.907332810846893	7.466753573298597	4.006281327768288	4.8696504537423095	2.3966974818555316	3.6577935164813984	1.2121521963434625	1.6626181219839156	0.43158301887153805	4.685542338686857	6.239832684852916	4.677824240280701	7.18880472725262
6.584921983635642	5.003500934337665	7.474644479993886	4.11377843797951	4.7969957716469125	2.347950248113579	3.6106933828090613	1.171715164032701	1.6266460469778103	0.47253750436240965	4.685164186993276	6.193803701720213	4.80656735427056	7.414389429418958
6.327122160131561	5.212629143784562	7.425828763225368	4.113922540690851	4.748697476612324	2.2997960557899897	3.6106933828090613	1.171715164032701	1.6606150065250957	0.47253750436240965	4.856234874175994	6.949169381472263	5.216299411332853	7.474791848446927
6.192602903543281	5.266016900623632	7.344697263476191	4.113922540690851	4.843026414327519	2.342518742082436	3.5522708757928285	1.1289924777401568	1.6247085758258817	0.47253750436240965	5.022394475649009	7.013829268921653	5.176910913590203	7.614512420145413
6.00129421801228	5.371371752063235	7.206665648198811	4.166000321876826	4.885239442818009	2.2992801541381604	3.4579800661161215	1.2110199007829976	1.6247085758258817	0.43104741227097776	4.860237919054292	7.26515009162869	5.364856701455438	7.352718746013358
5.960420321984486	5.423537314641352	7.2107684482816055	4.173189188344225	4.833073880240076	2.2969625319413542	3.5461295091326916	1.2070942913248581	1.5365591328094461	0.3119148856511023	4.863494268262654	7.273862883699288	5.436161765934289	7.27522403316614
5.919465640450972	5.580562044365712	7.16981376674815	4.330213918068533	4.729090493545053	2.2969625319413542	3.5454620484321926	1.2070942913248581	1.431599187826553	0.1917109226729037	4.976737514069947	7.426226561753225	5.36399015253154	7.620401106621291
5.919465640450972	5.580562044365712	7.16981376674815	4.330213918068533	4.729090493545053	2.2969625319413542	3.597901342817608	1.2070942913248581	1.3791598934411278	0.18929697071684937	5.090402458223386	7.2696020475592205	5.2641204247814635	7.848598942023957
5.7514552561893275	5.685104603912124	6.948526312232817	4.48803354786874	4.57127086374496	2.3402002510890663	3.6336002561679956	1.1638565721773984	1.3773957621571695	0.18929697071684937	5.908662844723694	7.344927727693079	0.20083598524349025	6.951981874662744
5.71006749823761	5.737888420813232	6.907138554281122	4.540817364769794	4.518487046843786	2.3835023527238968	3.686079133176705	1.120554470542552	1.3249168851485422	0.18929697071684937	5.616696811739376	7.4539157240903995	1.1292655235811526	6.873444475450644
5.287627637076835	6.016108921163305	6.747265209856621	4.556471348383577	4.465770465889315	2.33668856356042	3.7210872393920016	1.0362947926925676	1.289348915681117	0.23019007011044104	5.789082960859099	7.927639874128725	5.5065571439630165	7.400502933519835
5.24566228212467	6.069159723951409	6.79860199896657	4.516220007109548	4.4659139344235665	2.286817569087627	3.720476333969942	0.9928636431032591	1.236765549780571	0.23019007011044104	5.789082960859099	7.884480309757593	6.378930636936009	7.415296321091861
4.8226779334459895	6.228012624001511	6.587521353126054	4.463169204321487	4.6255830766225685	2.3729023630980777	3.7192204870557117	0.9067788490925003	1.2367054487940907	0.3903435143587749	6.132884502987271	7.989818219838128	6.646108618923303	7.442664169166413
4.572724311880699	6.392945040081606	6.547784701140099	4.417884650822178	4.679007290725404	2.371176923487475	3.6302936664020007	0.8632197352037156	1.272208055344944	0.4305131168107495	6.361874011229398	7.904181638715111	6.669494386952053	7.341144488933484
4.14041240552479	6.659039458249936	6.513034079379985	4.286417784394733	4.579531343062536	2.3221790584460797	3.7777318865248772	0.7759071542234754	1.2194022032902985	0.47348569659856427	6.177266120889118	8.168633839943844	5.3986924368921025	7.440887995046407
4.028826176665106	6.722329020221197	6.513034079379985	4.23812111750623	4.586542963279889	2.4097514022894964	3.8190169331957162	0.6883348103804432	1.1855523316300693	0.47348569659856427	6.121643449449888	8.279453161315722	5.247245075557524	7.618036580609349
3.9340460527557557	6.8272878650574915	6.467524878148405	4.293809039664561	4.492023438083129	2.3697012493307303	3.82483760667646	0.7718085715013039	1.2738668968748992	0.43259259720091314	6.114952193785242	8.291937811062514	5.53757323141997	7.614260430292334
3.9866234641120677	6.706669622705263	6.63575132251171	4.057541764305613	4.438443242038433	2.3184448172456045	3.9315752161136315	0.6399551416200928	1.2399832275172695	0.43259259720091314	5.883700582449459	8.447540823538402	5.4904292717934915	6.927024697314857
3.9077730374202857	6.650499108001001	6.595086893539109	3.9631852518822783	4.380400276595894	2.316556639990369	4.038004472476849	0.5958730973725613	1.2249497439184278	0.4353504350987645	5.762685068298422	8.306211622636345	5.072240122893799	6.7932329832851615
4.138150342785878	6.602023012552929	6.823291858841951	3.9168814964969116	4.375777188026707	2.3187289800531086	4.091103656493899	0.5958730973725613	1.3309816560474454	0.4353504350987645	5.5422559176666075	8.032417144408244	4.897969629892609	6.560600302137156
4.195962772998372	6.500364682115731	6.9272259392291025	3.769101515885048	4.3714676595564645	2.360968334250142	4.197071515401307	0.546190269963199	1.3309816560474454	0.35633702784539395	5.208224536079364	7.696320282177399	4.96173008905551	6.259646555190213
4.350138455967112	6.336421310289245	6.876041258014088	3.810518508242112	4.42446988156945	2.455387548620262	4.197071515401307	0.546190269963199	1.3840919661724174	0.3160547076972165	5.041213159988721	7.627110764780122	5.099026889195914	6.249160770635914
4.572463007762058	6.080090235378813	6.890706557930157	3.7618466852105086	4.461789324292268	2.49795483806758	4.243965334033893	0.5013590672523425	1.348550527848889	0.278089146662892	4.49472052503724	7.296914348095219	4.636364057241894	5.737402624198524
4.617544522908208	6.035008720232567	6.842331246245705	3.8102219968950877	4.503229307134656	2.5463301497519555	4.2025253511913645	0.5013590672523425	1.348550527848889	0.278089146662892	4.391255037840997	7.067947155923244	4.638416452064402	5.793845443224579
4.837274157934572	5.824992868932117	6.799035109806077	3.863231917060688	4.4502193869692315	2.6331056144697627	4.1497194991368325	0.4531546652750407	1.3482460697786027	0.277102738872387	4.6683285684850535	6.7919836687418735	3.631971251201552	5.442495316174769
4.8033522858553654	5.772059153910204	6.758293852360684	3.8171175874048155	4.4502193869692315	2.6757361417827448	4.096979107689067	0.3644098083069876	1.4009864612261091	0.3603651086595897	5.342539591021056	6.8164712304736605	2.7320985859135605	5.153227461635905
4.41458393952337	5.792208781902755	6.541797239327646	3.664995482098542	4.503394098598533	2.852560192860604	4.044449636448017	0.17990951734369592	1.4532235919722274	0.3650594565975718	6.000326065495248	7.112801385159357	0.3549820675694792	2.376934609732221
3.9112140028566866	5.6826890778639205	6.223979436940717	3.3699236437798206	4.601635846051938	2.756678259430204	4.038791107895	0.09023931649638663	1.2244705130720568	0.3650594565975718	5.807822328398836	7.482914212027048	0.5113446842521682	0.00541491947335034
4.345243933907663	5.498175168784944	6.366355711833269	3.477063390859399	4.544946063968016	2.9872675282319983	4.003183387332621	0.13072549467252106	1.294206868501964	0.3682127747815525	4.939853427205982	6.973429801042071	2.0250943178230205	0.7664928954167428
4.736032977065089	5.405086669627147	6.55830648246648	3.582813164225764	4.439196290601574	2.9872675282319983	3.950704510323786	0.13072549467252106	1.2939525720021705	0.3654398754258977	5.009217642034903	5.762151944415115	1.9366848211190875	1.804777784336201
4.934016723791524	5.32371052368629	6.620005008134073	3.6377222393437836	4.442384541464332	3.0895175731685067	3.956406479762808	0.13347733083984656	1.2769810903003014	0.327763905485409	4.530878709229129	4.7736588473532136	2.3817701986066946	2.6477068515833215
5.434792987101863	5.18322483890054	6.874070758470397	3.7439470675320528	4.392517285302866	3.1022508606131307	3.997883506977106	0.08689531102524345	1.258523548570234	0.32588752659237713	4.405991065028792	2.8318664922512267	3.101708477998616	1.9798042940494816
5.82169184629008	5.220263726932486	7.088759713838067	3.9531958593843775	4.232305485560472	3.106073698054	3.997883506977106	0.041681156353975235	1.29261106300309	0.3635671973709025	4.010143760369721	3.6517470905361913	1.9344101144033585	3.319018204870085
5.82169184629008	5.220263726932486	7.088759713838067	3.9531958593843775	4.232305485560472	3.060926762247239	3.997883506977106	0.0034657794676389983	1.3266361416382337	0.4011938141584199	3.380884265012256	3.743552046605659	0.8042563434482672	3.7130297595353583
5.900757758709846	5.344292418294841	7.336113861125632	3.908936315879099	4.281384755174469	3.1108934241628283	3.9454442125915565	0.041681156353975235	1.3790754360239526	0.4011938141584199	2.754632934447202	2.989827449594471	0.455002822602679	4.461643259784802
5.528427881317419	5.350533301033462	7.365406706112915	3.513554476237675	4.388998755900709	3.0570074216613485	3.9456912971574942	0.1844227338926577	1.4839730701554397	0.4839983162610535	2.5538398846577217	3.724159493620601	0.2810531522636355	3.3270342043397796
5.484387237883547	5.533183952243639	7.403390599769068	3.6141805903581066	4.343293593245192	3.110860803533109	3.9872628302981927	0.14178363115865525	1.4839730701554397	0.5651465732524594	0.5868679170301911	2.5909361710802856	3.7179729427150336	4.149310997018785
4.519299692230675	5.702356141399944	6.908990269604125	3.3126655640264633	4.461353456738162	3.0173999557628473	4.028910763853903	0.1901300126710551	1.4499759771766692	0.6058006122758252	0.7221834488420048	2.8861045608874507	2.844741126703275	3.0958144811853474
3.1819228433517597	6.030029591585195	6.449465370880415	2.762487064056829	4.7257092140047305	2.8229024457945036	3.976602258627601	0.28145524540520706	1.5022844824032735	0.6058006122758252	0.3680929424466768	3.7594809937008065	0.7917768547068169	1.4724692375022104
3.3971847224315534	6.091580937516842	6.678436026486443	2.810329633462096	4.7257092140047305	2.108522553638423	3.976602258627601	0.48076721615712076	1.55489867848889	0.6904933110106475	0.2663077964236745	1.913706508240049	0.7018556892633655	2.5116141424650387
3.4345280761779167	6.100035810558283	6.724234253274308	2.810329633462096	4.7257092140047305	2.469033302914445	3.9601599500797304	0.07948577663342936	1.5900144828902048	0.7721363547385676	0.5797628501600877	1.7958222250696845	0.3691375620110513	2.558154854799746
3.869740380260089	6.087989598629013	6.8299001395426435	3.127829839346473	4.513600211222039	2.5573165112922256	3.8547687469780856	0.04951337401084975	1.6427820716001336	0.8537783475319984	0.8642896451612009	2.138352722145067	0.006344344976918622	2.365697591692867
3.9692406372021196	6.140633260161187	6.875480709585825	3.2343931877775134	4.407036862790903	2.602749392501699	3.8547687469780856	0.09494625521447354	1.695612334517227	0.8537783475319984	1.1495278672921887	2.194991838158069	0.20694229202053488	2.1713653983888466
4.015617386916889	6.147675698166453	6.827720513522796	3.3355725715604145	4.353617675071176	2.65050958856489	3.8547687469780856	0.09494625521447354	1.695612334517227	0.8128522970011887	1.2193548462203736	2.206007047599433	0.0904253019418138	2.2848818268139173
4.599779951935321	5.9845611189586005	7.058548522098558	3.525792548795157	4.353617675071176	2.840729565799678	3.8547687469780856	0.09494625521447354	1.695612334517227	0.7719799435201941	1.002855624490038	1.659042881005588	3.586483475223132	3.325732491622419
4.733611338039277	5.931141931238648	7.097760356741059	3.566992912536995	4.448648394706503	2.9353491172613295	3.848892914059711	0.09494625521447354	1.6070463726029338	0.6090262174619256	1.364775092923207	1.6826691422625866	3.693960008617604	3.3774337658332336
4.872022975015906	5.821809883028702	6.985520377986728	3.7083124800577822	4.448648394706503	3.0312358035724394	3.848892914059711	0.09017463744595179	1.6070463726029338	0.609082650269793	0.5373509204743099	1.8581609405851054	3.169848796124913	3.7028260339128236
4.872022975015906	5.821809883028702	6.938575874347241	3.7552569836973015	4.448648394706503	3.1210268586813448	3.848892914059711	0.13302118891471917	1.6070463726029338	0.60614621220872	0.5230041304866778	1.9562950949085072	1.8563260752995996	3.849520649282709
4.933909418546937	5.759923439497648	6.844929020585643	3.848903837458933	4.448648394706503	3.1693126561181986	3.9010855243234595	0.04918634879979177	1.5548537623395435	0.4463486343334587	1.8876582310186816	4.508028201718005	0.353077720667075	2.669292028361675
4.906865410831375	5.644827797353933	6.756116834815444	3.795576373369868	4.501975858795441	3.1693126561181986	3.9533431753231323	0.04918634879979177	1.5025961113398678	0.36573108389703973	2.2424654477814965	5.028301303117516	0.06602768160861933	2.438958112774464
4.567848067593127	5.562616208761046	6.392399906278636	3.7380643700756346	4.5553137475428525	2.977946720967457	3.9113572593382933	0.04369682953018231	1.4842481582652851	0.2827925439836779	2.5941019669087475	5.055886085377913	1.0735069846466085	1.8447513970605105
4.7248551844037845	5.489038881556998	6.382853315465425	3.8310407504953967	4.457533736939486	2.7911225322934605	3.9637450951050344	0.2663756303042108	1.4318603224987623	0.12208787010533644	5.204109365988485	4.592816706644223	2.9346019320808447	0.4639711110042569
5.557184149741422	4.949312604232114	6.441957982968768	4.064538771004916	4.404425869609166	2.6596681646843363	3.9637450951050344	0.5782201510924697	1.4657725705594506	0.11972948853800164	5.605677079721361	6.345318100057463	2.5311723433734863	2.7078639302940855
5.824112431426501	4.828362883917077	6.4958277928618955	4.156647522481867	4.404425869609166	2.5750363521002653	4.01619807420435	0.7549607151533577	1.4660927183811665	0.04007126883908325	5.234906660594185	6.777838422701166	2.7927559470910537	2.360078063461745
5.947042947781593	4.878935943627141	6.4404275922027665	4.385551299205722	4.404425869609166	2.5407990180966444	4.01619807420435	1.0203470055136636	1.44716946312006	0.001924819383767018	5.4545259160351955	6.389975575399316	3.082376979901757	3.217687802717524
5.690656963659204	5.03397692950029	6.387819412547169	4.336814480612174	4.404425869609166	2.4484339305171092	4.01619807420435	1.1047459647470965	1.4660927183811665	0.04269550969091254	5.428969914146561	6.0596047755292215	2.273999380129799	2.741001103960466
4.355652747558603	5.917650679928456	6.304893223226958	3.968410204259881	4.6242288797426445	2.1693378112751134	3.9805903536420746	1.235240817770719	1.6074339057733176	0.19407422498224405	4.626982015670537	7.71225802907802	3.0672005258916335	5.2068949379632095
4.629579760370112	5.491792120023792	6.0424285893009815	4.07894329109308	4.792394456451916	2.359641001295611	3.969627923815069	1.3266334464891503	1.6260867183640288	0.23259351696571018	4.5861778064059475	7.990584818739688	3.5420358225459494	5.4866239520028595
5.720473905996247	5.02494106650466	6.337124999918305	4.4082899725827085	4.528035446300798	2.264839327100407	3.7272178081962215	1.5403079576950398	1.4691208951955015	0.10855056674387441	5.194960593702039	4.657827093064676	1.5563084992665712	3.3387992809668123
6.176982477379394	4.796486876342656	6.378771915127854	4.594697438594128	4.427511368968188	2.2649514202564895	3.6028486438941334	1.587459505487514	1.593490059496911	0.1471703144743891	4.976268232959724	4.634317987306293	2.268884990666635	3.328770428086164
6.387045209551505	4.62876413319114	6.28401994275888	4.731789399983783	4.374832529593503	2.402043381646193	3.567054748313381	1.548784483413461	1.5770466034892692	0.22580175102203812	5.081413348634328	4.8479779296683825	2.813705239788033	3.3233955272092133
6.4714712714319065	3.700083113517325	5.928076656805163	4.243477728144111	5.1678440220176505	2.50187266346769	3.666529316491182	1.8893245494259001	1.7181577535244308	0.2658104568392435	3.7910497728552137	4.68231547351969	0.9490999854586747	3.158582240923625
6.63111708249285	3.3777342794989957	5.791386403188085	4.217464958803925	5.330985600067936	2.5539899618256894	3.7443722091188496	1.8975133068951815	1.6819627944527866	0.4243422040640394	3.7232260895098834	4.818515555149758	0.16116662822002864	3.9607737964126972
7.36177442080895	3.143021455224625	5.786796289656936	4.717999586376699	4.3861136827634235	2.2068771743674502	4.387564762576663	2.5109149831951676	1.706358013943819	0.4620252581732557	3.1569862939905238	3.7918526624082807	1.239593837873552	3.834843866442271
7.5712390274712575	3.086042376330935	5.782762919970973	4.874518483831251	3.9101243903338028	2.1767292692387246	4.574607813932261	2.6051790403562545	1.7683010566483994	0.4609719986250278	2.9390263296605212	3.855542763018401	1.189748774593463	4.598916885097379
7.907751889540049	2.800569164713821	6.0165205495819	4.691800504672023	4.200820245504955	1.7414401286495138	4.269625855915043	2.7658031542502344	1.6791360289652848	0.4220187944443039	2.219754679706403	2.5817641967453566	0.26810599870217566	2.731291364703361
8.021242498679602	2.8440944931242518	6.171423707091044	4.69391328471285	4.228217743534642	1.6917700651111767	4.179433311904814	2.675420032446372	1.642449732097726	0.4248513941729228	1.7880949984742094	2.4601224099790646	0.3890311140501431	2.7252425321753964
7.980664308109158	2.7158732584013894	6.011921622267836	4.684615944242707	4.3062902457668315	1.9685730540122888	4.578784522716423	2.428824086987655	1.4420548210734385	0.5881900968346971	1.1063811272936124	2.1778138451444153	0.5093262785840926	1.7072361495084716
8.204679290030795	2.715577969640256	6.052733905858405	4.867523353812409	4.323894543922056	2.0287306688983113	4.504413687411887	2.091256754944444	1.2625075528772363	0.7492120606796743	0.21339150236634216	1.0514414005345287	4.3901744960477425	0.7139681658975375
8.176042717552427	2.7601886818641215	5.926045599708856	5.01018579970768	4.224605795033311	2.072104365905102	4.609747014431789	2.091256754944444	1.209476361347614	0.7468663810372573	0.42936887760472237	0.8892432531016432	4.708516395515577	0.7316555857853877
7.803045674833902	2.5484588100154566	5.65281104479714	4.698693440052082	4.211368468351278	2.1024009702294584	5.06308908824809	1.9190486125927078	1.0656951332189022	0.8269607300270831	1.822974141318592	1.055978418027975	2.2065426710725657	0.015211690371034987
7.532436357107275	2.461305578295674	5.593465257329927	4.400276678073053	4.293805137787437	2.0916271648078775	5.324426481360943	1.833577107451194	0.9240925220857734	0.8269607300270831	1.8332929532433124	0.6929192586806799	1.4679773686139905	1.3940492138420548
6.184381228233733	3.514546456070771	5.697483090641016	4.001444593663445	4.369158537452469	1.8046312645861822	5.431352140662039	1.793334277581255	0.8536496473075399	0.8274067999810255	2.041909535087826	1.7721540426203635	4.007784975809453	2.3432229216830733
5.221333239761286	3.982729502769552	5.4521043611078275	3.751958381423156	4.466612413745305	1.8522832291894138	5.737456311980865	1.7130126077725258	0.7472297765395023	0.867983670078039	2.2190121558308618	2.175896315435064	4.201175568718783	1.9055683698008394
0.22060834306763036	6.764505794964772	3.895792558067352	3.08932157996799	4.502238331465352	1.7185192682200505	6.297215339037181	1.6716954334471443	0.692944009632232	0.7566000017107295	4.559030788336143	2.4793990567987074	1.2382954527584076	2.660532378301491
0.6641056306113227	6.438032444682011	4.0524562101396855	3.0496818651537634	4.461084518634662	1.845378790984293	6.3562237762620075	1.5841522290106376	0.7090800366615315	0.63794222620927	4.196662271040776	2.080836391508797	3.1417491442274628	2.8161286199128748
1.3155325778769722	7.262048332974911	3.501272548407467	2.4452432066907757	4.551277295047485	1.8461451838977596	6.710868885204592	1.4982631757983385	0.7971675109248889	0.5198706172170078	4.2426294700607645	2.494195726062679	2.435253764956724	3.546809434612192
1.873435185335428	7.407095464928859	3.4015910695064564	2.1320692100870264	4.556341135952395	1.7175241105561794	6.849084215503639	1.4569894237403076	0.7971675109248889	0.44270056880235925	3.9543031669026663	2.1313041352795765	2.479281807041853	3.906278111362224
2.4214813906959143	7.213826956287988	3.920170958291598	0.8721746073002072	4.801185605841305	1.434177600625171	7.418415416477616	1.331643459507395	0.8328880670908103	0.28537765446735347	4.661503670393342	2.9318882433327884	1.5349712085434233	3.612339977570686
2.4791354212814425	7.417503353260529	3.969940216099044	0.9684277158800029	4.610891044106297	1.5727745414857461	7.555184844073421	1.2892996272268074	0.8864132012303695	0.24603445884600394	4.72168140202277	2.7858658769455658	1.443123447690075	2.967010393485139
2.8096604712168927	7.643943500916919	4.051331848845932	0.7829511808537367	4.376364277140873	1.2045889072179798	7.649917266850487	1.3723989825489398	0.9389089448112976	0.20584985858015187	5.209764727136438	3.065585673121319	0.6751143825145538	2.787652051287534
3.198859397702666	7.688203134797256	4.580149680331087	0.09080594323667456	4.688560857243877	1.3718176174822987	8.130221750087923	1.1985498326198352	0.8697946568007157	0.05075665133991505	4.392433392358568	3.2254029843670784	0.9507826318361723	3.0894025605231303
3.2871399129326737	7.700971879354942	4.914528540576008	0.5006965741543437	4.316304017610735	1.183082034077012	8.54872306091205	1.113034572719347	0.9068184894389794	1.0650815026581202	4.2637549377887565	2.8621536045541265	0.8278149894897748	2.76152718144477
3.523730392551519	7.5386816568515504	5.0549230454897325	1.0399717811895264	4.855286166151424	1.2197407384247538	8.350159271082745	0.94552376976256	0.8569018310625363	0.8364641100728207	4.417783820179276	1.9765228391115512	0.6500991673556633	3.818878592703672
4.00723965708532	7.71800576263687	5.9432599901033445	2.2324938845516753	4.1687829599377615	1.2074366340308655	6.299334012331208	1.0183812312298013	0.20742258973113065	1.2200402660250167	4.1756226990104235	0.7746213230931623	1.0608707282952523	4.126501440749115
3.882700242895593	7.488943816574512	5.562993849168849	1.9567502754899282	4.1996359784298	1.3719140898772804	6.7510908924992155	1.0779438270325175	1.0506908842527922	0.9856117885117989	3.2738088975524127	1.8212941802091935	0.4366193782884743	3.433024183858848
2.36445130882673	6.819337837629458	5.540780435724865	1.0858939069223286	4.615967802725314	2.344106810165085	6.779642591364244	1.0392823873549708	0.6881316124731192	0.6602915673390687	2.1642652285126025	0.6579496892750788	0.7835976793017206	3.650156033314522
3.854136814421547	7.5780211356099345	4.9418990498329265	1.2180147286448006	4.0921217917174335	2.2233046079145584	5.501008644182947	3.0260156780848004	0.4420633146675092	0.7725231806936451	0.9915427335203604	0.700295047444659	1.0892474122145557	3.69014097810614
4.686415965338288	7.5967031823493185	4.917672285111725	2.007385068100664	4.481922253605859	1.78225580582374	7.362827107898482	2.5868456812542813	1.1797262985382144	0.11985075882278148	0.5768309970029387	1.4156379979741933	0.946368961807046	3.733102628552925
4.7623849872615995	7.6466548890617085	4.8355009082909834	1.9512310064909566	4.6119775165011445	1.8806188128035406	8.035826325339562	2.1961630496023674	1.1035421535991692	0.6677040081751436	0.8530725896525537	1.2671088110218103	0.4135064322408295	3.4546630855235154
5.109376078103965	7.726833908756155	4.830187737592399	2.2127299069403064	4.782927112371306	1.7900695082237261	8.56164780178542	1.8953993424440028	1.083465320619542	0.9970927289869469	1.1187578404170424	1.677717408828791	0.14675122204648497	3.38393256795969
5.356448213572922	7.719450440109092	4.929851514233741	2.5668492876974556	4.825012928617964	1.6984539321245966	8.8409744423641	1.926083381759713	0.9133750729443272	1.6964344640244051	1.1950674712655072	1.5302710522510943	0.5368853134513464	3.6851281911283174
5.532213311750716	7.670659885624363	4.92190730169925	2.7834607278256653	4.776433928041799	1.9176455948691358	8.985929048551194	1.4875226967265487	0.7063337103598061	1.4120209301930073	2.2419428952785663	1.349945309552235	1.1967784799072334	4.657818305506395
5.616414605661511	7.592335475501983	4.981220300984225	3.0052994311437375	4.734148327075318	2.361982862342678	6.956095016222756	2.149402664988309	0.5982841072578629	0.19502070247240533	2.444828884829092	1.2678132671965217	1.4372513586277889	4.600804696893633
5.577407861024831	7.5581045216494624	5.136359578688143	3.1556629180634905	4.692254757369353	2.395972075986739	7.078479138826608	1.5769226424282823	0.4758999846543611	0.12327354113807627	2.30204841867238	1.6756814401203655	1.3247365302871845	4.320963209431065
5.725189091759556	7.600069126233145	5.132098216064006	3.2572181815903263	4.606923574332485	2.3890228075995097	7.426078300809183	1.3155146187909266	0.4461293390904066	0.18876987596834144	2.059613562922482	1.564899835842006	1.2870631967029436	4.276324505126687
5.637645466580216	7.519926261160537	5.0857011134526156	3.203420318872387	4.6055860772813855	2.482441996352231	7.024011589664305	1.7936785692881023	0.2627010144600482	0.1725795644135261	2.025737858031035	1.8705472247037374	1.215009231322327	4.278554822963079
5.649333405689831	7.519926261160537	5.026255773534145	3.1556629180634905	4.7348463572607535	2.530199397161261	6.942677824567674	1.8809564641565235	0.2976195926619284	0.01955692655375476	1.9651369181402374	1.785929076550295	1.1323459977540136	4.141344957631816
5.649333405689831	7.561890865744193	5.314040714210548	3.401483254156099	4.605509135185436	3.4803710434694572	3.0189291262816043	2.676556666339126	0.18201951517977186	0.08773895589985023	1.5004464034535838	2.589266008451784	1.8663703462246322	3.8713976494254316
5.591201149711792	7.503758609766151	5.459054966835308	3.5464975067809803	4.519805973214904	3.425301329221566	2.6483595967510585	2.793009844653718	0.26319537914161506	0.3018095612282806	1.3567322591291369	2.9095157866095103	2.1693744506090185	3.791101693238092
6.125913979261628	7.858662428962093	5.350874175843935	3.6181257261435227	4.466721125145744	3.101153146966151	4.793705397755019	2.4472330233118993	0.1265928129627586	0.4519940876234172	0.6077963484634328	2.072306477286657	1.87246399533231	3.042178119519095
6.258283855724145	7.949340367419763	5.350874175843935	3.6598176641483438	4.55132980900693	2.91841947748941	6.532428022454505	1.6076609448511716	0.3050655045419258	0.3299167114736946	1.051560285356233	1.7009553418790764	1.522288291810641	2.5714715488357758
6.258283855724145	7.9077188387824435	5.30261754284762	3.6531825597892746	4.678465077018561	2.8737960899089985	6.95720312185394	1.3062578913374816	0.1791053401863245	0.1445931120549134	1.169651932472247	1.543497118646689	1.2583083132161872	2.3276858030588476
6.033971330535281	7.707029084420823	5.16269974613005	3.4896419922445436	4.686114360372337	4.009567645138203	3.409934808701142	3.6732294602227706	0.264443021166158	0.24157699217403064	1.3029044818892352	2.0927280551911336	0.8219441388492614	2.265694585276843
5.660634787098401	7.342333322946143	4.866862763093804	3.185164227246218	4.870111882836699	4.640560817103254	2.579855062813985	4.09444474141696	0.29173893276486457	0.2280500798853861	1.5529519950035042	2.679910146005963	0.6521217609856673	2.6760797021346425
5.75691909086259	7.383477667385331	4.864514437760454	3.2379558612377104	4.871757411995297	2.966958142467084	6.774116153746196	1.6455004471405152	0.14150755196996614	0.8146929952173031	1.1673874066193022	2.5160169646299746	1.0065470174170543	2.658980869545881
5.890914488830336	7.510677751745534	4.911716066730091	3.2919528038148904	4.867504615968935	2.46191258055358	7.934245661095011	1.162007463950395	0.29974013791476795	1.0205267015625905	1.1084561004158149	2.359136207988928	1.0781718238349434	2.5987916916067237
5.856229547912398	7.4155364528587855	4.851259708761354	3.2919528038148904	4.7817333204462225	2.5517922858776605	7.631256664027985	1.5865442259737812	0.5084460406137649	0.531473858778692	0.9511745479636222	2.6297482130089023	1.0449793611794407	2.8287277365543284
5.858821632305668	7.357774381787758	4.790905553296967	3.2919528038148904	4.82458701202191	2.641943722976992	7.229468983567053	1.4537307841072455	0.2065142122227197	0.08166834091547259	0.8182764923548974	2.675459028084067	1.0731554668589807	2.8332102958359906
5.9047514440399205	7.366854542523471	4.849995666913703	3.3878925684303294	4.702173054157053	2.5985164954917526	3.8024716073033784	3.497778779104221	0.8716674251556956	0.44769635965664206	0.6517344410537772	2.787019209079028	1.0502606929459684	2.9329382174941
6.0112132764852895	7.383477667385331	4.801371314089499	3.429106923189481	4.700724980343034	2.6458331289613612	3.3419500428451356	3.753624577235834	0.5997941713274446	0.3236333011211084	0.5955378344752447	2.7919172876858918	0.823086399938376	2.9864606489254513
5.915362125363139	7.420781486650954	4.981866020420413	3.476446659132591	4.658126179247171	3.0562214220909425	2.207646605745834	6.2100374586945275	0.4585133111238068	0.353552805059277	0.05685515303521655	2.8510380487606555	0.7636110974171572	2.9124264396123394
5.961145971602872	7.478660167676707	5.041382621004178	3.5238684249302947	4.573119078504346	3.2402770525991866	2.130129051673819	5.296973040575355	0.6064234854678192	0.3643788834143363	0.011786021412040576	2.7416191165888995	0.828920364490035	2.790912672654601
5.85146958502631	7.429919945179897	5.151059007580816	3.5726086474270455	4.621859301001058	4.131470475579013	2.0889103941339964	5.322952590346609	0.5634389884059937	0.07066503999535252	0.695166465588843	2.9659172910009155	1.873494188250537	3.007116871747886
5.86377137064803	7.388787515430237	5.089114574740389	3.564098429958085	4.662991730750703	4.415795977484988	1.8450247805280513	5.250442640398888	0.28005451899549016	0.3331801780999753	1.048645655183642	3.074928749752267	1.9747614983995707	3.1155264918428487
5.7074530077809005	7.384919352183546	5.140619567119066	3.4631532227162953	4.66164571598623	4.654001892898852	1.805708349784166	5.3175460195446105	0.27727535788752106	0.5624204166920537	1.048263005753105	3.268441424735904	1.5377136770968707	3.153123947435156
5.696450181156514	7.422038590500893	5.188741632060764	3.4631532227162953	4.704054206113715	4.509812939032762	1.8019290330303614	5.261221580966598	0.394642744103377	0.32159985055650864	1.3095560543457632	3.2158439398790173	0.4903474953519576	3.139912680032185
5.696450181156514	7.422038590500893	5.235995466530901	3.5104070571864603	4.704054206113715	4.606748058428802	1.8019290330303614	5.418193724875483	0.394642744103377	0.11808411700854718	1.4948124603581199	3.402936801067552	0.31038492095931824	3.37703760180881
5.696450181156514	7.422038590500893	5.188741632060764	3.4631532227162953	4.704054206113715	4.12847602734445	1.965586958339166	5.405731859188937	0.4778461919086577	0.31538161434452033	1.2517335985815974	3.469090787273005	0.5871484925508045	3.4431915880141464
5.648430043445784	7.422038590500893	5.18958979657656	3.4159812495211543	4.704054206113715	3.9396350131152738	2.047747205730251	5.4927644422931605	0.5600064392986424	0.17471669466919307	1.15895084654157	3.4573649069346577	0.6834534524982256	3.3834455699648522
5.688367046608619	7.483502055569856	5.12892135336967	3.333786344408583	4.621542111849954	3.755642404239037	2.0506215721118157	5.838128059646719	0.6003462824046863	0.10965121904409134	0.33673555543633243	3.403079159386854	0.8332738252643385	3.4397502586146116
5.6531022203481065	7.524704576115069	5.1170959189561325	3.245493563189124	4.66547299834364	3.712637227523947	1.9680524779033897	6.0780408229729	0.6817614842428387	0.05229652990946284	0.05358211038762151	3.385091711358888	0.808703571613833	3.3864979843259664
5.713520341528318	7.5659773240403725	5.009669100942754	3.1572121184308752	4.624200250418524	3.712928152765537	1.9680524779033897	6.1748281924993	0.6817614842428387	0.15047086319341352	0.12120618056495	3.3311292519697835	1.0230544449053462	3.442765858775832
5.773837655907012	7.614741133989093	4.9493517865641765	3.1084483084818726	4.575436440469651	3.666281025988764	1.9680524779033897	6.221475319276001	0.7226132872931151	0.018226600494196877	0.22528380931893843	3.2708119375913576	0.9888169838326815	3.442765858775832
5.623156673965259	7.4994134700399036	5.03432325529855	3.1580664592238934	4.618098678967998	3.15405538403513	1.966671825843305	6.634013212553103	0.7638948737313036	0.9196818174433493	0.1820820409073595	3.206812221337656	0.9589102348986486	3.4427090549186614
5.244859867238238	7.4994134700399036	5.272067914966524	3.017514312164756	4.618098678967998	3.246300079056843	1.966671825843305	6.6323163457133	0.7638948737313036	0.7864361593835333	0.5651436415456759	3.2487022393525096	1.0378488584835235	3.2544304064583542
5.31677845286278	7.453374600046895	5.058728105885967	2.9221319587018915	4.612195025676808	3.2929889052029435	2.045259283126406	6.6323163457133	0.8050209753154427	0.9845525400772348	0.16411858857448286	3.0820512564181093	0.696275487208628	3.3035899360950793
5.256972669683891	7.363396571566694	4.883005619265602	2.776581717382884	4.702173054157053	3.3915223347067673	2.0895667840491394	4.7583249409773085	0.13117716776848923	0.33239583546946616	0.06503753889498194	3.4516089482159202	1.0929165751517926	3.920327187420189
