0	1	2	3	4	5	6	7	8	9	10	11	12	13
7.207603140088541	6.35000049273805	9.20404615332987	4.353557479496637	2.6973923961585187	2.4007499838417377	5.137366157825766	4.3018322581638175	1.4925297210391604	0.7948541014478439	2.5254369645290367	4.483845185256629	0.3991221483311381	3.8847932001693737
7.053843432372327	5.760569903362813	8.446380236649496	4.368033099085521	3.9134909667114686	2.7801208159298936	4.918500561839758	3.249340613567233	1.4594421352647298	0.3893802495479136	2.5778386890494542	4.432674325101729	0.45371442988179106	3.795556051039979
7.1653234514720126	5.698239270187071	8.543665685203406	4.319897036455669	3.9574901100908972	2.6386528385773347	4.825352032536378	2.7982884399899985	1.4594421352647298	0.3644567137128388	2.4663586699496	4.3814329289068645	0.49781180360663846	3.846797447234721
7.216594290812311	5.696030498838768	8.592198193750752	4.320426595900297	4.305259344902363	2.6325835077097763	4.46455361332178	2.5983039632399443	1.4742083858095447	0.2985131250097107	2.4150878306094605	4.420911858449812	0.5445817370411392	3.8541888155865522
7.267973159304318	5.644651630346735	8.640657354240583	4.271967435410542	4.305259344902363	2.4565497469060356	4.46455361332178	2.4107471189510976	1.5250675661005997	0.13285492428791967	2.416269932855976	4.4604615401868974	0.4946129836250559	3.8146391338492247
7.328234890534683	5.486178445200502	8.446380236649496	4.368033099085521	4.319448797045437	2.436964669294768	4.4613857991061225	2.2653694495501218	1.442743350329554	0.00894179191894145	2.3073005601049577	4.4604615401868974	0.589942672878052	3.8146391338492247
7.231176965074804	5.497203311788479	8.360830909096284	4.367549367766909	4.267374602699317	2.444191865674336	4.6138537904942565	2.1865610702862965	1.3915864179292707	0.18718771431277242	2.3675622913351995	4.474943934126749	0.6340523711921	3.8568982570697337
7.291438696305225	5.435278417871077	8.36631746237677	4.360399651799494	4.3531155111791096	2.5244324564912257	4.565808928290547	2.019329344466992	1.457312152990785	0.07519546486971809	2.3073005601049577	4.474943934126749	0.680606609680468	3.945006632427183
7.28080856997964	5.475690413931492	8.260634096178219	4.495864887732934	4.37904989080307	2.612045995799525	4.490722111117078	1.9796813809391218	1.457312152990785	0.2646427973694696	2.3510250833441053	4.455573366312558	0.6281416449527107	4.038155405806009
7.289515076646344	5.466983907264905	8.260634096178219	4.495864887732934	4.37904989080307	2.4850429895269452	4.490722111117078	2.146581490611773	1.3893153551924842	0.18959381062121203	2.2936933567821094	4.467194457208796	0.6767668648481993	4.026534314909562
7.2383000158033255	5.4673891663220315	8.30928728617036	4.396401895955021	4.3880656268426685	2.267934490017566	4.496483293274748	2.2766382188576126	1.4253482387812737	0.26494060017195054	2.39727772557073	4.388232861220407	0.6243975569027627	4.064039380899295
7.275055562678303	5.4673891663220315	8.302987379560617	4.43945734943973	4.3880656268426685	2.310989943502056	4.583714427684868	2.354987378684777	1.2871574542957123	0.15139664671979441	2.39727772557073	4.255976726048875	0.6243975569027627	4.233051062945701
7.326270623521196	5.365451333552048	8.217095309913134	4.474626647160119	4.53105724421531	2.3986134667819923	4.52739100386241	2.391598837319918	1.1835779450696449	0.1158117211089974	2.3460626647278633	4.255976726048875	0.6243975569027627	4.233051062945701
7.32152960050537	5.314128970499862	8.252503854932945	4.383154716072151	4.53105724421531	2.265987208778103	4.52739100386241	2.392804779523936	1.1835779450696449	0.26814288428334765	2.294740301675745	4.19991333998078	0.6243975569027627	4.233051062945701
7.4696122996661405	5.253484004597847	8.337708379360487	4.385387924903453	4.429859692589135	2.174555341927478	4.577865783561575	2.398956099636714	1.1328246576562053	0.2313519006400417	2.183372563846436	4.19748191140804	0.6243975569027627	4.225664593956219
7.529442464119916	5.2427221394619306	8.337708379360487	4.434456224221331	4.338997327524799	2.133465326320501	4.5684847619465865	2.4384919927745514	1.1839997450180704	0.38272659339457804	2.1758229632046233	4.146334603357662	0.6627884274998393	4.2768119020067
7.6120655111440145	5.072664235733874	8.258065926684324	4.426663820193625	4.440206004518278	2.13536438877154	4.569171067686745	2.4411218403964092	1.149474485082548	0.3061701276166577	2.060120878990328	4.109619642025892	0.7055669807733472	4.318260624276926
7.634786839379099	4.962522903494747	8.221279090657774	4.376030652216238	4.448985357094834	2.092366104090347	4.611024883087721	2.4456679912706085	1.149474485082548	0.26667663104098505	2.052709984656166	4.072832805999283	0.6534697108456942	4.3648012908993765
7.597927947812116	4.962522903494747	8.135939509574225	4.42451134173265	4.407057639447467	2.0977869349442058	4.652952600735068	2.4502220861918897	1.0986965316236528	0.26538652867627727	2.052709984656166	4.075101361978251	0.6998125863523575	4.3671977285181685
7.654053880821183	4.86289986482307	8.192065442583308	4.324888303060961	4.506680678119034	2.0977869349442058	4.565808928290547	2.4502220861918897	1.1516515689137103	0.227126759211033	2.0562388104154263	4.079991051163758	0.6962837605926034	4.418433972341827
7.617153978381486	4.812437317603653	8.112319546207575	4.317271749777662	4.515141454558636	2.0975114126254453	4.484500617093992	2.5333003493822677	1.3257642419515452	0.26708350614528725	2.0562388104154263	4.043091148724014	0.6962837605926034	4.418433972341827
7.617153978381486	4.812437317603653	8.063775336397496	4.3658159595876915	4.515141454558636	2.146055622435407	4.535680489398582	2.5333003493822677	1.2745843696467825	0.26708350614528725	2.0562388104154263	4.043091148724014	0.6962837605926034	4.418433972341827
7.580181625046497	4.861516176175932	8.069639873485839	4.372057927736636	4.415532308847471	2.0600354745940948	4.550048863661714	2.576483606800465	1.2599436914609057	0.30534327561279206	2.0562388104154263	4.0452972047337115	0.7425551392539395	4.379255562997294
7.580181625046497	4.861516176175932	8.069639873485839	4.372057927736636	4.373442667252989	2.1010517487854377	4.592138505256338	2.5354673326093957	1.174927993323546	0.26708350614528725	2.0562388104154263	4.0452972047337115	0.7425551392539395	4.379255562997294
7.594753566133716	4.809899248150283	8.081148199870142	4.323504614413763	4.415532308847471	2.093576632321419	4.550048863661714	2.534399659598217	1.2092017461247224	0.23042513053961775	2.0531021691728673	4.008252217795203	0.6940748524711035	4.4208469238852866
7.538534052375975	4.809899248150283	8.024928686112437	4.323504614413763	4.466062595986437	2.1347168498560913	4.499518576522814	2.4932594420633487	1.2599436914609057	0.15355666486493674	2.0496553120976904	3.9520327040374665	0.6975217095460664	4.4208469238852866
7.501385120770033	4.809899248150283	8.030698372271546	4.2805859966487025	4.558654955755045	2.133000568350142	4.40692621675417	2.4921214761026285	1.2599436914609057	0.11655250085339999	2.0496553120976904	3.91488377243157	0.7417921654696791	4.4208469238852866
7.624000851276749	4.70772704375449	8.044178348294798	4.287549546736354	4.5572712671078985	2.223043320116677	4.355723445053256	2.4879491437596486	1.311146463161668	0.19684305884072517	2.0434890853045355	3.933943609895253	0.6887444670077612	4.4625058811618405
7.675940316872673	4.655787578158545	8.044178348294798	4.287549546736354	4.649835586810531	2.3092533920233933	4.263159125350526	2.4017390718530516	1.4128123197748006	0.19684305884072517	1.9915496197083289	3.933943609895253	0.6887444670077612	4.4625058811618405
7.6907238073702215	4.654289243497485	8.006914359535601	4.3380986913319886	4.650011099187298	2.2679805922092733	4.263637240078968	2.4430118716670424	1.4635182161343838	0.08086403033860412	1.9883298930637407	3.935928237218598	0.6399167143961696	4.464983939515876
7.712861392069255	4.594814300838778	7.969577001575988	4.3380986913319886	4.650011099187298	2.310989943502056	4.351043612000553	2.4000025203739113	1.4782635475293113	0.0405381768670603	1.9777715440747614	3.84724627555588	0.5447225137746959	4.516328543218796
7.6681312811973905	4.50242130276351	7.889183627344648	4.281368956616155	4.707837991833335	2.2697522156693783	4.356790047178742	2.444050438465178	1.5655694748218647	0.038497348314930235	1.98509074269282	3.9004989417741385	0.5447225137746959	4.509321948714697
7.6681312811973905	4.50242130276351	7.840548449641612	4.330004134319089	4.707837991833335	2.318387393372263	4.356790047178742	2.405499104680752	1.5655694748218647	0.07704868210802171	1.9329637618738995	3.939888427458072	0.641260139278334	4.423346751276005
7.690135833711787	4.3949015325509695	7.656720201157304	4.428317165105316	4.806681808183084	2.3785318886920335	4.342115665275949	2.4916982057247696	1.580658504798054	0.07704868210802171	1.9224746438815103	3.8904623318029707	0.6795626172137101	4.561263231561542
7.690135833711787	4.3949015325509695	7.705574504101295	4.379462862161344	4.908531554809342	2.4121502532173085	4.240265918649726	2.40922553825572	1.5466099567227658	0.11596252586031955	1.9224746438815103	3.941863924444947	0.7242587767785914	4.594187460086629
7.757242562372466	4.3395708175812855	7.716797093668784	4.380016286284866	4.910233624720798	2.3633690856100285	4.18922925700741	2.40922553825572	1.580658504798054	0.19394223574168679	1.8668987502463208	3.904305346405266	0.7647791581155966	4.594187460086629
7.772105674006054	4.287075015455924	7.6791644031769	4.380016286284866	5.003156478376949	2.3633690856100285	4.096306403351415	2.40922553825572	1.580658504798054	0.1549270227932948	1.8144029481207566	3.906203621232231	0.8096930360066249	4.507966879321436
7.801936364882563	4.2323967470112915	7.603675936298748	4.43065717559494	4.994252582671449	2.4065051934717707	4.090643651626151	2.3259689925780753	1.5445842629189732	0.07987563049634823	1.7090837903660208	3.8307151543539986	0.8997393610822478	4.550226016211981
7.801936364882563	4.283124838917524	7.603675936298748	4.4813852675012775	4.994679997956434	2.4065051934717707	4.003413902555555	2.3259689925780753	1.580658504798054	0.042531479277068254	1.8104058111663694	3.870317088951471	0.8435500307379105	4.510624081614609
7.854760223819345	4.230300979980506	7.603675936298748	4.4813852675012775	4.994679997956434	2.4478374856469585	4.003413902555555	2.2445702569041717	1.580658504798054	0.045203038253939246	1.7575819522292155	3.870317088951471	0.8887559020415452	4.510624081614609
7.86983778698126	4.128037398407712	7.511129733846265	4.48674545154265	4.918620679609906	2.5025275362394432	4.092664218583694	2.2059607738641835	1.6167973736676815	0.006124615697512298	1.7539219079435344	3.8721339943133115	1.0674254112889523	4.5981428670623
7.816266773079951	4.119381287700474	7.34914742859773	4.586500632182843	4.639322102918388	2.465124806267543	4.336296536806804	2.2536371575319007	1.6016455908051435	0.006020196395057985	1.7932643629559823	3.9015723040178645	1.4740115533070655	4.672962190894174
7.8756309937922016	4.060017066988369	7.343136447710363	4.592511613070159	4.588226659567696	2.469258783740704	4.351146530097968	2.216796594667439	1.6038424927894883	0.04473776265236129	1.8355157943253548	3.9015723040178645	1.5578184885689634	4.672962190894174
7.857168510425317	4.109344332411584	7.4226408726602155	4.543871970176701	4.343805402852024	2.53910146407228	4.7369421509391065	2.04898700601911	1.3106948919361276	0.032646269954853334	2.134699697760294	4.1054438701551526	1.6802350338162906	4.7518444185611886
7.762884972134843	4.356670495909705	7.6097402467893405	4.509815221255138	4.399707493358897	2.384277132636569	4.732520190511067	1.9224284250354433	1.0630810941900593	0.032646269954853334	2.335975206719717	4.395912925591759	1.90842468353758	4.982480308582753
7.762884972134843	4.503073891388787	7.8469990312600535	4.418959832263493	4.480203274628747	2.190171278591565	4.71611154186457	1.87927549460946	0.8866646907913079	0.032646269954853334	2.3865231029383196	4.395912925591759	2.002090756361677	5.117753655222498
7.724832155625193	3.9597816515111233	7.223459459669245	4.461154347466977	4.736898397248091	2.859261010415283	4.792218131020636	1.834390084145623	0.9947497661503184	0.07014994259948706	2.538719184839352	4.602810973466547	2.4337832981065732	5.271577018982931
7.777900986383861	3.8053346822167526	7.137129690560812	4.4461059780398875	4.7876401682907685	2.9455907795238043	4.807010670502203	1.7544114954074193	1.0990576244299348	0.009828646158379915	2.587576454933849	4.7775755079017665	2.529011543833259	5.369077031325874
7.777900986383861	3.754776745045961	7.143243658103429	4.389434073326341	4.838198105461697	3.025601732142324	4.791205071903855	1.7069536934009928	1.1490695750325481	0.028838471997086463	2.587576454933849	4.911544708184778	2.674187700546051	5.418107948610586
7.777900986383861	3.7043060327840016	7.100253832332173	4.381953186835867	4.88866881772342	3.0685915579136	4.755337101376062	1.665810905108195	1.150731193556069	0.012304316295954035	2.587576454933849	4.911544708184778	2.674187700546051	5.464946915910415
7.63038359214876	3.899378911059547	7.164636041108351	4.36512646210006	4.94965407076443	2.952728937332236	4.552347800818205	1.6614058273209797	1.2704839286006475	0.011194090087286201	2.6917474657856117	5.118387277982493	3.173554912670218	5.439963431963597
7.517966966086014	3.998148197979775	6.966655636524181	4.54945952754157	5.373629179619304	2.9964544578799606	4.065471375571071	1.6634482516469369	1.3716082266343097	0.08970721501125403	3.0003191999041467	5.557173687902083	3.7410957747570075	5.689992140332125
7.458602745373796	4.007490280913159	6.923982757870315	4.542110268416856	5.5375523692653585	3.039127336533877	3.9515703237036477	1.6634482516469369	1.3716082266343097	0.08970721501125403	3.319410369129255	5.643120547083862	3.7422871305894105	5.557050091244013
7.255189002012797	4.060436802402981	6.822185966107913	4.493439838307862	5.767477812576919	3.073188808214744	3.5670838573971104	1.5421515899890827	1.7148945780230311	0.1670398797591656	3.8458570442101703	5.79591152095998	4.088236291030883	6.0332478091028525
7.163926682835914	4.163295781459556	6.783760488208835	4.5434619760866015	5.728217525484364	3.072178447649707	3.4536036594173503	1.504543615599016	1.8693284748455639	0.24447679698778527	4.004972400851315	5.801121154938853	3.9900314106334864	6.041112423404748
7.125425962672775	4.161935821822191	6.842383524329231	4.4449782601657315	5.624610202718567	3.0180904554150434	3.507308353106738	1.4626365464806383	1.9205910635596817	0.28221742544437045	4.272365154671194	5.886292810209256	4.313605540973416	6.729644522123302
7.0868498138987785	4.260530494260233	6.900642271645932	4.446738036513002	5.4317752640156085	2.87923015584054	3.601548619371755	1.4659377104568134	1.765627520922736	0.32094166495287707	4.3818705064446855	5.74416688624777	4.380500532559233	6.741754100899879
6.9220746192042295	4.4620314602166955	7.066980537559494	4.317125541861509	5.272580677138169	2.686723617249791	3.5607714014058014	1.4199142328509742	1.713821756890924	0.32000576068308556	4.544910738999701	6.3909207230830996	4.575898174136389	7.716975560472196
6.813545803349897	4.514649693379396	7.059108710603083	4.2690867861263735	5.3143928798262605	2.6395637293472882	3.51895919871764	1.4589453439442392	1.662411178917682	0.3174886347783956	4.599614412297216	6.516981185383472	4.802881430625364	7.806098498978258
6.592195988120203	4.617777991506905	6.990635748329577	4.219338231297594	5.263975452560924	2.634378262622737	3.5711582586510127	1.4161638885084775	1.662411178917682	0.3174886347783956	4.712944399749335	7.078758160626551	4.798454165502045	7.400110829052884
6.318519475375805	4.870881541145867	7.01215987451816	4.177241142003572	5.303019319117566	2.539197697149937	3.435563144739405	1.3726961173320829	1.713821756890924	0.2770493492465616	4.818756186709014	7.145849492137692	4.871300339678872	7.17579173237931
6.188085583016792	4.924794434779831	6.976695687452621	4.136184330344127	5.425600486202386	2.581320127486198	3.347006074624323	1.364960563276602	1.626442593834586	0.12208222577070445	4.764689258872693	7.248800634556435	5.835391190639186	7.057064226786049
6.109312192670933	4.975056925975085	6.940995410506118	4.143373708139967	5.364600492130008	2.5388674407241263	3.3936480077561795	1.402953392533905	1.5905381635800957	0.04475523609317293	4.601806760163326	7.460176766923168	5.950710437363503	7.164986003308475
5.87938668628229	5.2375382813568745	6.90861687966149	4.2083080879776835	5.295829012104481	2.4949110196203352	3.362274800036114	1.3206427413418134	1.5733223355427248	0.04599679083327004	4.824443505830466	7.771949571132037	6.13538395949394	7.283521803014615
5.839650846027584	5.437803679780139	6.959966732084111	4.317487793723809	5.136713888688662	2.3620381599306506	3.321124525028654	1.3225787437160486	1.5733223355427248	0.08584795546781773	4.879558381286554	7.678851463095733	6.141651698194239	7.406095666152269
5.78021968645753	5.8484594730457555	7.051066503396634	4.577612656106756	4.826564897275895	2.3132814882969885	3.3670586106256186	1.3187987179217584	1.4863126076630444	0.12324961582222532	5.495815561356823	8.123986965524447	6.341169189348996	7.563227331040965
5.648458485109337	5.9542496373113805	6.998034758516959	4.604673363903693	4.668943030283196	2.2245083124249114	3.4183151055980647	1.237214900950245	1.4350561126908732	0.1630454494781376	6.187913503555961	7.297885174672408	0.12350123588315201	7.2802799483535745
5.660138606935264	6.0574382988444055	7.001440960999063	4.716135944780578	4.472739260871517	2.1384988501830495	3.5107112252176496	1.3193546505875198	1.3837356353539707	0.08458809429781876	6.082641577157575	7.4055423613159626	0.031479142281004756	7.629763596859707
5.676403510651257	6.0574382988444055	6.9699481177260925	4.763893691769473	4.524781380343143	2.2281056198393254	3.5100536028210754	1.2775056279199752	1.3662264158487774	0.08458809429781876	5.913999875467605	7.3710195303573105	0.31456818655335317	7.441470399973192
5.410587084216718	6.161209467167463	6.807902859614663	4.763893691769473	4.524781380343143	2.2281056198393254	3.545712320712693	1.2775056279199752	1.3305676979571117	0.08458809429781876	5.9181329026179945	7.556430665966981	0.2682798428626874	8.079390421807929
5.125358520267161	6.3759416847358885	6.777019669688023	4.724280535315038	4.472898445377877	2.1366095284197706	3.545712320712693	1.3173550297352326	1.3819262072118728	0.08340021401400345	5.915211395944482	8.063910828245856	0.5451285349121293	8.465490200110224
4.95632415251612	6.478823602199181	6.7546784931084	4.6804692616069445	4.525015272361538	2.0923019037272734	3.5965085524269007	1.317851380719409	1.4334527616649555	0.08481253836411597	5.740037047988411	8.528476983596024	3.3417781650919323	7.922186843852929
4.896740466466235	6.542341357146703	6.750786096831841	4.688295726780965	4.573272812513627	2.1381666715142553	3.5443169433771713	1.2758790092089412	1.485054075320262	0.08481253836411597	6.026868903247998	8.745467331996112	3.9997123646415926	7.668392506545178
4.930990059149864	6.4346344975049785	6.853824257814574	4.511800298840202	4.591430707943006	2.0514545427434903	3.5902484235462797	1.1956575725703105	1.5207499478359172	0.12337384942787773	5.742997186305665	8.333642293869444	3.7001138101571285	7.125664581643699
4.94515600383706	6.429433846265945	6.907285917909482	4.467303932193525	4.692019467004664	2.097327686689151	3.5378703136600516	1.1547903348074697	1.5207499478359172	0.12208222577070445	5.673845322748985	8.009145050276155	3.980145295476645	7.200395157057774
5.004495216846512	6.269799740399688	6.907285917909482	4.367009039336815	4.792314359861424	2.139549143048727	3.5895112570177807	1.0726622288187926	1.4174469299560986	0.1619888753975264	4.992097972688971	8.21903741898354	4.4971616003068275	6.701811074467822
5.0126127027792995	6.261682254467009	6.951594158711695	4.322700798534602	4.792314359861424	2.0952409022462493	3.6412164021590305	1.0726622288187926	1.3657417848146722	0.1619888753975264	4.759988231236563	8.217105036677872	4.430847100653981	6.64883195483768
5.343433554933972	5.93086140231233	6.951594158711695	4.322700798534602	4.792314359861424	2.137525047100824	3.6767536727439687	0.99052522640635	1.3302045142294165	0.1644917250034437	4.322284600709202	7.992741412059652	3.5986599020341705	4.838796797181796
5.345097930021096	5.87202108460149	6.94237842357131	4.274740591051288	4.792314359861424	2.0895648396174007	3.6767536727439687	0.99052522640635	1.2964608729862235	0.1644917250034437	4.494784740037777	7.656129843027992	3.0622783899396344	3.7342175293146997
5.0350533837858364	5.974688440887925	6.916291853069258	4.093449971604218	4.8334494584793815	2.035503721293249	3.635618574125921	0.8621149245459993	1.384201149054729	0.24325530650321556	4.258462469832239	7.5986036205827965	2.8281620810849892	5.92711321368059
4.993328780523384	6.07498333374469	6.919184243314197	4.149127870953873	4.7855895233608114	2.033359499481883	3.5831836163877644	0.819642152849723	1.384201149054729	0.24325530650321556	4.14501102073026	7.664706704331907	2.646092944096965	6.289683656267026
4.7078647588575935	6.192711529142707	6.796140027801684	4.104436260198599	4.7742144963797175	2.07361324540631	3.594558643368899	0.7335192209354553	1.3503548378533536	0.20561618816450147	4.034470385974751	7.426080305971349	2.7204314885893646	5.130329673151221
4.605043452381088	6.310861280624142	6.811468472806513	4.104436260198599	4.8151994230656285	2.07361324540631	3.55357371668307	0.7720321613420544	1.3503548378533536	0.12833716057260566	4.563125351298062	7.4387745359861555	2.9190855836905665	4.867072209341486
0.5345317520306817	7.653417773435202	5.396754009813806	2.7911955156510406	5.4277732068262505	1.8383285911182339	3.762417117645065	0.4758059524683706	1.2645285310550551	0.24560724466986114	2.7679118410854757	6.381498547330075	0.4182423831089176	3.7752237787648757
3.603245145871259	7.708314546317756	4.875270079695664	0.7702006792491098	3.7465135656428243	3.4518002111925608	0.9003834490915473	6.133096601275022	1.2981983206757728	0.44516295549076346	3.7479735125950118	5.12149563027897	0.8286829118371457	2.7615696944647916
0.27856704369004953	6.318463278561191	5.198672768671315	0.8412234662010557	3.8203533020286105	2.465644723860809	3.4218533541340914	0.09398403760721012	1.3402017154461228	0.8656042981566119	3.696009028716861	5.182818845820873	0.49037913210185685	2.4017617527512103
0.07951577352994435	6.419540722896161	4.962819188803729	1.3772057605651986	4.209239836420368	2.5742168721303593	4.0750294758925305	0.9335418982452115	1.6016002387536283	0.6465225326818163	3.7508562052854466	4.683204576670017	0.029528233867204993	2.905485523152145
1.1306006496439451	6.292664051355611	5.012473063152351	2.4107916378474163	4.305296192737677	2.686288507080458	3.9245318718253874	0.8409668596715341	1.5550767628197038	0.4068249330475274	3.3154567888632225	4.843631824469733	0.8434259528832694	2.176354275762954
1.7165183177460148	6.598006772392395	5.767559160432875	2.5469659297054874	4.510049891536741	2.828501930432269	3.9601929807931517	0.9925668984948101	1.452581021895024	0.40883612258115276	2.3891181091901754	5.8975930839267345	1.2716033252156145	1.7472433618010017
1.9495876270150188	6.842381149158422	6.110425571278393	2.68154320489503	4.812352100070394	2.7515783855521487	3.857306376447946	0.6724048695062899	1.5049839653268404	0.3699514556785128	2.4715637763505587	6.167075309114363	1.8118132335064412	1.0632167244215003
2.186752513753869	6.780906366374281	6.242512562033437	2.7251463180944877	4.863487250743114	2.623663046754894	3.80607344760542	0.4089591586205677	1.504368080210602	0.4075654807936695	2.3950055168722097	6.217210958331076	1.9947111193187321	0.9816756351042585
2.334178392826879	6.841372395082921	6.494709087180234	2.680841700729281	4.863487250743114	2.57935842938965	3.80607344760542	0.44853519556576227	1.6421853208135966	0.4864215378836894	2.4436013313043	5.60865376552956	1.5547894107634617	0.6424091450134729
2.3201017941842417	6.841372395082921	6.61855294489199	2.54292124437491	4.863487250743114	2.3971042964420994	3.8417394945791603	0.07234266828485078	1.5546354254954267	0.009877350682178414	2.3827842651808835	5.533471003326763	1.680567650313549	0.5163519079132535
0.3495127540931302	7.7119425491112255	6.209743300824827	1.8517120023787688	5.268374662914534	2.11796143274722	3.8931866708497247	0.12322656662052354	1.5028132147935387	0.2497147956750954	3.423942051925787	4.889786705705256	1.455022604458462	0.16935501320685425
2.545844255784175	7.790503912192014	5.926172587441751	0.6815129310337427	4.099472954433735	2.8826081174499154	1.195574427582687	5.581061392695564	1.9036956303459556	0.046414749472934724	3.7138189111974538	3.913604826971751	2.4457298433459016	0.5688226665518976
3.4741053437130285	6.225980160604828	7.165773009890677	2.534312494427305	3.98987623714455	2.6808006536432356	3.0403457626794492	0.9581798378367267	1.4737803630188562	0.09163798700367494	1.9046154370665649	3.9855985169854224	0.7893804538470458	1.5146734268868316
4.127469058515927	6.377822533748756	7.147290367650216	3.3580012246144095	4.271870662536229	2.52042582623324	3.4402197432283392	0.3548583234852515	1.4824312179452173	0.20457984844804664	1.6462589838445032	4.4063023229048515	0.7893804538470458	1.1790113318360962
4.085376975677434	6.584836193537349	7.120376301538884	3.549836867675945	4.425443460594911	2.529726264342456	3.588865754972231	0.24970538440074527	1.4849334416402677	0.36230513767706457	1.6835783148643693	4.6770136460026235	0.5387472688932722	1.0806716434462578
4.665591463276617	6.4812474274476655	7.454062927961466	3.692775962762713	4.47675433475722	2.533987407727056	3.638418713359219	0.2969412883783082	1.5200764927893713	0.2849314448689955	1.6525868895997737	5.163010424112523	0.23447800855231896	1.0195441702320533
4.7394691627873105	6.533139952478816	7.5343579232696305	3.738251191996553	4.621489019606295	2.4927985901264313	3.595749749332818	0.3836053352126781	1.5207007689061174	0.24601334815126452	2.1542965676261345	5.034658028429228	0.07960268057936921	1.392314559771667
4.7394691627873105	6.533139952478816	7.5343579232696305	3.738251191996553	4.714544302049447	2.449562891173818	3.5538231105174223	0.3487457541971978	1.5549796791328898	0.3225874393015132	2.382149089602178	5.210526475006787	0.026799765232708727	1.3356438046670729
4.742117621250348	6.4688297702630475	7.433698702081777	3.777248689431615	4.769463215344542	2.4916435916879998	3.501987400301333	0.3883797742147005	1.5549796791328898	0.32181875931649623	2.9578198069887898	4.87091065658635	0.5365883892724622	1.8627533676209063
4.660863055107722	6.4077135177916285	7.291327883467676	3.777248689431615	4.769463215344542	2.4916435916879998	3.501987400301333	0.3883797742147005	1.5549796791328898	0.32181875931649623	2.659155999816871	4.992313235363251	0.2990408345731854	2.2076497903997208
4.991286692966582	6.125875321541923	7.207791316140069	3.9093706983682357	4.824773196419198	2.6176466632050883	3.3980919776178333	0.3062792500064553	1.6064512016721257	0.40036878114293406	3.0605973892273797	6.751287369082468	0.421917849385638	2.044136664143921
5.056539805201372	5.96006048713249	7.1106556919989385	3.9059446003348834	4.824773196419198	2.5710500102141878	3.3980919776178333	0.3494498049641315	1.5549796791328898	0.40036878114293406	3.2489386518506134	7.107229593965518	0.7108859352092071	2.1685379130979756
4.9401106348369055	5.8395326665405705	6.835662312956512	3.9439809884210604	4.824445991008373	2.6176376086889137	3.4500770479798066	0.39144003042588094	1.5549796791328898	0.40148521024560085	4.265226785721878	8.020641409557735	0.7657790987166408	2.507367566360074
5.039743841304517	5.72999586422067	6.736145859490717	4.033593846034519	4.77594263957094	2.5727251345883433	3.4500770479798066	0.4774620107016438	1.6064512016721257	0.3998626978718836	4.7808549356031005	8.197103025723315	0.158435225684993	2.4625549727011466
3.9172356856144583	5.655811464649822	5.9683554441223805	3.604691706141843	5.131193249518292	2.5777114215405534	3.6061422660951754	0.6060180555474971	1.6575798453001431	0.43877654162904417	2.294740301675586	8.275021968644385	1.8469560029282655	2.600168257891769
5.318382428712158	5.112220342979259	6.41800447719232	4.0125982944991785	5.08049359583534	2.679513978834155	3.6061422660951754	0.8218962167883682	1.6575798453001431	0.43938891401297997	2.1191044824303846	6.534850196994796	1.9302564607228219	2.7232136151553408
5.779059428439961	5.153212797219885	6.700938808783891	4.231333416876135	5.032030052901369	2.5546689931045234	3.6061422660951754	1.1565389981010288	1.6575798453001431	0.2834244567191722	3.594551849030707	6.816038155804815	2.290901457155301	4.143734196739587
5.840863706362367	5.034125871769683	6.604867049617923	4.27012252851389	4.980417810700277	2.509699661415812	3.65775450829633	1.2798767267973903	1.6575798453001431	0.2037247268817646	3.9696539712172307	7.232398824830647	2.6681133965975667	4.305985922198631
5.788693700345704	5.035600087505932	6.561527328879955	4.2627664589715994	5.03111360098049	2.553039382153814	3.65775450829633	1.2798767267973903	1.6575798453001431	0.2037247268817646	4.0770723848308155	7.390944811470073	2.7365710311514175	4.2149374567733044
6.208666768380637	4.674719879631504	6.49980711627558	4.383579531736466	4.939201700185374	2.2907323756542923	3.5860096592490613	1.6504029600783232	1.5750929348859115	0.12440667207023995	5.735730531378963	5.682185189538913	1.894665863634327	4.367546246586209
6.470453018197964	4.50822810852402	6.473633231307582	4.505047895414355	4.941572527324883	2.375413872064502	3.5860096592490613	1.7292995620749494	1.5750929348859115	0.04605831467077697	5.5138818348474254	5.349361878355583	2.3293281931459817	4.4145713994803675
7.014657096994122	3.874785633829478	6.295429153280053	4.594013577543771	5.016616297779619	2.4282622754253325	3.602525107545958	1.979081459686821	1.7343716019450057	0.12043617219688578	5.960681833577681	5.24960851945747	4.4697857783017545	4.1937917013059085
7.395654927556122	3.4754027517766413	5.999295100555723	4.871762578776948	4.955502270951544	2.4101323112998	3.847451983776317	2.5289588534525627	1.8090974229255623	0.23626456331360243	4.032778872997375	3.8571645974889077	1.2568457800345796	4.270156790644551
7.489053630191567	3.2265693519342515	5.802996102620549	4.912626879505329	5.005840174315747	2.5173383947264076	4.028686765508567	2.6977265826561765	1.772783085093149	0.1964133986727691	3.4949295499109567	3.6827278950763147	2.326215810519559	4.6457664222954245
8.038462751878233	2.6563535649622514	5.673669087277641	5.021147229562766	4.427407821492725	2.228792502095139	4.065427834020729	3.01545484933107	1.8911348022821284	0.6672242634314253	2.5787726571472227	3.2694106309683306	0.7398176146560097	4.600153295045314
8.219731971326539	2.5453589718952956	5.627205683264602	5.137885259957102	4.46979024510216	2.371249241187397	3.9842485679303046	2.8198689762831077	1.7220145485524008	0.8253259523214569	2.3625405612304027	3.4110519704775637	0.9722003916534332	4.69391387650005
8.624722873256305	2.0771187501482253	5.922235006517178	4.77960661688741	4.637921106507199	1.8841279251000351	4.440685936451177	3.2583081100159803	1.6199185250320376	0.7475570415708135	2.085879949407072	1.8952121317958548	3.0021741337405152	3.7637097362953846
8.588182456527031	2.032262543450071	5.98970394214541	4.630741057831984	4.628743705414978	1.8869357954209918	4.7254279475384635	3.206191722527942	1.4785396747255708	0.7475570415708135	2.0354515647768894	1.6272395448581956	3.62581625577669	3.021702678151592
8.192743946576742	2.524138892695005	5.937722981804648	4.779159857467103	4.814123132460282	1.9294215373213501	4.869330522482678	3.151956948389179	1.3452386272562304	0.7845972154745472	1.1011599642449375	1.372127254384447	3.3081732336487106	0.773992734131104
8.034293248306588	2.7898956981866525	6.0380369987470655	4.786151947745992	4.791673016766815	1.8329266936093513	4.991622216286199	3.0290377237808244	1.2683553711036808	0.9009102674046556	1.1344069476669567	1.3467459905729406	2.7402411442977543	0.663817619271637
7.476233816344626	2.8023405787548152	5.733404924559995	4.54516947053933	4.921873211997604	2.5188226042168242	5.5631288248251956	2.5052254951286903	1.1634968193568789	0.940980569173577	0.8290141124445942	0.6451182870225828	1.6496456464087847	0.10241832599808379
7.3177996075214535	2.765785529696066	5.56637751321964	4.517207623997823	4.82205918840159	2.7586212034270954	5.759315649797855	2.3332513708645837	1.129621541787133	0.7876443764474109	0.288701883394679	0.4119439532144987	0.3777206782425377	0.050903228630398506
6.2552198552233875	3.451405492689142	5.8986832891325385	3.8079420587801476	4.555535426361549	2.180943156427753	6.140251159028386	2.2479156182742273	1.044038968199402	0.24885828426290466	1.6855252271913834	0.7356630537825233	4.799599590323178	2.185501701450008
5.8660185359497055	3.689304283551974	5.9849965057957295	3.5703263137058983	4.493880980931518	2.014783611719152	6.0537794695056455	2.119065767035191	1.1648438152404352	0.2473417072599872	2.285908879103054	1.4311651984292217	4.771762713343896	2.032005886898889
5.32983701937276	3.9473952137727126	5.921474162753637	3.3557580703919587	4.199533500663533	1.973404354332321	6.364023660198355	1.8669753868111878	1.1311226756565325	0.022431546075349963	3.006922478288998	1.9200239141765472	5.400818340311293	2.7230931531959293
5.237455276233493	3.809852332691527	5.922373342197709	3.1249342667273785	4.28692637079184	1.8140287557812957	6.517498098840229	1.9843068620220745	1.130393556465184	0.05251066534459682	2.4277637292168532	2.420800285179203	4.711536243033224	2.1467399717068565
3.0494593299663904	7.513946528228942	3.7928263655203076	0.6716608327423503	4.887820668407136	1.1157557037387538	7.454041083099586	1.4359520598082856	0.8348466035201905	0.7270117252714176	4.132725578056216	1.0187547546103175	0.32825025303981487	3.2294715324870333
3.6402219071549724	7.522681685275029	3.8475765528067547	0.03488322530476951	5.1210673369492	1.0212263534821	7.780484596328997	1.4007582476485405	0.8338043537220792	0.689736357621745	4.002028487387593	1.2849040631176476	0.36914081829316747	3.0333968238865507
3.3641335285055085	7.195574463996061	4.150636637190863	0.3191957017001602	5.2355608221902	1.2456166275325795	8.302843448779992	1.4807835059371466	0.8167631925877518	0.802432505511246	5.042428841270996	1.6815100616088332	0.38628913531236303	2.1571444286289525
3.280206372373924	7.1240278873320095	4.2110007851461315	0.36717927018840935	5.101783172354491	1.4113562942008735	8.501698525984052	1.3543096211944077	0.8672707106965386	0.6923984396635217	5.193676570802194	0.7423057681925356	0.02487863323925645	2.6102113673185867
3.319243090054634	7.418471580335566	4.47163773117811	0.3724092408971744	4.897768624561213	1.5461578285352806	8.76250202273632	1.2710670651095979	0.9009802227733855	0.7669022116329385	4.903213948286658	1.8394513060454516	0.7821478360751964	1.3059218270862591
1.8771185527369871	7.08701650070525	4.8331555548664	0.37674239310168156	4.453631302298825	2.260358829146762	9.166319800942869	1.4322569545711783	0.9380776044885604	0.6956462024026411	4.222631854028126	2.2320211871786766	1.1342997478685208	1.5354651222910907
1.8644875933902683	7.0730896841914745	4.782941936905764	0.425660153895347	4.635463426902695	2.2666763608197082	8.940582873045157	1.4703232586064938	0.8866240927139131	0.6599248727734193	3.8222956402162236	2.061126364814698	1.9347191870384663	2.444975523107658
2.100372189673503	7.32768611865313	4.788523103792375	0.4387908251879059	4.366373023098406	2.4126003042220336	9.288385758050465	1.5864956473032916	0.9394041426990621	0.7025016012459958	3.351190804947623	2.247583061849482	2.0403212697631523	2.5061157639789844
2.0006463755551156	7.363653739070804	4.742338751431009	0.6206686120850167	4.3636740948425645	2.6381612871698534	9.334767882356598	1.5864956473032916	0.9394041426990621	0.7773002265239022	3.157203284035536	2.4787730703542454	1.9839065003322365	2.2120521262527393
1.8182768314139686	7.181284194929634	4.742338751431009	0.6206686120850167	4.0566595593028945	2.6381612871698534	9.589068377329795	1.6260246848193232	0.8719009414978466	0.8914325935329862	3.6614934511146227	2.1556354871131327	1.6049500372779486	2.629225903721738
3.474863989791875	7.557567776803531	4.730880167494809	0.648176380482808	4.250258872733572	2.415523321114391	5.905189124294895	2.5508107818596026	0.7375757463129071	0.023476456518975085	2.2604277704601494	0.9751635998697359	0.7164539167403554	3.585813115125479
4.307608196554105	7.733399150429511	4.774028031883094	1.3482370780076707	4.467794037140205	2.1866224715390072	7.243026116072106	2.095058690761476	1.1861456321059816	0.1743188031444627	1.7725439754742467	0.2766578243107782	0.48815250954081807	4.354044436050823
3.9988850287073934	7.631524541755523	4.942766126462771	1.3101266134146443	4.431363522644948	2.2310224071037608	5.800225410248046	2.7600694244721495	0.8033696281717861	1.2848270673972229	1.9795525566588812	0.09500453570658599	0.3288812760485046	4.07927322768739
4.103460015418938	7.667463258275973	5.044934129513814	1.4809308866565618	4.56445845196508	2.1504675367235664	7.4988206842760885	2.636318958116895	1.3254446283380696	0.11416461567220344	1.6785971073037893	0.5071164114129039	0.07716524553733106	3.9725705790355392
4.735396712699282	7.933465083939744	5.352073656713154	2.154005285472758	4.898674129853326	1.7687621787397925	8.348959673922138	2.3868817660525035	0.6479152600149509	0.6126281394034284	1.5041330863341869	2.1383275154723167	0.3485882370417708	4.455064330887431
4.7835191298869875	7.9862776418676065	5.254261254910819	2.051502742930121	4.89747495894249	1.827787480553564	8.541439521020376	2.428219092990471	0.9869408808351393	0.6857834245039597	1.036577227418182	1.5841962066028517	0.06056951682414876	3.982381612516598
5.472253439310937	8.13217306141015	5.477363767344773	2.817444145245507	4.809077326300524	1.8657866653366555	6.57320104624447	2.369802706447193	0.28643049811183147	0.3913621098019433	2.1559321770855218	2.04381731236201	0.7011095681596079	5.270432257463855
5.508266968436263	8.044857531517236	5.341756871540813	2.805166308459825	4.932406385318822	1.9156854129898602	7.40613998406693	2.2053792674975656	0.55519767549567	0.36752939398783674	2.372827017949191	1.8134272022316407	0.6148046238777727	5.136212061078561
5.342793059509178	7.9204237649914235	5.2038186334260015	2.6261879279438656	4.891366242917533	1.9682353565574686	8.999146398648673	2.0014851597108154	0.5297340965896036	0.7664641859196816	3.5803805692827058	2.371108819389381	1.3785333125917505	5.751687180896972
5.38983070059099	7.9204237649914235	5.065217383213308	2.5346243188127886	4.933712529266696	1.8897862737769204	9.439540544705809	1.9256996985293762	0.35432338583220013	1.2495737260986632	3.340390342817944	2.1866102964956227	1.0166960921296548	5.852405009124691
5.542719309766129	7.966448470858722	5.19792214947744	2.774192988384858	4.935866721039497	1.5679286875876184	9.405952146597825	1.844206916544471	0.3261476241472714	1.1675817049693165	3.0354853546420615	1.753544245562413	0.9441404179370549	5.417224613878821
5.553922648239786	7.930111761254842	5.243056730888395	2.8668676178733743	4.9783369076453505	1.4752540580991964	9.363481959991873	1.8035427011432923	0.4890535901678915	1.1264169297429834	2.894568021662698	1.4667223215042902	0.7874502131499147	5.049644293214769
5.578983520515872	8.099564326735605	5.247255592862156	2.7266747866423473	4.965366317386368	1.3495959801340203	9.49888976781153	1.7700398628032008	0.9177163867896914	1.0763852906576967	2.4833752024408957	0.8229990364147205	1.1020564826571164	3.923550965937447
5.567736365740991	8.142864604467952	5.297720600134659	2.722592361407679	4.9582579393392345	1.3044778421483776	9.550152356525361	1.7315120957422805	1.0678524935407963	1.146840550701858	2.5518982323430395	0.8947445868988934	1.0999722223564652	3.928808173534797
5.664704355390212	8.178984380361156	5.19072383708153	2.676443812110623	4.9582579393392345	1.308597067398111	9.601479322257543	1.7333127839768305	1.0165255278085685	1.182001054951874	2.547774986922587	0.8954642902310808	1.2150329824417645	3.952488695023594
5.672358411997301	8.110604911870217	5.154889359804	2.716642859931371	5.0902313804133215	1.3578407039715277	9.610339947138737	1.7718618875510301	0.9990951167194914	1.2957414270579983	1.3556762015199535	1.4145730210797482	1.2493223623734615	3.3732075262250336
5.611383855895928	8.062236493667054	5.166540966635576	2.715688328864487	5.09669129864129	1.3214099448286696	9.56489398750302	1.8576155959643157	0.9856789210372964	1.2957414270579983	0.9738554905540304	1.7378097356925517	1.0345898469561416	3.3057942104819587
5.510263267389043	8.07604025413971	5.29853771826283	2.7327607315120437	5.062048683605419	1.8203614583241692	9.606864798145008	1.5101502057746539	0.6564005254825533	1.0794308968977098	0.7816783693305704	1.9301073362457248	0.9042013124442898	3.396005730836123
5.071318688729139	8.083200128970232	5.552198533844605	2.540317093603576	5.177667796923195	2.1284242095502557	9.060004786736997	1.5525570351466091	0.672158385149493	0.9312510136093817	0.6190098449489513	2.2886756796946983	0.6993173732190672	3.3000627714200825
4.373785711282075	7.933241397724591	5.4410307078548055	1.8815750214123954	5.220262702446713	2.237511087890944	9.119060646839984	2.0194164916939523	0.10791860846577567	1.4164843027085772	0.768968576194099	2.028827857481839	0.5840911741348657	2.813901374509237
3.8472595336005413	7.808869797214958	5.80227204518892	1.8406617815744344	5.222006862981814	2.1956712538883005	9.28047768305473	2.0612563256964314	0.311022149143838	1.4913801899299786	0.6648772586001063	1.3690358219038037	0.26409098322254854	2.5587988682607077
3.6812641314095385	7.763955069851221	5.48338931806245	1.4006983796206989	5.3439746573119375	2.4205545035961538	9.161344225184616	2.2279909420981427	0.5226811467457044	1.528509725339969	0.5366190169565038	0.8012164164171051	0.05757813811331635	2.4551126048529754
3.385749590912695	7.564261718776352	5.319757315696541	1.1412451878331693	5.463280576348539	2.5482697689529292	9.085942529937478	2.3120539884987084	0.7366369133296831	1.6740710639661092	0.7229490946785244	0.6405537800298717	0.15714479497976713	2.5683287973915125
3.2043260105818563	7.430078832313977	5.407865376722381	1.1821125549905023	5.418402866414504	2.5482697689529292	9.135548738159498	2.3120539884987084	0.7541783726656754	1.5998588140682224	0.7061021121660283	0.5421733431559201	0.28905078984434196	2.8849736191706943
3.0823133044092215	7.162383678672734	5.254670410998071	1.1746000367348668	5.5020539384515565	2.766772508851009	9.226684246912654	2.3120539884987084	0.9069427456706397	1.4881750805654106	0.34349316341612574	1.4413949066359801	0.9783046493008358	3.1559557238915388
3.276116344726824	7.10575122444587	5.0466575436619845	1.2170226639428325	5.332926374784442	2.7671783073166365	9.344521304101164	2.2692255628244338	0.9237785814647956	1.2259642144028455	0.2185063870891106	2.8454697432086995	1.1950873331531966	4.0029467217943395
3.9580634468431946	7.220165581201927	4.836122484252098	1.5740203498934973	5.0914747349320155	2.4201699787679423	9.36917216178189	2.144821848667075	0.9757390320132681	0.9241164565711604	0.415386950056569	3.2806352907523904	1.020374929277704	4.510496000190485
4.30153243464729	7.276798035428768	4.679382686478214	1.7041170856967565	4.964622196583301	2.331665214432912	9.444928698333271	2.0646854712377536	1.061313330122524	0.7334108734738222	0.8380112367867067	3.20798308195061	0.6208666457333673	4.57423192568291
4.1207810822306445	7.236022699963542	4.660121532821555	1.5448799150886223	4.963113106946441	2.573331884405642	9.487213123435248	2.0212952622978384	1.061313330122524	0.7316748284336457	0.789841214052054	3.3099144259553572	0.5540901179738396	4.372293744785978
4.210359281510639	7.3784272650657	4.682532153566802	1.514464170011946	4.9707289931481045	2.654139255727614	9.487213123435248	1.9382931956137897	1.1117156793621654	0.6921455658729317	0.8468854693200619	3.421991389840432	0.1970212610207697	4.273132146775989
4.101315108379816	7.410523086165904	4.691551469840074	1.3823434920538509	5.096123556277573	2.827023418507326	9.402582045128124	1.898120923894442	1.2632864605714058	0.6519732941530895	0.8083047927407576	3.359796828270654	0.23335204833468773	4.073772336437548
4.173886503494179	7.231919724631061	4.648514072157603	1.5904808510208124	5.347298312926649	2.912774356510724	9.402582045128124	1.8537886666782017	1.2632864605714058	0.6503545772569861	0.9611275409627443	3.308236154601076	0.07828579052674729	4.206839546347458
4.128526292104789	7.151307723350329	4.645083786561203	1.622302355315676	5.385563661002157	2.9615648534964913	9.444928698333271	1.8137264390952919	1.2632864605714058	0.6102923496751727	0.6929655157787368	1.6343367007847125	0.35944651904324587	4.201508294336362
4.234617210409454	7.239954354832882	4.582021030654587	1.5766838862311865	5.254632604417644	2.9185366910985797	9.436181873158752	1.8152890973101588	1.3143177108483752	0.49736364431700486	0.4898872409697918	1.4719525951411798	0.5974796046565523	4.2279162083925605
3.9104001833325235	7.139772168946448	4.463856183199504	1.2344841975853804	5.459664586532583	3.215128442541603	9.351799708887397	1.901471958210239	1.3649626511784465	0.4555023603743376	0.6449090382036107	1.1294288788059397	0.4916916163078235	4.056630519917725
4.019065290895256	7.112703561988793	4.399480727716269	1.3058424566226932	5.579705664377753	3.263811261349657	9.337172663226971	1.901471958210239	1.3108112132543286	0.4555023603743376	0.7399961289465731	1.3211838772403515	0.3162541976072576	4.008644726319469
4.031395238583455	7.121232610517711	4.388606181934443	1.2987688099997605	5.501399690700704	3.319183386671389	9.22421769526983	1.901471958210239	1.2946327537101827	0.4555023603743376	0.6831686017180985	1.126657832466066	0.3508988959779745	3.789538582394641
4.052178548205948	7.102149844665323	4.430887116430026	1.3809158199706004	5.541265766175688	3.2769024521760177	9.297007742559845	1.9384731088227944	1.1207411081529455	0.49250351098732464	0.7163786043248518	1.140100834441849	0.365989534703421	4.037282014808254
3.891015618371674	7.029702185192236	4.519602386790916	1.3809158199706004	5.583488054280585	3.2354925824742358	9.25478545445492	1.9399838273151107	1.01988450330795	0.6043650768394877	0.7554513978503224	1.0809223801640304	0.4338040089214007	4.063921860437271
3.789953077693102	6.996831546642189	4.463438413714197	1.2565599447646558	5.501399690700704	3.279986838330112	9.297007742559845	2.0183800002705072	0.9695479902657478	0.6427657059194544	0.8948749641009511	0.8128046154558172	0.5041972678260769	3.92101248383048
3.7094137849899145	6.960354326516955	4.507500486292043	1.2565599447646558	5.501399690700704	3.279986838330112	9.246407291447797	2.0183800002705072	0.3776033548961054	0.6053470127218272	1.0517494284189381	0.7690759692999578	0.3614841504772418	3.851267199002963
