0	1	2	3	4	5	6	7	8	9	10	11	12	13
7.32978420477675	5.525011591917479	8.48659887558343	4.3681969211107825	3.855062773342011	2.312907547778027	4.598532188076788	2.3739625297617235	1.384406262064907	0.36197475432676823	2.4052281637323794	4.2645478378782276	0.6466817140989062	4.160265965060798
7.373102553891692	5.330110302225369	8.32876082681716	4.374452029299903	4.121103818775663	2.2683194296836855	4.511476003259333	2.1850891388354854	1.4043260161973194	0.3196304974984572	2.327638114527592	4.248084524938849	0.6943629838845246	4.206329821744904
7.386216433763384	5.177150302424148	8.140745236190611	4.42262149999697	4.172430680323336	2.2508938016367677	4.541064186623702	2.2645287486641053	1.3942056143022785	0.3254104489589938	2.3285148056284837	4.235397658009842	0.6916790063622034	4.237968922198154
7.41195694150115	5.032171459225769	8.035022115552094	4.409106285174818	4.1948864828179415	2.1712254270786384	4.583839603847072	2.2749078329657824	1.3553271338016926	0.31977112487600495	2.2638794115823386	4.234358547877636	0.7533739326793657	4.2851586803877435
7.410466439629257	4.974789103522339	7.966698564900692	4.418556978250954	4.197795157136377	2.195533501204077	4.602978286251127	2.289716856669408	1.316393635060513	0.29519586720630814	2.225264679266996	4.214471575784763	0.785532929867982	4.334688755820089
7.447571752086379	4.8580798857778165	7.8853356531751855	4.420315984689014	4.283619550926875	2.2480731865528845	4.568401803217168	2.3112431012295676	1.3252579015155215	0.2766271899745035	2.169746871330489	4.222528809650874	0.8492498955279922	4.3559053695787515
7.447614939039703	4.806410839766229	7.845479906126196	4.4085458726797055	4.295982106006598	2.243384926574932	4.5981350538496875	2.325833549354261	1.3195595835883198	0.3160603911666577	2.1604686820108143	4.2129987563048985	0.8489548445484466	4.356172725577927
7.462851189599033	4.7875618899434915	7.850236460896652	4.400176618645843	4.294755912248469	2.228529601097792	4.60815464189229	2.3197980553253816	1.3337490418455804	0.2973847470835144	2.1338651297078117	4.182729124476523	0.8646865034606531	4.3753374075185585
7.475702557310057	4.769384880251518	7.821215548684271	4.4238718888772555	4.2977188492388585	2.232085083590437	4.604997245757285	2.348364304692478	1.342278223072558	0.3155228953675337	2.1327362694001044	4.160056725808864	0.8788548302315147	4.401018886287574
7.509279936442851	4.678969839959151	7.7386790615236825	4.449570714878326	4.3497444894762145	2.2375335803272263	4.603339137561325	2.4061460168128685	1.3368204741968517	0.3093937508555364	2.094012920362434	4.155615827565434	0.9011569579727041	4.414329218303778
7.482152132580222	4.662581533163234	7.705680213575931	4.4390534521675304	4.31395452235303	2.246858795014378	4.634341801209268	2.4010299813938096	1.3729450752489754	0.34918903169472437	2.0951666754100042	4.137651566335328	0.9177518098922217	4.422914282638416
7.490944295145901	4.645547164206724	7.69010090427041	4.446390555082211	4.313596168069497	2.2624381043199304	4.630936097214445	2.394545761360675	1.3792932827688489	0.3556732517278622	2.08674040496841	4.135857982441515	0.9173859177682943	4.416868817334969
7.512479858727217	4.592295317183049	7.6913470295446835	4.413428146365618	4.249172809160927	2.2258413322995634	4.673323343462209	2.424286827036668	1.3952552550055117	0.3558471047837581	2.0677565803705398	4.123102787525192	0.8932011529790405	4.445859283950546
7.515453587008429	4.592295317183049	7.6943207578258805	4.413428146365618	4.240592607112016	2.2258413322995634	4.673258508345847	2.424286827036668	1.401032649133003	0.3558471047837581	2.0593782796626536	4.126076515806399	0.9015794536868421	4.445859283950546
7.515453587008429	4.592295317183049	7.6943207578258805	4.413428146365618	4.240592607112016	2.2329160575262157	4.675945965504192	2.424020290379651	1.4070876180924312	0.3490389162141194	2.0677565803705398	4.119198180915526	0.8932011529790405	4.437081710256115
7.5241844273327	4.575260141027195	7.702528358292244	4.396916210067707	4.26463240096799	2.239324870829919	4.686409203522564	2.4094038766096033	1.3895065565036555	0.3490389162141194	2.0590257400462213	4.119198180915526	0.8854185375251014	4.43709034344511
7.508284619273098	4.575260141027195	7.678371486501042	4.405173273799331	4.232970838837215	2.240516971839067	4.712013422044721	2.4164688393321003	1.3955164222923262	0.36921680549171704	2.0590257400462213	4.096432388180916	0.877698938592907	4.443956328120117
7.517728818573908	4.575260141027195	7.687865149067098	4.405123810534069	4.240111450114772	2.24774803590461	4.713554480282235	2.409188312001269	1.3781696389083302	0.36964001487760134	2.0587196944282367	4.105876587481711	0.870235217379637	4.443956328120117
7.528827709215615	4.574903393390029	7.6813967739164015	4.422334328689311	4.26008438345496	2.2622768343859563	4.691094258134598	2.414918973973321	1.3720847983909767	0.3496693921060448	2.04111203807402	4.082490080128531	0.8702756079413897	4.460874460322603
7.522351485413039	4.574465511363983	7.674920550113831	4.421896446663237	4.283287756367237	2.2840546934472923	4.691836969980467	2.393141114911967	1.3485403893631533	0.3496693921060448	2.0494586162523127	4.051979732731943	0.8541717441765299	4.477093447817745
7.525877227262593	4.555959680048035	7.676805509330844	4.405031397979825	4.286825075316826	2.268474009116697	4.705477309211673	2.407551604395978	1.3571799746501174	0.3558346818420675	2.0225429661075367	4.030023753261847	0.8633360175278254	4.48476120489499
7.510135717389225	4.539276804487579	7.653165813942711	4.396246707934122	4.303986887224785	2.2691354825979135	4.6933979271585855	2.422027018563931	1.3547709012460496	0.35567922794880696	2.0232826827267396	4.003726689274987	0.8705138928662932	4.4867395885551495
7.50701960814087	4.496516011242508	7.627763490838717	4.3757721285446545	4.351736406784568	2.3048191297376026	4.656559356393131	2.407315704534738	1.3520531984708992	0.3241963151605252	2.0204175221138576	3.9658545561168363	0.8611490524412823	4.500095472975222
7.4961651388038995	4.504563366003467	7.608172608308268	4.392555896499015	4.3691345400694255	2.312126638509399	4.619702264954586	2.4067732478602766	1.3633624941839735	0.3239931097937385	2.0200843579860206	3.9463050857771385	0.844991935229383	4.49291595227461
7.51765274865359	4.467141250916331	7.615128613761409	4.369665385808513	4.37467183765845	2.3033945836575005	4.647221953497561	2.425851470123481	1.3475453838314797	0.3099894189646761	1.9827372816508764	3.9303705805396993	0.844916896477161	4.469356167750178
7.54797743377436	4.446979839430207	7.601369595036648	4.393587678167866	4.391015066740795	2.3035878403973817	4.63784133060411	2.4399137853228203	1.3414244677901033	0.29599440379021186	1.9720393399110263	3.924077943929356	0.8266923835873081	4.462030979235416
7.67315020789598	4.256797843837926	7.462961151476979	4.466986900256869	4.441400326072482	2.3455333896199915	4.562256394725902	2.330929295450647	1.4098190304977833	0.25153502909055336	1.843978686745855	3.955304961159922	0.8427228157786306	4.456778209792453
7.672483531445342	4.236771569396167	7.4238740124541875	4.485381088387334	4.387205542840808	2.331852364077658	4.615895236618016	2.3523863313186335	1.4012116602719988	0.2245785434794408	1.839615209531023	3.9389515646735926	0.9011310204354874	4.478073558898316
7.764547629426249	4.146996391894719	7.420032858037982	4.491511163282927	4.267152926888785	2.277961332435385	4.605405738754328	2.265554369224233	1.3815088182502808	0.33062454420765713	1.8147262550411967	3.9795057709192556	1.027655229444733	4.453589525167634
7.7103559088022715	4.189592008560362	7.398359347462883	4.501588569899739	4.129761308068045	2.368903299659434	4.771019727714216	2.125083599080661	1.2767362843024126	0.28967806409470426	2.0075525058035804	4.106906685502807	1.3266631219670295	4.601402684560677
7.686557214572406	4.209043370662735	7.392805943281289	4.502794641953848	4.106848288891901	2.390033727312619	4.785280488415481	2.0964670535094023	1.2766963528050672	0.28967806409470426	2.043751377586285	4.121404330063409	1.3167633439819724	4.618371466692644
7.679361967547133	4.217656266880865	7.398992252949132	4.498025981478832	4.0821976815437475	2.389260582080992	4.783674074943027	2.0684665877018635	1.2797832497626793	0.29037941999914496	2.05168298910064	4.143218661504748	1.338868936473774	4.632486969143003
7.722162386308402	4.302474050636739	7.482548877669401	4.54208755927572	3.98277585330807	2.3342833048540967	4.796302916871543	1.913380563931738	1.1951288964680913	0.2717203499101481	2.1378026304718456	4.217891648466685	1.5160171577788004	4.737641242941404
7.715481694890325	4.302474050636739	7.475868186251326	4.54208755927572	3.98277585330807	2.3415218297856444	4.796302916871543	1.9061420390002006	1.1951288964680913	0.27797567526050776	2.154835960444134	4.219830224335476	1.5146893459176507	4.743861540522209
7.742909092750536	4.2981720399958885	7.521116746365807	4.519964386380586	3.933507235958583	2.3134497534959544	4.817843025431364	1.8566223159586102	1.2212629206133914	0.2778566330759154	2.245990929412367	4.216328259883308	1.535401077885197	4.810866755329594
7.742909092750536	4.314516485623978	7.5292531681817385	4.528172410192756	3.93289233990879	2.3125196182046106	4.7960878390401485	1.8494160294339992	1.227288557426394	0.2711529286324769	2.2977949234890924	4.216328259883308	1.515327689509105	4.818311224325541
7.7453868186908705	4.3223468163088645	7.530678012118336	4.537055622881392	3.977236359797122	2.3403854994787383	4.8139894206531935	1.8065908939016009	1.214325728181724	0.28426075294268127	2.323517604117873	4.225124879364184	1.5611561493999984	4.840320958245843
7.733088589900913	4.405244300320158	7.5940256993718664	4.544307190849154	3.9975459710729293	2.3117270220561417	4.79772253913185	1.7424754530198487	1.1576578198559562	0.27757861530804295	2.4250899085439985	4.303544176668747	1.7157762745099918	4.94728937739952
7.743428079382593	4.393712485506874	7.607825288232839	4.529315276656551	4.035093642629189	2.3387562681406178	4.81992275243625	1.6986728604787606	1.1158413357285655	0.2577386840603202	2.492947708820633	4.374393496069811	1.8664770420526517	5.1034925011576915
7.764008089393886	4.400027861498496	7.624677357797258	4.539358593095169	4.041605876424266	2.3366835713720477	4.806235102590787	1.690501435565701	1.0924932434810282	0.2373896225259462	2.5269478608944564	4.419723672249218	1.8630546074334857	5.143644826759034
7.735332394276699	4.327637058142266	7.626281166631183	4.436688285787741	3.9473675206954364	2.3914844956271266	4.9356245604257465	1.604408968580487	1.126859990539584	0.23783052574722774	2.6133179507605626	4.553358477892522	2.1686423400903982	5.298412567752442
7.680145250425883	4.264210580410176	7.6110409348297265	4.333314896006285	4.027833987236192	2.40310586053717	4.885202892084954	1.5817163968024603	1.1428045936688376	0.2446038156326911	2.6827020542800994	4.583606734656596	2.27479029706133	5.40152197861259
7.65210535735829	4.172053241749082	7.496188873062067	4.3279697260452155	4.0571077978105725	2.5219980819490053	4.839604378173824	1.5676985906306216	1.2261779706661635	0.26389428403647514	2.76958966852769	4.747551553652834	2.51341240140599	5.5129304935444425
7.632340033640972	4.1364773568179025	7.439468821602341	4.3293485688565125	4.318310430188961	2.545355065456108	4.619213936740402	1.5820474450862416	1.227346715206262	0.297480312598993	2.886600648101602	4.838730318109508	2.629477379032531	5.56857058854268
7.577945777987168	4.00679433313766	7.233085615105881	4.351654496018933	4.670337046739811	2.7124212609460767	4.330003092661328	1.5608035326076408	1.3607108766471345	0.3543822974008654	3.0717765325404494	5.1076935638220435	3.1140907096675274	5.56757576369754
7.486909495215948	4.032772027004722	7.1034438864017915	4.41623763581885	4.848628231533225	2.771941854711835	4.12119588952635	1.5481857314966	1.412877004622576	0.3870318098473939	3.213762812071509	5.200824480380864	3.3607419657991624	5.619083142210088
7.420542742760438	4.052976356112219	7.027748737433481	4.445770361439235	5.026643095382609	2.8026865537625247	3.9340678617520397	1.542144947398218	1.438882035426933	0.42765464966999195	3.4731139137336893	5.373015150217018	3.612912021356856	5.681097147476339
7.333624380313048	4.137264370643091	6.991595169834085	4.479293581122066	5.095888365000782	2.8141908612785884	3.7854811549770084	1.4931895279054317	1.5355924063939759	0.44771545092562165	3.706169936631351	5.49967471028664	3.795744762134581	5.8961538106221285
7.2260275073055205	4.204801352744166	6.966427530015128	4.4644013300345415	5.126843497220319	2.792404524371793	3.679528350360329	1.4370804845162208	1.6010210553869995	0.4874119677635475	4.011409082088695	5.5622917022353375	3.8942772906276772	6.0942508159062925
7.141561104070159	4.265091091464838	6.957448445959305	4.4492037495756795	5.143209597451962	2.7657417284977677	3.628294996749822	1.4156660962683796	1.6229487446958262	0.5069830424148493	4.219996260714615	5.667506549446753	3.9876507741168976	6.230190086479109
6.932834335111888	4.470871866673291	7.075561354812518	4.3281448469726485	5.100976904161668	2.636483031813794	3.579869064674122	1.3404611663542856	1.612950609051297	0.473684954565623	4.489837457206104	6.061759010154475	4.266929494547476	7.008737201415893
6.817276827376124	4.548830055052755	7.057236262242914	4.30887062018603	5.079788013547231	2.594717936175017	3.5708058077299207	1.3174520749554075	1.6097480185190405	0.4677295599148614	4.501383028946942	6.140595586103299	4.344525087838985	7.1649522363053775
6.68539757180825	4.633687748289753	7.080081692259829	4.239003627838166	5.071983880705528	2.498494967060205	3.5352197723311547	1.316227859972804	1.6038699652222677	0.44742820164885794	4.607320620709035	6.579152734854763	4.765186486422525	7.2379476224614026
6.544816501430951	4.7866126255539205	7.088594483876199	4.242834643108721	5.072464822649977	2.4326323426137186	3.4966890574859266	1.2942515357025022	1.582322658966584	0.4210368826904165	4.70045471092154	6.736536102562681	4.974758683783275	7.376335950213856
6.371336005087419	4.8829163977524725	7.054870428977023	4.199381973862923	5.070992538377898	2.3766075246554847	3.488241716427685	1.292196288145629	1.5696839167132464	0.3878268992916696	4.768976377586405	7.052041058126797	5.2755073773641765	7.3323432881095485
6.27971516016106	4.925637642063076	7.01451947087925	4.1908333313449075	5.079500699909391	2.3538504871409494	3.4989047122368695	1.3055554691140865	1.5489014991288872	0.3683923976538777	4.7706473414959545	7.192453625798421	5.3636136215563015	7.237139243157326
6.058123650040248	5.1027197582493935	6.929382208231096	4.231461200058569	5.051081194786159	2.3447884636825482	3.4796074196755367	1.2828451292677652	1.5193768755609394	0.3282735903214509	4.84232031504376	7.420075107100655	5.391582560086959	7.365161203506822
5.9823127147401385	5.187157608341653	6.884210088375011	4.285260234706823	4.980357573631501	2.328515442515215	3.48652788422264	1.2680614633954417	1.5100362149405493	0.30781913533005434	4.816761140349562	7.5241003193513345	5.4300779373402355	7.415811469136082
5.813013701767051	5.3823901599784465	6.821466490624757	4.373937371120749	4.864886983978408	2.289928196818187	3.510416150626743	1.2528039931007724	1.4223241059050122	0.26763758782400654	5.152296115485661	7.740252157628647	5.545750478834159	7.61773638972749
5.745297136911209	5.562850713801904	6.824598975552004	4.483548875161107	4.725683075366052	2.278970890890992	3.513968584397069	1.2093094684223322	1.3817931610865497	0.2733759639585748	5.446185830640282	7.864288831381397	5.806800195545084	7.7109877989824405
5.604579506474693	5.6510443993248485	6.72872548973005	4.52689841606954	4.649125056809485	2.270341707659449	3.543593950686281	1.1808460958248341	1.3443107582832285	0.26702899347585746	5.698933735658993	7.678097053552897	3.1819907137193986	7.5739795540389965
5.451328548907931	5.753231266812776	6.683497584328589	4.5210622313921425	4.6408342569319965	2.2773131044132793	3.553232648661495	1.1735039353659225	1.3387725614342736	0.279617220218001	5.612360996719237	7.834238933967022	3.5625619302842053	7.632784102258039
5.146160078621782	6.00332076509364	6.608238339447162	4.541242504268268	4.5717935780244785	2.2289859817780564	3.5603826561080734	1.0941482552566597	1.303820510142276	0.2734503121160632	5.794576944018125	7.992455775734784	5.114600780208793	7.660878544829533
5.063982182965188	6.0724275847395175	6.612953203864748	4.523456563839936	4.539460667924459	2.196497176443738	3.5843022319770093	1.0719178212892493	1.2744894178376445	0.25990471315125036	5.828728346463438	8.05195929256747	5.62279212452403	7.764656085190907
4.836041014588484	6.163248826936473	6.52956048510785	4.46972935641715	4.568386559623628	2.2236723200095683	3.6183564569748032	1.0006427774494415	1.2830372779508716	0.2995250953953748	5.902517780647606	8.108668824420633	5.8521047297928135	7.486981650440154
4.718939404483858	6.238859597377098	6.500987067776465	4.456811934084525	4.593313768039984	2.230654373565492	3.6035332551035135	0.9791382273785247	1.2974892318982676	0.2999623971353728	5.988540823822528	8.147151348475656	6.031922788242244	7.389785686549925
4.645765320836349	6.300892704951987	6.531575669241213	4.4150823565471455	4.560107877403254	2.221788454665207	3.6497027649987177	0.9354777794454866	1.317552030655959	0.314044180527742	5.947437520538595	8.189451339846572	5.422711841327586	7.552847478993546
4.569023845500228	6.338027006834573	6.5583364633511705	4.34871438898364	4.555328024531828	2.191140355523545	3.6642388528053758	0.9004262271143713	1.3210406744464684	0.32047106570503564	5.804047823165363	8.163866001004019	4.996465130176454	7.393724576318367
4.5507129236145785	6.3785890910599505	6.629639070540018	4.299662944134501	4.55352713217102	2.182307524871207	3.6497220300421915	0.8567743799982326	1.3565179018600413	0.3205549360220413	5.496538476816869	7.983265083505578	4.809417750058792	7.321152510274182
4.513497578033873	6.345201543633291	6.689680691451696	4.16901843021546	4.548426510516481	2.132122572339908	3.6857910135644545	0.7578021678810288	1.331166774717648	0.35427336049527014	5.332851849143269	8.057792187527774	4.9679631766084285	7.093971124936478
4.487676411431287	6.35267672244412	6.741558422893093	4.098794710982333	4.548075778302982	2.145930773756303	3.7338884374904233	0.7002495107499479	1.3466285684866774	0.3615695457260822	5.010201773133552	7.969499080387515	4.487138099419818	6.86024168381833
4.504287547265624	6.343318200986929	6.788765796402703	4.058839951849891	4.566060420980729	2.168843095115433	3.7642152749867157	0.6646583285390021	1.3559550214766418	0.37560615049045715	4.883970466019557	7.8983573552933395	4.263959297196628	6.808966934933245
4.515116274739139	6.289322714327437	6.84928282618488	3.9551561628816443	4.579159334992787	2.1964488738026655	3.8279694761618295	0.5905184086562804	1.309390360140827	0.34315872137880926	4.703585869571362	6.981567426492352	4.594000533343581	5.590504046154076
4.555521083900999	6.197042429040079	6.844070129807506	3.908493383133505	4.587993038661618	2.194786807613186	3.8338923545926527	0.5477092558402635	1.3240953863643152	0.34384841377967734	4.51843235738591	7.542892426733641	4.4692190937293885	5.938184296704854
4.485955663288533	6.110615398731668	6.753852013729919	3.8427190482902365	4.6304916590827165	2.2076458719264287	3.8565208672854667	0.5254320198620035	1.2955312693049057	0.31767610762555215	4.459764850236803	7.499242260070563	4.280417586703247	5.754360014301807
4.320054379918585	6.12389436792525	6.702485292314432	3.7414634555293365	4.660035560998234	2.2111126582463716	3.842881858960833	0.4515843200171203	1.3019652929461987	0.3584241420705105	4.364613327028937	7.395061622394063	3.636631993514641	5.990258270062504
4.221699901966821	6.122792952131568	6.6053472863388185	3.739145567759597	4.608463384843502	2.252449824600731	3.862649400088331	0.4030631686164898	1.2611225295725672	0.29881949910385025	4.301759519741748	7.102860803546118	2.8443537467916458	5.059918038282199
4.177751915638901	6.055997963370945	6.591676793928859	3.6420730850809817	4.621570498913786	2.249519064363051	3.8726577596967697	0.3667503908242227	1.2260629017499263	0.32046530950611	4.451233092057362	7.0161913335454145	2.409697429059437	4.896543871520716
4.193180888378494	5.944237690790625	6.571723272483975	3.565695306685124	4.654446909579071	2.4063444406518677	3.865027688415985	0.4574471090241512	1.1935033462619158	0.2649114247494017	5.592090887205667	7.0564286848507685	1.3433383519178381	2.70815855466917
3.2420691559139576	6.087987823635459	6.248041884594072	3.082015094955184	4.780935037726562	2.366264430351856	3.9396984940640416	0.31192890856067473	1.103132383675962	0.26220963064092107	5.290088528593464	6.516962031789736	0.9419484505304125	1.3758697761952032
3.1370625146142843	6.053153691350484	6.354201954610962	2.8360142513535442	4.278676265248591	3.0718006191515457	3.5103927640451733	1.054937252516133	1.2865542183888465	0.4044950270438486	4.752567004457838	6.3741291072846264	0.999404907601866	1.328822263457362
2.5872307077050865	6.299639726099415	6.353270130263762	2.533600303540282	4.343913822287033	3.409752287406547	2.94436047367925	1.737056492760142	2.0102291444189073	0.5915538831323961	3.9016933824494164	5.891050801027227	0.6060527580959124	1.5622349751071793
3.394339703706071	6.385872681099815	6.302927282952699	2.68293837670369	4.203004820664386	3.081319444931122	3.01126820425285	0.9944273788397598	1.4753799854107061	0.5775606766997264	3.5585122124918893	5.519678893375587	0.8740160135746605	1.7494262530170281
3.552676719431376	5.895422198543094	6.597137531034583	2.8509613869397388	4.508277890576118	2.6365850095252408	3.8289278992621676	0.3640419228699965	1.307407108898546	0.40914923020112065	3.4590431761713507	4.680529602568257	1.2721078433415476	2.4428070355866685
3.695037702458889	5.888744449377257	6.6646959747044425	2.919086177131487	4.5085689983121995	2.6691208531360826	3.818076342471581	0.37692059474169465	1.3250300592405369	0.39557705029153584	3.248877786382467	4.841047165975527	1.0229033112745565	2.702872333047692
3.5350006481339804	5.954406316113494	6.579023079470326	2.910383884776961	4.526121096875689	2.685011360858313	3.8094979078789124	0.4219754309257144	1.3364111995758041	0.3668200435182985	2.8690660756405104	4.4074484017812035	1.115938305877985	2.9943573217641037
3.838848960456923	5.897203457855475	6.743107232038063	2.9929451862741683	4.507070630887429	2.7258223486987627	3.803698333499419	0.41945089654884504	1.3335884218559337	0.3738678913929867	2.6010797536795143	3.3525384885385123	1.069484377937367	3.801351892752916
3.835268903448944	5.908570596571701	6.78222408220689	2.9616154178135425	4.506497281612397	2.725274480066141	3.8212520080938646	0.4423752529763698	1.3480272783836733	0.40114027798404955	2.6241394486041174	3.4721482559940546	0.8395978127355169	3.6831200092947807
3.8541862935708515	5.936190604230731	6.794223808731715	2.9961530890697112	4.484941647856405	2.736868282503124	3.8368472590698275	0.4279806902162864	1.3339191709316893	0.43455457463118047	2.2421482159486796	3.430407859864068	1.360939414558284	3.469844714119031
4.437303353020558	5.9431081786070346	6.6815742352501175	2.754489140836774	4.29862154407811	2.877220004359264	3.418423660131856	1.3864296787386339	1.3704853140836804	0.44745691406024096	2.384594176598196	3.5266961418324825	1.498625933044493	3.041472547457081
3.689828520924232	5.955020390202436	6.795396528016842	2.849452383109791	4.5059259350056164	3.1084910622821087	2.9210053171409522	0.8689743508488258	1.5559481007753158	0.513803052160331	1.2510160882109773	2.867230333161297	0.6587431264055043	2.228502269265991
3.46042953599151	6.183355567363957	6.756813163233737	2.781833189676823	4.314884363904302	3.082734903746177	3.2498057297163787	1.2340252959394322	1.4755988404660023	0.5752193178598459	1.3408158454387096	2.5593204454941216	0.7689139671728028	2.236126332149512
3.881150044846391	6.025771864676385	6.795878589432276	3.111043320090547	4.4630337705287735	2.7366700252816383	3.52103436655012	0.46947309525664643	1.461505402797709	0.559600054501742	1.2943108210610181	2.4787468973487274	0.46080615269375325	2.3878877541442747
4.063754009415725	6.091352488691183	6.85320725083061	3.301899247276354	4.465333947724505	2.7068562107530436	3.571687331017989	0.3567957712036782	1.463329713274	0.599442443344453	1.3845540736872153	2.74099221103913	0.4949362711836673	2.2543151775522596
4.029974398805211	6.117686986644483	6.830138214119416	3.3175231713303597	4.472978854703312	2.683759188168601	3.561953585559259	0.3331715798392681	1.4693643649983708	0.599742616733869	1.5196343823887375	2.841335465132321	0.4723902929417884	2.2504351337088693
4.130297310347571	6.090949587117528	6.838742664044118	3.38250423342098	4.447129982575905	2.6779555249144753	3.5706281444423347	0.28823572662178915	1.4925465290163604	0.585704781392145	1.6408355722024084	2.9790572944002527	0.39050740226028013	2.399392806847128
4.496758448312487	5.951575340277327	6.884690296296583	3.563643492293139	4.462132958455652	2.675903319704806	3.6043797739888106	0.23463334879638884	1.5132178171861002	0.565537513924622	1.8997932406701494	3.0526704825814144	1.197922560185589	2.7288663768914607
4.692193417664224	5.79746254629897	6.888914915828523	3.600741048134651	4.4610265296361336	2.6700992570475606	3.4936752081748708	0.3723039626097484	1.5787632770868265	0.4657960764406044	2.124485111072483	2.454264829286006	1.613073604459501	2.425494644601622
4.617762755808812	5.958942452246582	6.777216471889569	3.2744045407179048	4.437120902948833	2.9747662820751173	3.286785944898004	0.9552875462939795	1.8003525248948378	0.5787171273994044	2.479182267790948	2.379268583046265	2.245764776473778	1.6744366433732285
4.818695457591447	5.6802015533676204	6.960457450235346	3.538439560723696	4.5301842115053335	2.6465320214291266	3.473190249202009	0.4744916215747055	1.643541326288031	0.4205761175610847	2.471367042820887	2.4895774457097657	1.7942929128477987	1.9161857992622708
5.091429977518858	5.459544817379222	6.763074980642983	3.787899814255073	4.618045260821571	2.6789499863071753	3.6146960909982107	0.22432592498548964	1.5100352523242213	0.47479449972092364	2.745846737667303	3.9552382878043715	1.013150305534119	2.252301198719724
5.210442986512082	5.313934694915615	6.6451765733037105	3.879201108123958	4.626246301295317	2.7396451524544614	3.6284441241167023	0.2827759947607629	1.4543741092842624	0.4758816513216793	3.1308852281166306	4.806855514706122	1.1054154147182682	2.1959535981976255
5.1661732665349	5.280742233913316	6.569678663639549	3.8772368368086574	4.626418807285954	2.7153718924963823	3.624180503225155	0.2818610748824946	1.4542357554067447	0.45538113709175754	3.1678691072029803	5.00361060723858	1.1508133941852308	2.3578566542345967
5.427494462881203	5.06068562289754	6.447533397674533	4.040646688104202	4.622893154163258	2.791037053302451	3.713123589809612	0.3299927906325262	1.459342845154792	0.3941687400155039	4.0871596917465665	4.514151115180076	1.7235723971152035	1.6009018565779716
5.747515675164961	4.793106895885468	6.306926653246524	4.233695917803931	4.641501106198416	2.7349521803144845	3.727389947137644	0.5955328829660338	1.4735212020189907	0.32539292661429353	4.6477306054105325	5.966206471772164	1.3497654747166559	3.1548884638096637
5.462561538583046	4.823540386454424	6.160023581525185	4.126078343512299	4.701682257143986	2.6959445259264374	3.7622904624246467	0.6525305712763868	1.4851689211998795	0.31171075561928235	3.8700700312998957	6.7042388453455155	1.7427667252325414	2.9821351314190117
5.601855402483267	4.828288259476177	6.21458855554159	4.215555106417802	4.686273208138268	2.6707363010529916	3.7778592133083944	0.7745068693055385	1.4820150453230283	0.285572657090476	3.9474762424994796	6.470369237569493	2.1204030801917626	3.5101801764529896
5.610430970250188	4.858773023318219	6.252779687568708	4.216424305999699	4.679657896225462	2.563208432409913	3.799267278437546	0.9433078031067713	1.4883752418292886	0.24606363827202957	4.2142790639573935	6.001901509473325	2.1497107273813048	3.080720276046503
5.138541010833436	5.110316223651128	6.140526935609226	4.108330298875251	4.763994215590162	2.4362429511620993	3.8178606107760005	1.1226661019496067	1.5617391712133735	0.25685723621899986	3.957863747750574	7.274936920303632	2.3821008474283203	4.5862314964700275
5.195454718463959	5.040980475284898	6.060809666999853	4.175625526748978	4.7943450334830935	2.4389035723092483	3.824591935615395	1.2252230338230439	1.5562895768346061	0.25565153659164885	4.344297587171533	7.029833121685566	2.5160073609852724	4.898426177003585
5.718835207483477	4.847658935151181	6.192097924036624	4.374396218598017	4.670119271444133	2.28435885400873	3.722363538516134	1.4938227223923803	1.5319820980172534	0.2067672212658038	5.2155064579464865	5.521456317088597	1.8038526454947734	3.9275273963921578
6.061432080610861	4.675977015782883	6.19713441847281	4.540274677920922	4.637755044118218	2.330709526160167	3.6661502044195937	1.5666466208830787	1.5850150538762406	0.2121206941414416	5.350329929715397	5.148510870860831	2.543993560679794	3.9680916033681726
6.417459878952763	4.329884160698294	6.112325488776681	4.635018550874361	4.688445190081834	2.4094760741165593	3.663854569809087	1.6724732956747086	1.606009953123025	0.22415765666753373	5.462024623384885	4.965363698262722	3.115730996882791	3.4252716407811814
6.847459593248195	3.6642681395564907	5.893749730124433	4.617978002680263	4.9537486907366395	2.4411194765210245	3.7858321685684717	2.0407085512031347	1.6307356746794903	0.2689841811313209	4.219936308019889	4.251338542837176	1.341396273521397	2.3531644422660944
7.142207562186189	3.3228947456116784	5.80550460093652	4.659597706861414	5.028142983279747	2.4524333504155273	3.861401457039926	2.1910347504016747	1.5983301958501057	0.2949617133984744	3.9941834133664487	4.076349677550289	0.7184444978436667	3.1226161839816045
7.487528029249911	3.1282982009864253	5.756173832997493	4.859652397238949	4.693600431495557	2.324598015969743	4.131480851344233	2.4476445734984	1.5605565820918363	0.3407697691961132	3.542410918171067	3.6809669549834463	1.492046177954367	3.505915432194475
7.805217829321111	2.834833957721068	5.668291854787892	4.971759932254408	4.454283418062134	2.310337947539599	4.282416680467914	2.5888735216510432	1.5730629683187294	0.40521996061275	3.1784725756976147	3.6168258431600386	1.1500638111707568	3.7227424013739525
8.230170129012459	2.567978051508645	5.900228196844222	4.89791998367691	4.306203627505077	1.9818425774215171	4.302249305504916	2.665785858491603	1.4598708786382224	0.5322354939053816	2.1028544698163216	2.9863961511018573	0.8885950392597596	3.3415183475477748
8.391834307585183	2.4674600079998643	6.050512465395843	4.808781850189158	4.308631745000679	1.8466892069091931	4.370577316849249	2.675933517046523	1.405410670355314	0.5666549025700948	1.893338286466651	2.6997341462280744	1.4562113901424292	3.233791352041828
8.553303792482515	2.2215669347769715	6.011782726190109	4.763088001069494	4.279651598502489	1.852383056974259	4.645810900610976	2.6474376523379424	1.367696957115512	0.707802510014727	1.5690031886652616	1.7411719831389065	1.7939015769117403	2.344271094607363
8.465621507046023	2.2110492102215717	5.8534543613671595	4.823216355900354	4.318310388413106	1.9217723619440183	4.79129205828265	2.583193749324992	1.3148577806885264	0.8134314838951808	0.7446245506150267	1.3174851121423161	3.045980423678133	1.3883616551802316
8.329288011982227	2.29817275816865	5.768636573041206	4.858824197109647	4.372409212997632	1.9155388565126195	4.84439083207833	2.5260655947252313	1.2425362526833588	0.9042028811246943	0.9061015621519929	0.991670125428382	3.0227245693930396	0.8144151846791404
7.783735111237978	2.2675409332300966	5.473175026112547	4.578101018355427	4.402820108287449	2.072275799896581	5.236184669237893	2.3518468420118688	1.249021821994935	0.8716133906441126	1.6022637281392125	0.4993336443108962	2.9527459470371524	0.7743912321587699
7.384647471821476	2.378510806231264	5.427075814615225	4.336082463437536	4.300911732423956	2.076862396397385	5.499891119050532	2.1879176052620335	1.1812455681119667	0.8396407728901697	1.5737844807003711	0.7745601405589219	3.23965967237544	1.0069984958674658
6.116076761505543	3.1886742494096905	5.561179919757755	3.7435710911574867	4.054929209083006	2.0422072418614072	6.010724232053518	1.9346631170425852	1.2391001728644186	0.6914106729556111	1.9471584320855626	1.571517641272246	4.401885506626395	1.5605840242056785
4.047675482368126	3.9685476612287425	5.044713754389828	2.9715093892070823	4.089204712729712	2.070414254006753	5.7718459312672765	2.150296952603739	1.0267234633476392	0.6365156390249125	2.907806083591911	2.1444718934023803	3.8578483041221645	1.191621629125949
1.7041089279837853	5.597368618203319	4.117325144870663	2.1676659579947697	4.355965588230744	1.814981830912277	6.612703597900949	1.7148093060570009	1.1011238983490441	0.48772839968650755	4.010094949277046	1.8715148740116117	2.400359645121045	2.2383895085286096
1.3113333660027846	6.375610234140749	3.6126050736223423	1.8599609260595829	4.585865704677906	1.8507623145346155	6.9532303050113216	1.5334321386636232	0.9992667237494178	0.6751081106037474	3.8490203185809633	1.8975949460455246	2.5301971755019435	2.6142506636103366
1.5846500439582165	6.392157956182163	3.601772436190341	1.7513792175901244	4.631847453076189	1.8738316952242178	7.116782695269336	1.5251068765687676	0.9830314764333741	0.529465929125732	4.066974010851715	2.2571078178172876	2.6347325171409333	3.3826882083610292
1.8070469754805931	6.705397050206155	3.460043450036967	1.4761312931735986	4.68157739894437	1.8490562419657197	7.276148347254849	1.4752826513581005	0.9692153331535227	0.3945041636836683	4.2351377144130415	2.234822036533665	2.330138097047439	3.4261747738154527
2.484550039801241	6.90683802142733	3.8000610988301102	0.6222268827945194	4.867887719304779	1.7918680891450471	7.805161338504207	1.4248541012035645	0.8626805891118227	0.32476869675543435	4.376167817409958	2.360369118810635	1.4277402457844703	2.8781347970544684
2.495947049080831	6.854633081338317	3.8322019907293856	0.6328826087616206	4.817987443185184	1.7925664268774362	7.934139887052498	1.437866247618546	0.8867172312298445	0.33016532754872896	4.565809894466561	2.3084621777209375	1.5554377865859814	2.7331426912468455
2.3921041516599604	6.781419964585067	3.921535848707426	0.5901730542804716	4.897860584578318	1.8500427648861943	7.886168202311038	1.4223886633737302	0.9425127199097032	0.2730529958127534	4.732108183994522	2.5054915794075834	1.3667117123961876	2.483250669137835
2.84530415616905	7.066859260070934	4.1819106426243	0.44265750783750013	4.60542836127073	1.9928263553504817	8.611529747792016	1.3850447891466464	0.8101400082525871	0.369184497531642	3.7002889584926795	2.6202702626074874	1.7178435129949203	2.551585775986443
2.5027137165127527	7.043089767343342	4.527481139752534	0.6894213026100071	4.567032494011674	2.1374966337693295	8.74692368257518	1.4300011535432064	0.8434555499230069	0.5328784238329536	3.425708064686819	2.4812692638929437	1.5727981632879189	2.546657762591606
2.987921738506883	6.975909838709145	4.71087759256581	0.9965006460525695	4.529793845605668	1.9765203726630212	8.312157407366902	1.7973914891955693	0.7736453048592297	0.5300962085569854	3.3864887150753353	1.966676026873533	0.916684341041837	3.35865817606671
3.4191692714416657	7.040186560680312	4.8344143252727285	1.2207869023516973	4.380838682138986	1.9467519504846484	7.444489471088548	1.963331576712713	0.6838580016035077	0.42362935001121665	3.002612346448094	1.474420095572083	0.7743308074613225	3.5672212280997067
3.728656892645455	7.028321364752454	4.850796062410226	1.5511315903031333	4.563713173694642	2.285614877933008	6.660628295387674	2.5701058071823186	0.7200838505927999	0.4429461258813781	2.4199148743460848	1.2322412029060092	0.6852672926171676	3.614849218667373
3.5576629351656344	6.9350746225144135	4.8505225047866025	1.473110817437871	4.477067231331268	2.4644573975932946	6.5246666646948865	2.492351420793916	0.6634967765947846	0.42902650372800827	1.8982760611360252	0.6732014255226112	0.6357123476211122	3.6188260231228426
3.975171593587961	7.190792160922623	4.853104225863434	1.6374836585288337	4.393511739024449	2.464167441970569	5.948125010246855	3.2643847766808274	0.4926929848566384	0.7421718004087073	1.4763680699245814	0.7582014467966592	0.7163968118917303	3.7734344797737287
4.302771488256783	7.301608473215791	4.871695647151093	1.8728586621920085	4.444468085216638	2.3321603615577153	6.575681635730501	3.164236883240989	0.7266506560190891	0.43010487163391037	1.2459965559060604	1.171275686042655	0.590984172314459	3.8099711277015156
4.4269900001089715	7.345557874969567	4.916669893288359	1.998102018427742	4.522476196209857	2.284429679413296	6.8180416519332665	3.070612850331422	0.559581422914655	0.5862333713516504	1.254557370105295	1.5013084466480227	0.5396121456814766	3.8006129647529807
4.568914315756479	7.37704252464879	4.905625438404414	2.097497229512054	4.516349791148501	2.26385991128987	6.934106388700336	3.0810486051209334	0.5926498936295134	0.6824413769597185	1.2136046698392509	1.618582910232761	0.37567474747417035	3.773750691176988
4.610093005001304	7.375811946540946	4.922236067844637	2.1565171263049123	4.523364093856277	2.2485906486066813	6.9806608287967835	3.086162611673552	0.5643015190169777	0.798998332799295	1.2263229416473285	1.5940085174698109	0.44069709604164725	3.823949961705092
4.6655082103955445	7.394111891888702	4.920698219493203	2.1920945379999606	4.493102427254578	2.2918187212607304	6.993571853099122	3.0124203134105705	0.5837368605029696	0.7392999302990589	1.4241500145164254	1.5737823256686034	0.5631850762280316	3.991230963970787
5.024069720306138	7.424234296689146	5.051143242534382	2.650978666151309	4.5152739584279695	2.3485424636378585	5.760168941498541	3.224643535977465	0.27514838736573966	0.37571532427406734	1.5638230497027907	1.5689710207956142	0.7036831065026231	4.129223007091822
5.072920670080059	7.383075476841799	5.075859858810314	2.765705052048551	4.5505186936765325	2.2475695214032623	6.095467553436567	2.9799506307971346	0.26380998091668867	0.33954614039234277	1.5615732342935205	1.5796109163710481	0.6966421918683611	4.000797359417546
5.124634218165576	7.365440947706194	5.067554543680775	2.8267478141401887	4.507205293194684	2.380626819810995	5.89537466423648	3.014389288216027	0.3158748692340944	0.41928473916982467	1.8481616085746253	1.5875323266181223	0.9522050455437259	4.109732362350427
5.20921627405221	7.379517374754683	5.05709670447163	2.8867956037691194	4.492355454705197	2.3348881565643502	5.808700327397765	3.3621750108561397	0.28795449259451783	0.6967931268666557	1.7119840565892488	1.4757001629252102	0.9214348836588276	4.24113978286175
5.272931826193232	7.371660227542928	5.060662394818858	2.961933993469149	4.525724145593478	2.2040807544239924	6.410738513353421	3.1160047179566503	0.17496901383603639	0.5597574658451526	1.6565958492967028	1.48493854918188	0.8560422724880837	4.2071368399678555
5.583255003494522	7.505042620188793	5.067718009807669	3.145930393113387	4.470382488604919	2.623331280691868	4.855379251632742	3.4370888914555686	0.4448835390375334	0.5222827470354019	1.5005221082364832	1.6530129755375362	0.8402508252744081	4.189941811218333
5.625640247018514	7.523646805223019	5.065374968577609	3.1673684103730912	4.473684276769724	2.5700463856926734	5.068127352079794	3.1885817488840154	0.3872594125432643	0.5328358466267212	1.4568806636759504	1.5927847099976384	1.013917276312704	3.976762802890254
5.705596631981393	7.58489516739187	5.078650837757073	3.199352302346616	4.51802852543077	2.5347600819348224	5.23622006153116	3.1688900317513884	0.4462888476933025	0.5720612101427244	1.1633388736514922	1.5006898772830226	0.9972884740410707	3.7251284405592653
5.743819609666684	7.606028119783683	5.060818043914884	3.19860953379791	4.532129972740967	2.504991007896988	5.534561659936439	3.029261466713692	0.4674798020011259	0.5575750648261066	1.2366123222302168	1.4389179719371237	0.9581026501350092	3.6506240990268446
5.738611332837107	7.581210667331529	5.030381222976263	3.187781888481878	4.575314757588587	2.4840873959521987	5.832915147478012	2.9514093401227517	0.3566591944873343	0.5574417291419137	1.0830415746246038	1.4208903255178973	0.9387673728689859	3.480779902169534
5.782452037793862	7.626685901380163	5.268458489215655	3.424224625629428	4.572382497826606	2.7596972670149627	4.849493055029119	3.253096003005552	0.4849233454970099	0.38323933992274545	1.07824214257994	1.9753537172108804	1.1434685547572128	3.245195421226295
5.334276370082319	7.3696401033400285	5.665926383711224	3.1182618838995353	4.535153143455416	3.14022249057667	4.644590164612125	3.328865007071469	0.4548072396595373	0.5062889514132505	1.6620130958222987	1.8988145461915273	1.8629389387317241	3.3212834165266614
5.415973414192483	7.396350322062247	5.667975785973653	3.239245641993346	4.6246554114054765	2.7283522188284763	6.555211953978589	2.1562933036698113	0.5250198381703571	0.5721383948536805	1.5369363526998445	1.7872040306134667	1.9364864814492113	3.358151582249628
5.252889042980972	7.411573613787617	5.760397492315243	3.1267983251008786	4.737011480625621	2.770706328150475	6.623896008223689	2.080995373127398	0.392739684927407	0.6294595758954061	1.354223733323643	1.9206304242264582	1.8101035930239062	3.2101843402488726
5.257330519352249	7.3115657401109	5.808661268080304	3.156400778284258	4.754485327375027	2.785541248510519	6.608987943727089	2.144781960986858	0.4921655589492268	0.4518279512251962	1.3238225224022597	1.7565804161414655	1.8089556534681257	3.3190686549983983
5.226135314617278	7.252036405725853	5.671093461416916	3.0441466998760194	4.785706603951194	2.871233258907475	6.530505236087477	2.193286395027441	0.4903384385266842	0.4021097278732835	1.3253385358518492	1.7397806225534642	1.847905264763532	3.162978040607943
4.284898263744287	7.250517946044545	5.641849744949198	2.129937749549511	4.709478033143296	3.441758404317072	4.210697121500874	4.328003335003489	0.6988583957463086	0.6080973378647595	0.8273291004784259	1.6889388630180449	1.1528206860457948	2.5325405674774957
3.9747356238358336	7.262002891229546	5.467710333987241	2.1804430665940306	4.686458831212846	3.3603254290270486	4.078193120789974	4.434473752498399	0.557505050319734	0.5827036140549077	0.5589132949518664	1.6211948759057073	1.134173258366818	2.503777832147882
4.320952756285824	7.349349009916247	5.436526372814963	2.4081301191847	4.839672190735096	3.5912412061365457	3.5888206959353304	5.203617691324671	0.6272803964919519	0.7070369866427367	0.4107778188760171	2.105562871206615	1.1202273947241133	2.812696039879585
4.36088390404538	7.349556714382728	5.411776995022908	2.4231041846856454	4.79731641333344	3.621984777632191	3.595540613121413	5.044302217359097	0.6547380648483133	0.6651395220081523	0.38243516755098533	2.3213388552734426	1.1672427198783197	2.9336089117037623
4.357492448013827	7.3275146908796485	5.356814895234375	2.3867926523686065	4.818192901295916	3.80172361356864	3.6142573069862487	5.188412408941857	0.5715414965209352	0.47989747403576405	0.6941771090579216	2.5306135222323918	1.476888053189202	2.986400645203023
3.6578396941078046	7.172144423116876	5.657888926104516	1.9533477982566654	4.563754945058126	3.8586304104011546	3.448566980820562	4.985101013145239	0.4971454953658821	0.46711031298622613	1.3215008960378722	2.52941480741741	1.3160185082299536	2.6075064245841038
4.14569214324553	6.964266467332821	5.719047820594458	2.2153130765232514	4.555707103961285	4.119403315888649	3.851052975154689	4.613616293670118	0.6441044257195184	0.49295543553838717	1.3356457147773602	2.326751144904398	1.7602815810141133	2.987450567219818
3.5275145633397216	7.404491931503595	5.455307574504977	1.99880100747329	4.688682950856925	4.097129034457396	3.452924649768766	5.252194047608942	0.6216130827706511	0.671118611676519	1.222649091317159	2.7916200278760477	0.9797598059790397	2.6856999896752725
3.365909787218347	7.307919873300431	5.580028041094068	1.6908256482075377	4.714942525681079	3.9416434550684802	3.343191846915547	5.281332653022939	0.5896879506614527	0.5964615798439816	1.015578042009844	3.0024303166649955	0.8523643665072762	2.8791678095831785
3.832580379860206	7.304652170064215	5.495335596691475	2.023263806487519	4.8754052210326	3.812993285257298	3.350831780985368	5.427956607841197	0.5681687981421931	0.5531061501619777	0.8897153426135068	2.877607768870511	1.1023278392813107	3.063008717442017
3.983244702903074	7.313427732063846	5.509180204993483	2.178997175832698	4.90594198442562	3.8206473707089663	3.3736049510790713	5.413730132635237	0.584151209937886	0.4053346525161947	0.8083303305334786	2.5955183664192716	1.0617670631251774	3.113218970908123
4.012993793631095	7.324886023642264	5.4978420982159335	2.185949868204836	4.876764581941759	3.7451233163857154	3.3729830096606537	5.453222483713733	0.5904314698878907	0.3660312325060779	0.6821010791762151	2.5927114789640773	1.092236966998363	3.1550206044944837
3.873825453024926	7.341886312221912	5.559097251078344	2.0910363918814032	4.864231617203226	3.763322600700709	3.3613689897905705	5.51552630913183	0.6411592712870159	0.4218540672040638	0.6600679910708696	2.562286475249189	0.966132074061035	3.0852304402389934
4.030536342373208	7.4224343748556025	5.476007021204521	2.0841089887221957	4.861134542494827	3.9344247330272117	3.3668858154246757	5.491585820777309	0.6302453425896758	0.3927452899221889	0.645529412123586	2.6332010991102477	1.0618060578969593	3.138191040306438
4.076283370155234	7.435989705769284	5.497811566266173	2.1381052306521497	4.838622300117259	4.104463567286763	3.348894050505063	5.332630197968375	0.6413002923446453	0.3068386538627276	0.5494026731467	2.6208882234530133	1.1856611278647862	3.137047417253267
4.324827749496035	7.439272883581417	5.400406227876175	2.285961093790823	4.876093958569427	4.021295333412187	3.3398825095390916	5.382077692060943	0.5666732942373923	0.47025100431144334	0.6337487977706667	2.645039166308586	0.978731809329738	3.3144451756239257
3.988679806280498	7.325120138549032	5.514680988641929	2.1782406563734917	4.738645341173885	3.8541068151489224	3.3180105184638458	5.261942623039386	0.6154378180808737	0.5993349526362298	0.9811819374531323	2.177334619389331	1.5010464150218585	3.1295267457191165
4.343680956203275	7.428609456029171	5.326089816696202	2.2411613168702442	4.791427958225573	3.964276210920415	3.3303534443635012	5.3927693596990816	0.5941585691679169	0.6767480363285722	0.5942110456014036	2.053268494771588	1.1825839535961125	3.291330043895744
4.8587661729206	7.500585670512653	5.199257608709792	2.55743811111776	4.8909624855127385	3.644801137108619	4.554632497386346	4.2114804707191	0.853647380283737	0.7001582908728636	0.7645919898635912	2.245303869224477	1.2490051236784196	3.6670944151248146
